Time(Seconds), Inputs 
0.0, 0.20623119175434113 
1.0, 0.2751381993293762 
2.0, 0.31267857551574707 
3.0, 0.34439194202423096 
4.0, 0.37195631861686707 
5.0, 0.39789432287216187 
6.0, 0.42233505845069885 
7.0, 0.441909521818161 
8.0, 0.46362701058387756 
9.0, 0.48191285133361816 
10.0, 0.5001987218856812 
11.0, 0.517059862613678 
12.0, 0.5333258509635925 
13.0, 0.5505615472793579 
14.0, 0.5648394823074341 
15.0, 0.579117476940155 
16.0, 0.593216598033905 
17.0, 0.6065467596054077 
18.0, 0.6198768615722656 
19.0, 0.6320734024047852 
20.0, 0.6436479687690735 
21.0, 0.6552126407623291 
22.0, 0.6667772531509399 
23.0, 0.6778520941734314 
24.0, 0.687197208404541 
25.0, 0.6964022517204285 
26.0, 0.7055943608283997 
27.0, 0.7147864699363708 
28.0, 0.722875714302063 
29.0, 0.7302685976028442 
30.0, 0.7377259731292725 
31.0, 0.7455539703369141 
32.0, 0.7533809542655945 
33.0, 0.7611691951751709 
34.0, 0.7680235505104065 
35.0, 0.7748788595199585 
36.0, 0.781309962272644 
37.0, 0.7870506048202515 
38.0, 0.7927911877632141 
39.0, 0.7985317707061768 
40.0, 0.8038709759712219 
41.0, 0.8068545460700989 
42.0, 0.8109260201454163 
43.0, 0.8156710863113403 
44.0, 0.8204161524772644 
45.0, 0.8251612782478333 
46.0, 0.8299063444137573 
47.0, 0.8346503973007202 
48.0, 0.8405867218971252 
49.0, 0.8464425802230835 
50.0, 0.850223958492279 
51.0, 0.8540043234825134 
52.0, 0.8577856421470642 
53.0, 0.8615044355392456 
54.0, 0.8646708130836487 
55.0, 0.8678371906280518 
56.0, 0.8710035681724548 
57.0, 0.8741698861122131 
58.0, 0.8773362636566162 
59.0, 0.881269633769989 
60.0, 0.8866744041442871 
61.0, 0.89024418592453 
62.0, 0.8928511738777161 
63.0, 0.8954572081565857 
64.0, 0.8980641961097717 
65.0, 0.9011401534080505 
66.0, 0.904563844203949 
67.0, 0.9079875349998474 
68.0, 0.9114112257957458 
69.0, 0.9148339629173279 
70.0, 0.9182576537132263 
71.0, 0.921387255191803 
72.0, 0.9244453310966492 
73.0, 0.9275034070014954 
74.0, 0.9305614829063416 
75.0, 0.933201253414154 
76.0, 0.935757577419281 
77.0, 0.9383934140205383 
78.0, 0.9410292506217957 
79.0, 0.943665087223053 
80.0, 0.9463009238243103 
81.0, 0.9489367008209229 
82.0, 0.9517186284065247 
83.0, 0.9548799991607666 
84.0, 0.9580414295196533 
85.0, 0.9612028002738953 
86.0, 0.964364230632782 
87.0, 0.9675256013870239 
88.0, 0.9700948596000671 
89.0, 0.9720958471298218 
90.0, 0.9742388725280762 
91.0, 0.9768508672714233 
92.0, 0.9794638156890869 
93.0, 0.9820758104324341 
94.0, 0.9843211770057678 
95.0, 0.9864383935928345 
96.0, 0.9885555505752563 
97.0, 0.9906737804412842 
98.0, 0.9927909970283508 
99.0, 0.9949081540107727 
100.0, 0.36568883362644194 
