Time(Seconds), Inputs 
0.0, 0.09265923500061035 
1.0, 0.20952075719833374 
2.0, 0.2621716856956482 
3.0, 0.30643031001091003 
4.0, 0.341251403093338 
5.0, 0.37423548102378845 
6.0, 0.4024099111557007 
7.0, 0.42868468165397644 
8.0, 0.4513847827911377 
9.0, 0.4724326431751251 
10.0, 0.48962461948394775 
11.0, 0.5061250925064087 
12.0, 0.5242499709129333 
13.0, 0.5373337268829346 
14.0, 0.550418496131897 
15.0, 0.5644172430038452 
16.0, 0.5734801888465881 
17.0, 0.5827309489250183 
18.0, 0.592750608921051 
19.0, 0.6027703285217285 
20.0, 0.6082923412322998 
21.0, 0.6159514784812927 
22.0, 0.6235211491584778 
23.0, 0.6294206976890564 
24.0, 0.6353212594985962 
25.0, 0.6475287079811096 
26.0, 0.6525946855545044 
27.0, 0.6576616764068604 
28.0, 0.6629611253738403 
29.0, 0.6682824492454529 
30.0, 0.6738074421882629 
31.0, 0.6797070503234863 
32.0, 0.6856075525283813 
33.0, 0.6919443011283875 
34.0, 0.6959055066108704 
35.0, 0.7000285983085632 
36.0, 0.7047389149665833 
37.0, 0.7094492316246033 
38.0, 0.7141644954681396 
39.0, 0.718883752822876 
40.0, 0.7236824631690979 
41.0, 0.7295244336128235 
42.0, 0.7339168190956116 
43.0, 0.7372024059295654 
44.0, 0.7407403588294983 
45.0, 0.7442783117294312 
46.0, 0.7489190697669983 
47.0, 0.7536293268203735 
48.0, 0.7581280469894409 
49.0, 0.7622591257095337 
50.0, 0.7663912177085876 
51.0, 0.7761684656143188 
52.0, 0.7796944975852966 
53.0, 0.7834997177124023 
54.0, 0.7882080078125 
55.0, 0.7929163575172424 
56.0, 0.7968596816062927 
57.0, 0.8004085421562195 
58.0, 0.8042336106300354 
59.0, 0.810579240322113 
60.0, 0.8169249296188354 
61.0, 0.8182214498519897 
62.0, 0.8229476809501648 
63.0, 0.8276728987693787 
64.0, 0.8323990702629089 
65.0, 0.837125301361084 
66.0, 0.8418484926223755 
67.0, 0.8465697765350342 
68.0, 0.8512910008430481 
69.0, 0.8565159440040588 
70.0, 0.8618213534355164 
71.0, 0.866797924041748 
72.0, 0.8709230422973633 
73.0, 0.8750491738319397 
74.0, 0.8795786499977112 
75.0, 0.8842979073524475 
76.0, 0.8892476558685303 
77.0, 0.8960493206977844 
78.0, 0.9018574953079224 
79.0, 0.9028868079185486 
80.0, 0.9070119261741638 
81.0, 0.9111379981040955 
82.0, 0.9158552885055542 
83.0, 0.9205864667892456 
84.0, 0.925554096698761 
85.0, 0.9308575391769409 
86.0, 0.9361599683761597 
87.0, 0.942966639995575 
88.0, 0.9469218850135803 
89.0, 0.950090229511261 
90.0, 0.9536410570144653 
91.0, 0.9571929574012756 
92.0, 0.9624029994010925 
93.0, 0.9682976007461548 
94.0, 0.9739507436752319 
95.0, 0.9780738949775696 
96.0, 0.9821969866752625 
97.0, 0.9877527952194214 
98.0, 0.9911814332008362 
99.0, 0.9946110844612122 
100.0, 0.8206175294563509 
