Time(Seconds), Inputs 
0.0, 0.178084596991539 
1.0, 0.2539641559123993 
2.0, 0.29775184392929077 
3.0, 0.33201658725738525 
4.0, 0.36386606097221375 
5.0, 0.39406925439834595 
6.0, 0.4198264181613922 
7.0, 0.44365018606185913 
8.0, 0.4645708501338959 
9.0, 0.48531171679496765 
10.0, 0.5058061480522156 
11.0, 0.524711012840271 
12.0, 0.5420559644699097 
13.0, 0.5594019293785095 
14.0, 0.5756182670593262 
15.0, 0.5914938449859619 
16.0, 0.6061304807662964 
17.0, 0.6181928515434265 
18.0, 0.6302552819252014 
19.0, 0.6423186659812927 
20.0, 0.653842568397522 
21.0, 0.6644633412361145 
22.0, 0.6750831604003906 
23.0, 0.6857039332389832 
24.0, 0.6938727498054504 
25.0, 0.7024965286254883 
26.0, 0.7111193537712097 
27.0, 0.7197421789169312 
28.0, 0.7283649444580078 
29.0, 0.7351815700531006 
30.0, 0.741701066493988 
31.0, 0.7482206225395203 
32.0, 0.7547391057014465 
33.0, 0.7612457275390625 
34.0, 0.7677344679832458 
35.0, 0.774222195148468 
36.0, 0.7787625789642334 
37.0, 0.7828996181488037 
38.0, 0.7880480885505676 
39.0, 0.7932084798812866 
40.0, 0.798369824886322 
41.0, 0.803530216217041 
42.0, 0.8089518547058105 
43.0, 0.8145782351493835 
44.0, 0.8190520405769348 
45.0, 0.8217435479164124 
46.0, 0.8245760798454285 
47.0, 0.8283653855323792 
48.0, 0.8321546912193298 
49.0, 0.8359439969062805 
50.0, 0.8397333025932312 
51.0, 0.8432812094688416 
52.0, 0.846727728843689 
53.0, 0.8501752614974976 
54.0, 0.853621780872345 
55.0, 0.8575452566146851 
56.0, 0.8616693615913391 
57.0, 0.8642594814300537 
58.0, 0.8668496012687683 
59.0, 0.8694397211074829 
60.0, 0.8727551102638245 
61.0, 0.8761857748031616 
62.0, 0.8796164393424988 
63.0, 0.8830470442771912 
64.0, 0.886627733707428 
65.0, 0.8904150724411011 
66.0, 0.894201397895813 
67.0, 0.8979886770248413 
68.0, 0.901775062084198 
69.0, 0.9039776921272278 
70.0, 0.9068936705589294 
71.0, 0.9098106622695923 
72.0, 0.9127276539802551 
73.0, 0.9155462980270386 
74.0, 0.9182894229888916 
75.0, 0.9210335612297058 
76.0, 0.9237766861915588 
77.0, 0.9265217781066895 
78.0, 0.9292768239974976 
79.0, 0.9320328831672668 
80.0, 0.934787929058075 
81.0, 0.9375429749488831 
82.0, 0.9415766596794128 
83.0, 0.9460793733596802 
84.0, 0.9488502740859985 
85.0, 0.9516222476959229 
86.0, 0.9541864991188049 
87.0, 0.9562441110610962 
88.0, 0.9583007097244263 
89.0, 0.9603573083877563 
90.0, 0.9624139070510864 
91.0, 0.9650576710700989 
92.0, 0.9678097367286682 
93.0, 0.9705628156661987 
94.0, 0.9733148813247681 
95.0, 0.9764166474342346 
96.0, 0.9800102710723877 
97.0, 0.9836028218269348 
98.0, 0.9871964454650879 
99.0, 0.9871129989624023 
100.0, 0.4759920626471753 
