Time(Seconds), Inputs 
0.0, 0.05570602044463158 
1.0, 0.21756534278392792 
2.0, 0.26538971066474915 
3.0, 0.30561062693595886 
4.0, 0.33976808190345764 
5.0, 0.3711317181587219 
6.0, 0.39947304129600525 
7.0, 0.42582035064697266 
8.0, 0.45031076669692993 
9.0, 0.47399047017097473 
10.0, 0.494723379611969 
11.0, 0.5143644213676453 
12.0, 0.5324336886405945 
13.0, 0.5505028963088989 
14.0, 0.5640814304351807 
15.0, 0.5791751146316528 
16.0, 0.5942687392234802 
17.0, 0.606187105178833 
18.0, 0.6178232431411743 
19.0, 0.6294783353805542 
20.0, 0.6407021880149841 
21.0, 0.6504228711128235 
22.0, 0.6597927808761597 
23.0, 0.6691617369651794 
24.0, 0.6785306930541992 
25.0, 0.6860387921333313 
26.0, 0.6925195455551147 
27.0, 0.6990002989768982 
28.0, 0.7059768438339233 
29.0, 0.7134332656860352 
30.0, 0.7208886742591858 
31.0, 0.7240719199180603 
32.0, 0.7298781275749207 
33.0, 0.735683262348175 
34.0, 0.7414894700050354 
35.0, 0.7469826340675354 
36.0, 0.7523387670516968 
37.0, 0.7576958537101746 
38.0, 0.7629854083061218 
39.0, 0.7677553296089172 
40.0, 0.7719857692718506 
41.0, 0.7762171626091003 
42.0, 0.7802677750587463 
43.0, 0.784293532371521 
44.0, 0.7883192896842957 
45.0, 0.7925586700439453 
46.0, 0.7970265746116638 
47.0, 0.8014954328536987 
48.0, 0.8078579902648926 
49.0, 0.8113462924957275 
50.0, 0.8141122460365295 
51.0, 0.8168781995773315 
52.0, 0.820185661315918 
53.0, 0.8237583637237549 
54.0, 0.8273311257362366 
55.0, 0.8307846188545227 
56.0, 0.8339082598686218 
57.0, 0.837031900882721 
58.0, 0.8401555418968201 
59.0, 0.8466213941574097 
60.0, 0.8517986536026001 
61.0, 0.8534111976623535 
62.0, 0.8561135530471802 
63.0, 0.8601284027099609 
64.0, 0.8641422390937805 
65.0, 0.8681372404098511 
66.0, 0.8717109560966492 
67.0, 0.8752846717834473 
68.0, 0.8788583874702454 
69.0, 0.8828424215316772 
70.0, 0.8870579600334167 
71.0, 0.8912744522094727 
72.0, 0.8931482434272766 
73.0, 0.8967328667640686 
74.0, 0.9003165364265442 
75.0, 0.9039002060890198 
76.0, 0.907097339630127 
77.0, 0.9102180004119873 
78.0, 0.9133386611938477 
79.0, 0.9168408513069153 
80.0, 0.9208626747131348 
81.0, 0.9248844385147095 
82.0, 0.9289191365242004 
83.0, 0.9336205124855042 
84.0, 0.9374614953994751 
85.0, 0.9400228261947632 
86.0, 0.9432080388069153 
87.0, 0.9467728137969971 
88.0, 0.95033860206604 
89.0, 0.9539053440093994 
90.0, 0.9574770927429199 
91.0, 0.9610497951507568 
92.0, 0.9646215438842773 
93.0, 0.9681952595710754 
94.0, 0.9717689752578735 
95.0, 0.9753416776657104 
96.0, 0.9794568419456482 
97.0, 0.9833683967590332 
98.0, 0.9872798919677734 
99.0, 0.9911913871765137 
100.0, 0.6189921605866147 
