Time(Seconds), Inputs 
0.0, 0.17010857164859772 
1.0, 0.24841631948947906 
2.0, 0.29401320219039917 
3.0, 0.3289336562156677 
4.0, 0.3598670959472656 
5.0, 0.38778021931648254 
6.0, 0.41310521960258484 
7.0, 0.4393034875392914 
8.0, 0.46319979429244995 
9.0, 0.4844622313976288 
10.0, 0.5041847229003906 
11.0, 0.5219966769218445 
12.0, 0.5395641922950745 
13.0, 0.5571317076683044 
14.0, 0.570415198802948 
15.0, 0.5835197567939758 
16.0, 0.6034042239189148 
17.0, 0.6165565252304077 
18.0, 0.6297078132629395 
19.0, 0.6428591012954712 
20.0, 0.6531271934509277 
21.0, 0.6635473370552063 
22.0, 0.6739674210548401 
23.0, 0.6843875050544739 
24.0, 0.6934842467308044 
25.0, 0.7020325660705566 
26.0, 0.710561990737915 
27.0, 0.7190923690795898 
28.0, 0.7276217937469482 
29.0, 0.731167733669281 
30.0, 0.7374219298362732 
31.0, 0.7436752319335938 
32.0, 0.7499284744262695 
33.0, 0.7563148736953735 
34.0, 0.7638407945632935 
35.0, 0.7713667750358582 
36.0, 0.7766553163528442 
37.0, 0.7815931439399719 
38.0, 0.786008358001709 
39.0, 0.7901901006698608 
40.0, 0.7943718433380127 
41.0, 0.7985536456108093 
42.0, 0.8030334115028381 
43.0, 0.8082275986671448 
44.0, 0.8134217262268066 
45.0, 0.8164142370223999 
46.0, 0.8181618452072144 
47.0, 0.8217425346374512 
48.0, 0.825559675693512 
49.0, 0.829376757144928 
50.0, 0.83319491147995 
51.0, 0.8371819257736206 
52.0, 0.8413626551628113 
53.0, 0.8455424308776855 
54.0, 0.849723219871521 
55.0, 0.8538632392883301 
56.0, 0.8574667572975159 
57.0, 0.8597568273544312 
58.0, 0.8617061376571655 
59.0, 0.8636564016342163 
60.0, 0.8668347001075745 
61.0, 0.8706727027893066 
62.0, 0.8745107054710388 
63.0, 0.878348708152771 
64.0, 0.8820008635520935 
65.0, 0.8851205706596375 
66.0, 0.8882392048835754 
67.0, 0.8913578987121582 
68.0, 0.8944776058197021 
69.0, 0.899753212928772 
70.0, 0.9032285809516907 
71.0, 0.9060044884681702 
72.0, 0.9087793827056885 
73.0, 0.9115533232688904 
74.0, 0.9143242835998535 
75.0, 0.9170961976051331 
76.0, 0.9198671579360962 
77.0, 0.9226639270782471 
78.0, 0.9264919757843018 
79.0, 0.9303200244903564 
80.0, 0.9341480731964111 
81.0, 0.9379761219024658 
82.0, 0.9415528178215027 
83.0, 0.944304883480072 
84.0, 0.9453054070472717 
85.0, 0.9463058710098267 
86.0, 0.9479074478149414 
87.0, 0.9517365097999573 
88.0, 0.955564558506012 
89.0, 0.9593936204910278 
90.0, 0.9632216691970825 
91.0, 0.9667626023292542 
92.0, 0.9702359437942505 
93.0, 0.9737092852592468 
94.0, 0.9771836996078491 
95.0, 0.9811081290245056 
96.0, 0.9857180714607239 
97.0, 0.9889987111091614 
98.0, 0.9917994141578674 
99.0, 0.9946011900901794 
100.0, 0.47831705977286565 
