Time(Seconds), Inputs 
0.0, 0.2747825086116791 
1.0, 0.32546526193618774 
2.0, 0.3562665581703186 
3.0, 0.3795647621154785 
4.0, 0.40013372898101807 
5.0, 0.41775888204574585 
6.0, 0.43389075994491577 
7.0, 0.4499809145927429 
8.0, 0.4644218385219574 
9.0, 0.4788617491722107 
10.0, 0.4931237995624542 
11.0, 0.5052487850189209 
12.0, 0.51737380027771 
13.0, 0.5296269655227661 
14.0, 0.5413257479667664 
15.0, 0.5518392324447632 
16.0, 0.5623537302017212 
17.0, 0.572867214679718 
18.0, 0.5830608010292053 
19.0, 0.5924535989761353 
20.0, 0.601845383644104 
21.0, 0.6112381815910339 
22.0, 0.6206309795379639 
23.0, 0.628623902797699 
24.0, 0.6361587643623352 
25.0, 0.6436936855316162 
26.0, 0.652046263217926 
27.0, 0.6604624390602112 
28.0, 0.6685000658035278 
29.0, 0.6759673953056335 
30.0, 0.6834357380867004 
31.0, 0.6909040808677673 
32.0, 0.6983724236488342 
33.0, 0.7058407664299011 
34.0, 0.7127030491828918 
35.0, 0.7193040251731873 
36.0, 0.7259060144424438 
37.0, 0.7325069904327393 
38.0, 0.7393295168876648 
39.0, 0.7463289499282837 
40.0, 0.7528365254402161 
41.0, 0.7585453391075134 
42.0, 0.764254093170166 
43.0, 0.7699629068374634 
44.0, 0.7756717205047607 
45.0, 0.7813805341720581 
46.0, 0.7870893478393555 
47.0, 0.7927981019020081 
48.0, 0.7974507808685303 
49.0, 0.8020170331001282 
50.0, 0.8068098425865173 
51.0, 0.8122394680976868 
52.0, 0.8176690936088562 
53.0, 0.8230986595153809 
54.0, 0.8285282850265503 
55.0, 0.8339579105377197 
56.0, 0.8387576341629028 
57.0, 0.8425320386886597 
58.0, 0.8463074564933777 
59.0, 0.8500818610191345 
60.0, 0.8538562655448914 
61.0, 0.8576316833496094 
62.0, 0.8614060878753662 
63.0, 0.8659256100654602 
64.0, 0.8704948425292969 
65.0, 0.8750640749931335 
66.0, 0.8796333074569702 
67.0, 0.8835070729255676 
68.0, 0.8869377374649048 
69.0, 0.8903683423995972 
70.0, 0.8938000202178955 
71.0, 0.8972306251525879 
72.0, 0.900661289691925 
73.0, 0.9040919542312622 
74.0, 0.9075225591659546 
75.0, 0.9112483263015747 
76.0, 0.9151459336280823 
77.0, 0.9190425276756287 
78.0, 0.922939121723175 
79.0, 0.925965428352356 
80.0, 0.9286737442016602 
81.0, 0.9313821196556091 
82.0, 0.9340904951095581 
83.0, 0.9367988109588623 
84.0, 0.9395071864128113 
85.0, 0.9422155022621155 
86.0, 0.9449238777160645 
87.0, 0.9476262927055359 
88.0, 0.9503167271614075 
89.0, 0.9530072212219238 
90.0, 0.9556976556777954 
91.0, 0.958389163017273 
92.0, 0.9610795974731445 
93.0, 0.9637700915336609 
94.0, 0.9664605259895325 
95.0, 0.9686214327812195 
96.0, 0.9707645177841187 
97.0, 0.972907543182373 
98.0, 0.9750515818595886 
99.0, 0.977194607257843 
100.0, 0.17109594232644493 
