Time(Seconds), Inputs 
0.0, 0.2969580292701721 
1.0, 0.34796664118766785 
2.0, 0.37458619475364685 
3.0, 0.39718395471572876 
4.0, 0.41824471950531006 
5.0, 0.43397125601768494 
6.0, 0.4493579864501953 
7.0, 0.46474573016166687 
8.0, 0.47810766100883484 
9.0, 0.4908277690410614 
10.0, 0.5035479068756104 
11.0, 0.5157344937324524 
12.0, 0.5271798968315125 
13.0, 0.5386252999305725 
14.0, 0.5500707626342773 
15.0, 0.5602126717567444 
16.0, 0.5698111057281494 
17.0, 0.5794095396995544 
18.0, 0.5895156860351562 
19.0, 0.5998732447624207 
20.0, 0.609437882900238 
21.0, 0.619001567363739 
22.0, 0.62856525182724 
23.0, 0.638128936290741 
24.0, 0.6461805105209351 
25.0, 0.653877317905426 
26.0, 0.6615741848945618 
27.0, 0.6692710518836975 
28.0, 0.6769678592681885 
29.0, 0.684435248374939 
30.0, 0.6913362741470337 
31.0, 0.6982372999191284 
32.0, 0.7053111791610718 
33.0, 0.7124109268188477 
34.0, 0.7195106744766235 
35.0, 0.7264216542243958 
36.0, 0.7327255606651306 
37.0, 0.7390285134315491 
38.0, 0.7453324198722839 
39.0, 0.7516363263130188 
40.0, 0.7579392790794373 
41.0, 0.7642431855201721 
42.0, 0.7704457640647888 
43.0, 0.7765440344810486 
44.0, 0.7826433181762695 
45.0, 0.7885756492614746 
46.0, 0.794032096862793 
47.0, 0.7994894981384277 
48.0, 0.8049469590187073 
49.0, 0.810350775718689 
50.0, 0.8152071237564087 
51.0, 0.8200644850730896 
52.0, 0.8249217867851257 
53.0, 0.8297781944274902 
54.0, 0.8346354961395264 
55.0, 0.8394928574562073 
56.0, 0.844349205493927 
57.0, 0.8492065668106079 
58.0, 0.8540947437286377 
59.0, 0.8583430647850037 
60.0, 0.8623300790786743 
61.0, 0.866317093372345 
62.0, 0.8703041076660156 
63.0, 0.8742911219596863 
64.0, 0.8782771229743958 
65.0, 0.8822641372680664 
66.0, 0.8862512111663818 
67.0, 0.8902382254600525 
68.0, 0.894224226474762 
69.0, 0.8979519605636597 
70.0, 0.9016250371932983 
71.0, 0.9052990674972534 
72.0, 0.9089721441268921 
73.0, 0.9126471877098083 
74.0, 0.9163212776184082 
75.0, 0.9199953079223633 
76.0, 0.9236703515052795 
77.0, 0.9273444414138794 
78.0, 0.9310184717178345 
79.0, 0.9346935153007507 
80.0, 0.9380943775177002 
81.0, 0.9407321810722351 
82.0, 0.94336998462677 
83.0, 0.9460088014602661 
84.0, 0.948646605014801 
85.0, 0.9512844085693359 
86.0, 0.9541696310043335 
87.0, 0.9572932720184326 
88.0, 0.9604159593582153 
89.0, 0.9635385870933533 
90.0, 0.9666612148284912 
91.0, 0.9697848558425903 
92.0, 0.972907543182373 
93.0, 0.976030170917511 
94.0, 0.9791528582572937 
95.0, 0.9811081290245056 
96.0, 0.9827007055282593 
97.0, 0.9842943549156189 
98.0, 0.9858869314193726 
99.0, 0.9874805808067322 
100.0, 0.15527659375146377 
