Time(Seconds), Inputs 
0.0, 0.1775292158126831 
1.0, 0.2541976571083069 
2.0, 0.29926300048828125 
3.0, 0.3367358148097992 
4.0, 0.3688336908817291 
5.0, 0.3990418314933777 
6.0, 0.42594555020332336 
7.0, 0.4501557946205139 
8.0, 0.4732035994529724 
9.0, 0.49440842866897583 
10.0, 0.515522837638855 
11.0, 0.5351290702819824 
12.0, 0.5533374547958374 
13.0, 0.5693938136100769 
14.0, 0.5855118036270142 
15.0, 0.6016297936439514 
16.0, 0.6162664294242859 
17.0, 0.6290212869644165 
18.0, 0.6417751908302307 
19.0, 0.6524794697761536 
20.0, 0.6632333993911743 
21.0, 0.6748645901679993 
22.0, 0.6864957809448242 
23.0, 0.6956958174705505 
24.0, 0.7046186923980713 
25.0, 0.7133627533912659 
26.0, 0.7221067547798157 
27.0, 0.7302476763725281 
28.0, 0.7359247207641602 
29.0, 0.7427671551704407 
30.0, 0.7496095299720764 
31.0, 0.7564529776573181 
32.0, 0.7626644968986511 
33.0, 0.7682282328605652 
34.0, 0.7733756899833679 
35.0, 0.7776100635528564 
36.0, 0.7822379469871521 
37.0, 0.7872244715690613 
38.0, 0.7922099828720093 
39.0, 0.7971964478492737 
40.0, 0.8020329475402832 
41.0, 0.8067561984062195 
42.0, 0.8114784359931946 
43.0, 0.8152259588241577 
44.0, 0.8183048963546753 
45.0, 0.8221240639686584 
46.0, 0.8259421586990356 
47.0, 0.829761266708374 
48.0, 0.8333399295806885 
49.0, 0.8367745876312256 
50.0, 0.8402101993560791 
51.0, 0.8436447978019714 
52.0, 0.8479398488998413 
53.0, 0.8526978492736816 
54.0, 0.8574071526527405 
55.0, 0.8616733551025391 
56.0, 0.8651179075241089 
57.0, 0.8681719899177551 
58.0, 0.8712270855903625 
59.0, 0.8742811679840088 
60.0, 0.8770700097084045 
61.0, 0.8797485828399658 
62.0, 0.8824270963668823 
63.0, 0.8851046562194824 
64.0, 0.8892516493797302 
65.0, 0.8939092755317688 
66.0, 0.8985669612884521 
67.0, 0.9009623527526855 
68.0, 0.9029940962791443 
69.0, 0.905673623085022 
70.0, 0.9083541631698608 
71.0, 0.9110336899757385 
72.0, 0.9143123626708984 
73.0, 0.917743980884552 
74.0, 0.9211755990982056 
75.0, 0.9246062636375427 
76.0, 0.9280418753623962 
77.0, 0.9314785003662109 
78.0, 0.9349150657653809 
79.0, 0.9383516907691956 
80.0, 0.9415906071662903 
81.0, 0.9444440007209778 
82.0, 0.9468274712562561 
83.0, 0.9492109417915344 
84.0, 0.9521835446357727 
85.0, 0.9552356600761414 
86.0, 0.95828777551651 
87.0, 0.9613398909568787 
88.0, 0.9647387862205505 
89.0, 0.9681733846664429 
90.0, 0.9716089963912964 
91.0, 0.9750435948371887 
92.0, 0.9784067273139954 
93.0, 0.9817638397216797 
94.0, 0.9851219654083252 
95.0, 0.9858929514884949 
96.0, 0.9888675212860107 
97.0, 0.9919206500053406 
98.0, 0.9949737787246704 
99.0, 0.9980258345603943 
100.0, 0.5308232448613731 
