Time(Seconds), Inputs 
0.0, 0.13328252732753754 
1.0, 0.2223004847764969 
2.0, 0.27078157663345337 
3.0, 0.3116423487663269 
4.0, 0.3480024039745331 
5.0, 0.3783705234527588 
6.0, 0.40584152936935425 
7.0, 0.43376755714416504 
8.0, 0.45778408646583557 
9.0, 0.4811875820159912 
10.0, 0.5015578269958496 
11.0, 0.5211969017982483 
12.0, 0.5396237969398499 
13.0, 0.5575659275054932 
14.0, 0.5723634958267212 
15.0, 0.5868848562240601 
16.0, 0.6019427180290222 
17.0, 0.6139872670173645 
18.0, 0.626031756401062 
19.0, 0.6380763053894043 
20.0, 0.6493090987205505 
21.0, 0.6583929061889648 
22.0, 0.667475700378418 
23.0, 0.6766082048416138 
24.0, 0.6857843995094299 
25.0, 0.6933123469352722 
26.0, 0.7004180550575256 
27.0, 0.706809401512146 
28.0, 0.7132017612457275 
29.0, 0.7195931077003479 
30.0, 0.7275602221488953 
31.0, 0.7331935167312622 
32.0, 0.7379972338676453 
33.0, 0.743179440498352 
34.0, 0.7486835718154907 
35.0, 0.7541877031326294 
36.0, 0.759579598903656 
37.0, 0.7645849585533142 
38.0, 0.7695903778076172 
39.0, 0.7734065055847168 
40.0, 0.7781813740730286 
41.0, 0.7832105755805969 
42.0, 0.7882408499717712 
43.0, 0.7922288179397583 
44.0, 0.7954309582710266 
45.0, 0.7986341118812561 
46.0, 0.8024085164070129 
47.0, 0.8079484105110168 
48.0, 0.8134872913360596 
49.0, 0.8160953521728516 
50.0, 0.8195686936378479 
51.0, 0.8232258558273315 
52.0, 0.8268820643424988 
53.0, 0.8310747146606445 
54.0, 0.8356608152389526 
55.0, 0.8402479290962219 
56.0, 0.8444743752479553 
57.0, 0.8476725816726685 
58.0, 0.8508707284927368 
59.0, 0.8540698885917664 
60.0, 0.8598551750183105 
61.0, 0.8626112341880798 
62.0, 0.8653672933578491 
63.0, 0.8689429759979248 
64.0, 0.8730551600456238 
65.0, 0.8771683573722839 
66.0, 0.8810302019119263 
67.0, 0.8842313289642334 
68.0, 0.8874334692955017 
69.0, 0.8906345963478088 
70.0, 0.8946842551231384 
71.0, 0.8987785577774048 
72.0, 0.9019250273704529 
73.0, 0.9052503705024719 
74.0, 0.9089045524597168 
75.0, 0.9125577807426453 
76.0, 0.9163460731506348 
77.0, 0.9204562902450562 
78.0, 0.9245655536651611 
79.0, 0.9286757707595825 
80.0, 0.9319126605987549 
81.0, 0.9351167678833008 
82.0, 0.9383208751678467 
83.0, 0.9432517886161804 
84.0, 0.9463773965835571 
85.0, 0.9495030641555786 
86.0, 0.9529396295547485 
87.0, 0.9570538401603699 
88.0, 0.96116703748703 
89.0, 0.9652812480926514 
90.0, 0.9684932827949524 
91.0, 0.9716934561729431 
92.0, 0.9748945832252502 
93.0, 0.9789690375328064 
94.0, 0.9834935665130615 
95.0, 0.9858511686325073 
96.0, 0.9878273010253906 
97.0, 0.9914844632148743 
98.0, 0.9951406717300415 
99.0, 0.998796820640564 
100.0, 0.633482939375487 
