Time(Seconds), Inputs 
0.0, 0.29270970821380615 
1.0, 0.3526163399219513 
2.0, 0.38086527585983276 
3.0, 0.4021366834640503 
4.0, 0.42322227358818054 
5.0, 0.4394455850124359 
6.0, 0.4549197554588318 
7.0, 0.47039392590522766 
8.0, 0.48336538672447205 
9.0, 0.49632197618484497 
10.0, 0.5092795491218567 
11.0, 0.5209286212921143 
12.0, 0.5319687128067017 
13.0, 0.5429620742797852 
14.0, 0.5537477731704712 
15.0, 0.5640943646430969 
16.0, 0.5743048191070557 
17.0, 0.5845152735710144 
18.0, 0.5947257876396179 
19.0, 0.6040350794792175 
20.0, 0.6126370429992676 
21.0, 0.6212390065193176 
22.0, 0.6298409700393677 
23.0, 0.6384429335594177 
24.0, 0.6463305354118347 
25.0, 0.653683602809906 
26.0, 0.6610366702079773 
27.0, 0.6683907508850098 
28.0, 0.6761452555656433 
29.0, 0.6839891076087952 
30.0, 0.6908414959907532 
31.0, 0.6975427865982056 
32.0, 0.7042431235313416 
33.0, 0.7109444737434387 
34.0, 0.7176458239555359 
35.0, 0.7243461608886719 
36.0, 0.7309213280677795 
37.0, 0.7373494505882263 
38.0, 0.7437785267829895 
39.0, 0.7502076625823975 
40.0, 0.7566357851028442 
41.0, 0.7630648612976074 
42.0, 0.7696917057037354 
43.0, 0.775432288646698 
44.0, 0.7809513211250305 
45.0, 0.7864693403244019 
46.0, 0.7919884324073792 
47.0, 0.7975064516067505 
48.0, 0.8030244708061218 
49.0, 0.8085435032844543 
50.0, 0.8140566349029541 
51.0, 0.8194822669029236 
52.0, 0.8249068856239319 
53.0, 0.830331563949585 
54.0, 0.835756242275238 
55.0, 0.8411818742752075 
56.0, 0.8463899493217468 
57.0, 0.8500341773033142 
58.0, 0.8536784052848816 
59.0, 0.8573793172836304 
60.0, 0.861343502998352 
61.0, 0.865307629108429 
62.0, 0.8692718148231506 
63.0, 0.8732360005378723 
64.0, 0.877200186252594 
65.0, 0.8811643123626709 
66.0, 0.8851284980773926 
67.0, 0.8890926837921143 
68.0, 0.8930568695068359 
69.0, 0.8970209956169128 
70.0, 0.8995853066444397 
71.0, 0.9021674990653992 
72.0, 0.9056944847106934 
73.0, 0.9092205166816711 
74.0, 0.9127475619316101 
75.0, 0.9162735342979431 
76.0, 0.9198005795478821 
77.0, 0.9233266115188599 
78.0, 0.926853597164154 
79.0, 0.9303796291351318 
80.0, 0.9339066743850708 
81.0, 0.9374327063560486 
82.0, 0.9409596920013428 
83.0, 0.9440704584121704 
84.0, 0.9468612670898438 
85.0, 0.949772298336029 
86.0, 0.9528899788856506 
87.0, 0.9560076594352722 
88.0, 0.9591253399848938 
89.0, 0.9622430205345154 
90.0, 0.965360701084137 
91.0, 0.9684783816337585 
92.0, 0.9715960621833801 
93.0, 0.9747137427330017 
94.0, 0.9778314232826233 
95.0, 0.9809491634368896 
96.0, 0.9840668439865112 
97.0, 0.9867662191390991 
98.0, 0.9891517162322998 
99.0, 0.9915361404418945 
100.0, 0.14670689280741273 
