Time(Seconds), Inputs 
0.0, 0.21943913400173187 
1.0, 0.291826456785202 
2.0, 0.3265184164047241 
3.0, 0.3572203516960144 
4.0, 0.38399985432624817 
5.0, 0.40696918964385986 
6.0, 0.4291079342365265 
7.0, 0.448373407125473 
8.0, 0.4672573506832123 
9.0, 0.4843330979347229 
10.0, 0.5012151002883911 
11.0, 0.5186057686805725 
12.0, 0.5337938070297241 
13.0, 0.5489818453788757 
14.0, 0.5636025667190552 
15.0, 0.5771065950393677 
16.0, 0.5905231237411499 
17.0, 0.603000819683075 
18.0, 0.6149718165397644 
19.0, 0.626943826675415 
20.0, 0.6389148235321045 
21.0, 0.6496240496635437 
22.0, 0.6594152450561523 
23.0, 0.6702089309692383 
24.0, 0.6813910603523254 
25.0, 0.6911365389823914 
26.0, 0.6997126936912537 
27.0, 0.7082887887954712 
28.0, 0.7168648838996887 
29.0, 0.7259904742240906 
30.0, 0.7337757349014282 
31.0, 0.7405754327774048 
32.0, 0.7473741173744202 
33.0, 0.7541738152503967 
34.0, 0.7609735131263733 
35.0, 0.7677732110023499 
36.0, 0.7755216956138611 
37.0, 0.7808549404144287 
38.0, 0.7861891984939575 
39.0, 0.7915224432945251 
40.0, 0.7968556880950928 
41.0, 0.8021899461746216 
42.0, 0.8097367286682129 
43.0, 0.816325843334198 
44.0, 0.8207887411117554 
45.0, 0.8252516388893127 
46.0, 0.8297145962715149 
47.0, 0.8341774940490723 
48.0, 0.8387308120727539 
49.0, 0.8438445329666138 
50.0, 0.8489581942558289 
51.0, 0.8540728688240051 
52.0, 0.857769787311554 
53.0, 0.860447347164154 
54.0, 0.8631258606910706 
55.0, 0.866817831993103 
56.0, 0.870848536491394 
57.0, 0.8748782873153687 
58.0, 0.8789080381393433 
59.0, 0.8829377889633179 
60.0, 0.8869684934616089 
61.0, 0.8909078240394592 
62.0, 0.8946812748908997 
63.0, 0.8984556794166565 
64.0, 0.9015594124794006 
65.0, 0.9046244621276855 
66.0, 0.9076884984970093 
67.0, 0.9107535481452942 
68.0, 0.9131320118904114 
69.0, 0.915501594543457 
70.0, 0.9178721308708191 
71.0, 0.9202417135238647 
72.0, 0.9226112365722656 
73.0, 0.9249818325042725 
74.0, 0.9277388453483582 
75.0, 0.9307651519775391 
76.0, 0.9337913990020752 
77.0, 0.9368187189102173 
78.0, 0.9398449659347534 
79.0, 0.9430133104324341 
80.0, 0.9460684061050415 
81.0, 0.948200523853302 
82.0, 0.9503326416015625 
83.0, 0.952464759349823 
84.0, 0.9545968174934387 
85.0, 0.9567289352416992 
86.0, 0.9588610529899597 
87.0, 0.961189866065979 
88.0, 0.9635703563690186 
89.0, 0.9659508466720581 
90.0, 0.9683303833007812 
91.0, 0.9707108736038208 
92.0, 0.9730913639068604 
93.0, 0.9759159088134766 
94.0, 0.9793545007705688 
95.0, 0.9827921390533447 
96.0, 0.9848119616508484 
97.0, 0.9864184856414795 
98.0, 0.9880250096321106 
99.0, 0.9896315336227417 
100.0, 0.3297727379183185 
