Time(Seconds), Inputs 
0.0, 0.058355752378702164 
1.0, 0.3471410274505615 
2.0, 0.3703845739364624 
3.0, 0.3917284905910492 
4.0, 0.4078822433948517 
5.0, 0.4240359961986542 
6.0, 0.43922996520996094 
7.0, 0.45385369658470154 
8.0, 0.46847739815711975 
9.0, 0.48059743642807007 
10.0, 0.49109402298927307 
11.0, 0.5015916228294373 
12.0, 0.5137116312980652 
13.0, 0.5240254402160645 
14.0, 0.5336954593658447 
15.0, 0.5433664321899414 
16.0, 0.5530363917350769 
17.0, 0.5624113082885742 
18.0, 0.5711781978607178 
19.0, 0.5799450874328613 
20.0, 0.5887119770050049 
21.0, 0.5974798202514648 
22.0, 0.6057916879653931 
23.0, 0.6135759353637695 
24.0, 0.6213592290878296 
25.0, 0.6291425228118896 
26.0, 0.6369267702102661 
27.0, 0.6447100639343262 
28.0, 0.653606116771698 
29.0, 0.6617202162742615 
30.0, 0.6688328981399536 
31.0, 0.6759465336799622 
32.0, 0.6830592155456543 
33.0, 0.6898737549781799 
34.0, 0.6961916089057922 
35.0, 0.7025084495544434 
36.0, 0.7088263034820557 
37.0, 0.7151440978050232 
38.0, 0.7214609384536743 
39.0, 0.7277787923812866 
40.0, 0.733797550201416 
41.0, 0.7396365404129028 
42.0, 0.7454754710197449 
43.0, 0.7513134479522705 
44.0, 0.7571523785591125 
45.0, 0.7629913687705994 
46.0, 0.7688302993774414 
47.0, 0.774850070476532 
48.0, 0.7801375985145569 
49.0, 0.785426139831543 
50.0, 0.790714681148529 
51.0, 0.7960022687911987 
52.0, 0.8012908101081848 
53.0, 0.8065793514251709 
54.0, 0.811867892742157 
55.0, 0.8168553709983826 
56.0, 0.8212069869041443 
57.0, 0.8255586624145508 
58.0, 0.8299102783203125 
59.0, 0.8342629671096802 
60.0, 0.8386145830154419 
61.0, 0.8429662585258484 
62.0, 0.8473178744316101 
63.0, 0.8516695499420166 
64.0, 0.8568716049194336 
65.0, 0.8618064522743225 
66.0, 0.8661531209945679 
67.0, 0.8705008029937744 
68.0, 0.874848484992981 
69.0, 0.8791951537132263 
70.0, 0.8835428357124329 
71.0, 0.8878905177116394 
72.0, 0.8922371864318848 
73.0, 0.8965848684310913 
74.0, 0.9009066820144653 
75.0, 0.9045727849006653 
76.0, 0.9082388877868652 
77.0, 0.91190505027771 
78.0, 0.9155721068382263 
79.0, 0.919238269329071 
80.0, 0.922904372215271 
81.0, 0.926570475101471 
82.0, 0.9303776621818542 
83.0, 0.9342961311340332 
84.0, 0.9382146000862122 
85.0, 0.9421330690383911 
86.0, 0.9455159902572632 
87.0, 0.9486356973648071 
88.0, 0.9517563581466675 
89.0, 0.9548760056495667 
90.0, 0.9579957127571106 
91.0, 0.961116373538971 
92.0, 0.9642360210418701 
93.0, 0.9673566818237305 
94.0, 0.9704763889312744 
95.0, 0.9735960364341736 
96.0, 0.9767166972160339 
97.0, 0.9798364043235779 
98.0, 0.9829570651054382 
99.0, 0.9860767126083374 
100.0, 0.11966283283440995 
