Time(Seconds), Inputs 
0.0, 0.2300390601158142 
1.0, 0.2925209403038025 
2.0, 0.3290141522884369 
3.0, 0.3587911128997803 
4.0, 0.381483256816864 
5.0, 0.4036438465118408 
6.0, 0.42335841059684753 
7.0, 0.4430719316005707 
8.0, 0.4601993262767792 
9.0, 0.47690051794052124 
10.0, 0.4941769540309906 
11.0, 0.5096322298049927 
12.0, 0.5250875353813171 
13.0, 0.5400351285934448 
14.0, 0.5546707510948181 
15.0, 0.5693063735961914 
16.0, 0.5798407793045044 
17.0, 0.5934441089630127 
18.0, 0.6070464849472046 
19.0, 0.6202673316001892 
20.0, 0.6304609179496765 
21.0, 0.640655517578125 
22.0, 0.6508500576019287 
23.0, 0.6624584197998047 
24.0, 0.6721184849739075 
25.0, 0.6812946796417236 
26.0, 0.6904708743095398 
27.0, 0.6996471285820007 
28.0, 0.7083593010902405 
29.0, 0.7161465883255005 
30.0, 0.7240073680877686 
31.0, 0.7321880459785461 
32.0, 0.7403687834739685 
33.0, 0.7485494613647461 
34.0, 0.7552239894866943 
35.0, 0.7616192698478699 
36.0, 0.7680146098136902 
37.0, 0.7745987176895142 
38.0, 0.7816696166992188 
39.0, 0.7887405753135681 
40.0, 0.7945139408111572 
41.0, 0.7989063262939453 
42.0, 0.8032997250556946 
43.0, 0.8076920509338379 
44.0, 0.8125872015953064 
45.0, 0.8184927105903625 
46.0, 0.8243972063064575 
47.0, 0.8303027749061584 
48.0, 0.8358744382858276 
49.0, 0.840225100517273 
50.0, 0.8445747494697571 
51.0, 0.8486710786819458 
52.0, 0.8524166345596313 
53.0, 0.8561622500419617 
54.0, 0.859907865524292 
55.0, 0.8636534214019775 
56.0, 0.8673980236053467 
57.0, 0.871143639087677 
58.0, 0.8750829696655273 
59.0, 0.8789020776748657 
60.0, 0.882297933101654 
61.0, 0.885692834854126 
62.0, 0.8890886902809143 
63.0, 0.8924835920333862 
64.0, 0.8958794474601746 
65.0, 0.89924156665802 
66.0, 0.9025817513465881 
67.0, 0.9059210419654846 
68.0, 0.9092602729797363 
69.0, 0.9126005172729492 
70.0, 0.9159397482872009 
71.0, 0.9192789793014526 
72.0, 0.9203599095344543 
73.0, 0.9229967594146729 
74.0, 0.9256325960159302 
75.0, 0.9282693862915039 
76.0, 0.9309052228927612 
77.0, 0.933542013168335 
78.0, 0.9361788630485535 
79.0, 0.9388136863708496 
80.0, 0.9414475560188293 
81.0, 0.9440823793411255 
82.0, 0.9467172026634216 
83.0, 0.9493510127067566 
84.0, 0.9519858360290527 
85.0, 0.9546207189559937 
86.0, 0.957647979259491 
87.0, 0.96074378490448 
88.0, 0.9632842540740967 
89.0, 0.9649821519851685 
90.0, 0.966680109500885 
91.0, 0.9683780670166016 
92.0, 0.9700759649276733 
93.0, 0.9720302224159241 
94.0, 0.9740073680877686 
95.0, 0.9759835004806519 
96.0, 0.9779596328735352 
97.0, 0.9799357652664185 
98.0, 0.981911838054657 
99.0, 0.9838879704475403 
100.0, 0.30475134027993644 
