Time(Seconds), Inputs 
0.0, 0.23819492757320404 
1.0, 0.2983141839504242 
2.0, 0.33464545011520386 
3.0, 0.3630642592906952 
4.0, 0.386800616979599 
5.0, 0.4097908139228821 
6.0, 0.42973682284355164 
7.0, 0.44968387484550476 
8.0, 0.4649980664253235 
9.0, 0.4822496473789215 
10.0, 0.49842527508735657 
11.0, 0.5128294229507446 
12.0, 0.5272325277328491 
13.0, 0.541242241859436 
14.0, 0.5547283887863159 
15.0, 0.5682135224342346 
16.0, 0.5807905793190002 
17.0, 0.5924595594406128 
18.0, 0.6041284799575806 
19.0, 0.6157974600791931 
20.0, 0.6265076994895935 
21.0, 0.6365989446640015 
22.0, 0.6466891765594482 
23.0, 0.656779408454895 
24.0, 0.6693058013916016 
25.0, 0.6783985495567322 
26.0, 0.6874912977218628 
27.0, 0.6965840458869934 
28.0, 0.705676794052124 
29.0, 0.713855504989624 
30.0, 0.721902072429657 
31.0, 0.7300341129302979 
32.0, 0.7382833361625671 
33.0, 0.7465335726737976 
34.0, 0.7538707852363586 
35.0, 0.7607489824295044 
36.0, 0.767626166343689 
37.0, 0.7745033502578735 
38.0, 0.7813805341720581 
39.0, 0.787959635257721 
40.0, 0.7939913272857666 
41.0, 0.7993514537811279 
42.0, 0.8047115206718445 
43.0, 0.810071587562561 
44.0, 0.8154316544532776 
45.0, 0.8207917213439941 
46.0, 0.8262660503387451 
47.0, 0.8322252035140991 
48.0, 0.837218701839447 
49.0, 0.8417233228683472 
50.0, 0.8462280035018921 
51.0, 0.850731611251831 
52.0, 0.855236291885376 
53.0, 0.8597399592399597 
54.0, 0.8640915751457214 
55.0, 0.8683409094810486 
56.0, 0.8725911974906921 
57.0, 0.876811683177948 
58.0, 0.8801876902580261 
59.0, 0.8835636973381042 
60.0, 0.8869407176971436 
61.0, 0.8903167247772217 
62.0, 0.8941745758056641 
63.0, 0.8980364203453064 
64.0, 0.9018992185592651 
65.0, 0.9057610630989075 
66.0, 0.9096238613128662 
67.0, 0.9134857058525085 
68.0, 0.9173485636711121 
69.0, 0.9189302325248718 
70.0, 0.9221155047416687 
71.0, 0.9253007173538208 
72.0, 0.9284859895706177 
73.0, 0.9316712021827698 
74.0, 0.9348564743995667 
75.0, 0.9380417466163635 
76.0, 0.9412279725074768 
77.0, 0.9441727995872498 
78.0, 0.947052001953125 
79.0, 0.949931263923645 
80.0, 0.9528104662895203 
81.0, 0.9556897282600403 
82.0, 0.9585689902305603 
83.0, 0.9614481925964355 
84.0, 0.9622092247009277 
85.0, 0.965004026889801 
86.0, 0.9677988290786743 
87.0, 0.9705936312675476 
88.0, 0.9733874201774597 
89.0, 0.976182222366333 
90.0, 0.9789769649505615 
91.0, 0.9817717671394348 
92.0, 0.9841989874839783 
93.0, 0.9863906502723694 
94.0, 0.9885823726654053 
95.0, 0.9907751083374023 
96.0, 0.9929668307304382 
97.0, 0.9951585531234741 
98.0, 0.9973512887954712 
99.0, 0.9995429515838623 
100.0, 0.2773197807859853 
