Time(Seconds), Inputs 
0.0, 0.11167731136083603 
1.0, 0.3868204653263092 
2.0, 0.4142606854438782 
3.0, 0.4323408603668213 
4.0, 0.44913941621780396 
5.0, 0.46503084897994995 
6.0, 0.47823381423950195 
7.0, 0.49143680930137634 
8.0, 0.5045732259750366 
9.0, 0.5151045918464661 
10.0, 0.5256349444389343 
11.0, 0.5361663699150085 
12.0, 0.5466967225074768 
13.0, 0.5561173558235168 
14.0, 0.565514087677002 
15.0, 0.5749098658561707 
16.0, 0.5843066573143005 
17.0, 0.5930506587028503 
18.0, 0.6009511947631836 
19.0, 0.6086182594299316 
20.0, 0.6162862777709961 
21.0, 0.6239533424377441 
22.0, 0.6316213607788086 
23.0, 0.6386624574661255 
24.0, 0.6456568837165833 
25.0, 0.6526523232460022 
26.0, 0.65964674949646 
27.0, 0.6666421890258789 
28.0, 0.6736365556716919 
29.0, 0.6800388693809509 
30.0, 0.6863288879394531 
31.0, 0.6926178932189941 
32.0, 0.6989079117774963 
33.0, 0.7051969170570374 
34.0, 0.7114869356155396 
35.0, 0.717731237411499 
36.0, 0.7233337759971619 
37.0, 0.7289362549781799 
38.0, 0.734538733959198 
39.0, 0.7400001883506775 
40.0, 0.7454277873039246 
41.0, 0.7508554458618164 
42.0, 0.7562830448150635 
43.0, 0.7616958022117615 
44.0, 0.767078697681427 
45.0, 0.7724616527557373 
46.0, 0.7778445482254028 
47.0, 0.783226490020752 
48.0, 0.7886094450950623 
49.0, 0.7939923405647278 
50.0, 0.7993752956390381 
51.0, 0.8043687343597412 
52.0, 0.8087859749794006 
53.0, 0.8132031559944153 
54.0, 0.8176203966140747 
55.0, 0.8220375776290894 
56.0, 0.8264538049697876 
57.0, 0.830871045589447 
58.0, 0.8352882862091064 
59.0, 0.8400373458862305 
60.0, 0.8451499938964844 
61.0, 0.8497381210327148 
62.0, 0.8540917634963989 
63.0, 0.8584463596343994 
64.0, 0.8628000020980835 
65.0, 0.8671536445617676 
66.0, 0.8715082406997681 
67.0, 0.8758618831634521 
68.0, 0.8802165389060974 
69.0, 0.8845701217651367 
70.0, 0.888924777507782 
71.0, 0.8926753401756287 
72.0, 0.8959450125694275 
73.0, 0.8992147445678711 
74.0, 0.9024844169616699 
75.0, 0.9057531356811523 
76.0, 0.9090228080749512 
77.0, 0.91229248046875 
78.0, 0.9155622124671936 
79.0, 0.9189302325248718 
80.0, 0.9227603077888489 
81.0, 0.9265903234481812 
82.0, 0.9304203987121582 
83.0, 0.9341639876365662 
84.0, 0.9375687837600708 
85.0, 0.9409736394882202 
86.0, 0.9443774223327637 
87.0, 0.9477822780609131 
88.0, 0.9511870741844177 
89.0, 0.9545908570289612 
90.0, 0.9579957127571106 
91.0, 0.9614005088806152 
92.0, 0.9648043513298035 
93.0, 0.9682091474533081 
94.0, 0.9716139435768127 
95.0, 0.9750187993049622 
96.0, 0.9783520698547363 
97.0, 0.9816535711288452 
98.0, 0.9849550127983093 
99.0, 0.9882565140724182 
100.0, 0.10397548959074089 
