Time(Seconds), Inputs 
0.0, 0.1433916538953781 
1.0, 0.22662630677223206 
2.0, 0.27288785576820374 
3.0, 0.31087931990623474 
4.0, 0.34393590688705444 
5.0, 0.37519919872283936 
6.0, 0.4030407965183258 
7.0, 0.4275411367416382 
8.0, 0.4512218236923218 
9.0, 0.47312113642692566 
10.0, 0.4945395886898041 
11.0, 0.5141369104385376 
12.0, 0.5328440070152283 
13.0, 0.5479346513748169 
14.0, 0.5646507143974304 
15.0, 0.580234169960022 
16.0, 0.5946115255355835 
17.0, 0.6089888215065002 
18.0, 0.6220695972442627 
19.0, 0.6327977180480957 
20.0, 0.6435257792472839 
21.0, 0.6551122665405273 
22.0, 0.6665090322494507 
23.0, 0.674851655960083 
24.0, 0.6831942796707153 
25.0, 0.691636323928833 
26.0, 0.7006286978721619 
27.0, 0.7077652215957642 
28.0, 0.7144188284873962 
29.0, 0.7211291193962097 
30.0, 0.727993369102478 
31.0, 0.7348576784133911 
32.0, 0.7417219281196594 
33.0, 0.748553454875946 
34.0, 0.7536482214927673 
35.0, 0.7587440013885498 
36.0, 0.763839840888977 
37.0, 0.7691829800605774 
38.0, 0.7748262286186218 
39.0, 0.7804704308509827 
40.0, 0.7861146926879883 
41.0, 0.7886471748352051 
42.0, 0.7925606966018677 
43.0, 0.7964751720428467 
44.0, 0.8003886938095093 
45.0, 0.804306149482727 
46.0, 0.8082256317138672 
47.0, 0.8121450543403625 
48.0, 0.8160645365715027 
49.0, 0.8201658129692078 
50.0, 0.824329674243927 
51.0, 0.8284925222396851 
52.0, 0.8319301605224609 
53.0, 0.835290253162384 
54.0, 0.8388033509254456 
55.0, 0.8423174619674683 
56.0, 0.8458305597305298 
57.0, 0.8486273288726807 
58.0, 0.8513704538345337 
59.0, 0.8541135787963867 
60.0, 0.8569183349609375 
61.0, 0.8615391850471497 
62.0, 0.8661611080169678 
63.0, 0.8707819581031799 
64.0, 0.8725922107696533 
65.0, 0.8769040703773499 
66.0, 0.8812159895896912 
67.0, 0.8855279088020325 
68.0, 0.8897483944892883 
69.0, 0.8936589360237122 
70.0, 0.8975704312324524 
71.0, 0.9014809727668762 
72.0, 0.9052920937538147 
73.0, 0.9088966250419617 
74.0, 0.9125001430511475 
75.0, 0.9161046743392944 
76.0, 0.919326663017273 
77.0, 0.922849714756012 
78.0, 0.9263717532157898 
79.0, 0.9298937916755676 
80.0, 0.9334178566932678 
81.0, 0.9369409084320068 
82.0, 0.9404649138450623 
83.0, 0.9439889788627625 
84.0, 0.9476580619812012 
85.0, 0.9514205455780029 
86.0, 0.9551820158958435 
87.0, 0.9589444994926453 
88.0, 0.959513783454895 
89.0, 0.9622598886489868 
90.0, 0.9650050401687622 
91.0, 0.967751145362854 
92.0, 0.9711241722106934 
93.0, 0.9746472239494324 
94.0, 0.9781702160835266 
95.0, 0.9816923141479492 
96.0, 0.9852133393287659 
97.0, 0.9887344241142273 
98.0, 0.9922544956207275 
99.0, 0.9957755208015442 
100.0, 0.5399443874313892 
