Time(Seconds), Inputs 
0.0, 0.16164472699165344 
1.0, 0.2391338050365448 
2.0, 0.2846343219280243 
3.0, 0.3223704397678375 
4.0, 0.3553217351436615 
5.0, 0.38658303022384644 
6.0, 0.4135205149650574 
7.0, 0.43793541193008423 
8.0, 0.4615485370159149 
9.0, 0.4853772819042206 
10.0, 0.5046337842941284 
11.0, 0.522964358329773 
12.0, 0.5412700772285461 
13.0, 0.5581173300743103 
14.0, 0.5746167898178101 
15.0, 0.5909573435783386 
16.0, 0.6044623255729675 
17.0, 0.6184541583061218 
18.0, 0.6334653496742249 
19.0, 0.6429018378257751 
20.0, 0.6523383855819702 
21.0, 0.6631737351417542 
22.0, 0.676268458366394 
23.0, 0.6847700476646423 
24.0, 0.6932716369628906 
25.0, 0.7020862102508545 
26.0, 0.7113230228424072 
27.0, 0.719620943069458 
28.0, 0.7255811095237732 
29.0, 0.7318671345710754 
30.0, 0.7384760975837708 
31.0, 0.7450840473175049 
32.0, 0.7516929507255554 
33.0, 0.7579293251037598 
34.0, 0.7631791234016418 
35.0, 0.7678914070129395 
36.0, 0.7726036906242371 
37.0, 0.7772712707519531 
38.0, 0.7819160223007202 
39.0, 0.7865617871284485 
40.0, 0.791207492351532 
41.0, 0.7958999276161194 
42.0, 0.800608217716217 
43.0, 0.8048237562179565 
44.0, 0.8085216879844666 
45.0, 0.8117178678512573 
46.0, 0.8148206472396851 
47.0, 0.8179234266281128 
48.0, 0.8210262060165405 
49.0, 0.8252000212669373 
50.0, 0.8294622302055359 
51.0, 0.8337244391441345 
52.0, 0.8379876613616943 
53.0, 0.8425081968307495 
54.0, 0.8464564681053162 
55.0, 0.8491876721382141 
56.0, 0.8519546389579773 
57.0, 0.8550554513931274 
58.0, 0.8581572771072388 
59.0, 0.8612590432167053 
60.0, 0.8643598556518555 
61.0, 0.8674635887145996 
62.0, 0.8705663681030273 
63.0, 0.8736701607704163 
64.0, 0.877320408821106 
65.0, 0.8825602531433105 
66.0, 0.8878000974655151 
67.0, 0.8907995223999023 
68.0, 0.8937304615974426 
69.0, 0.8968332409858704 
70.0, 0.8999360203742981 
71.0, 0.9030387997627258 
72.0, 0.9063065052032471 
73.0, 0.9098086953163147 
74.0, 0.9133098721504211 
75.0, 0.9168120622634888 
76.0, 0.9204672574996948 
77.0, 0.924269437789917 
78.0, 0.9280716776847839 
79.0, 0.9313433766365051 
80.0, 0.9340258836746216 
81.0, 0.9371266961097717 
82.0, 0.9402274489402771 
83.0, 0.9433282613754272 
84.0, 0.9464350342750549 
85.0, 0.9495447874069214 
86.0, 0.9526544809341431 
87.0, 0.9557642340660095 
88.0, 0.959452211856842 
89.0, 0.9633309245109558 
90.0, 0.9672086834907532 
91.0, 0.9710873961448669 
92.0, 0.9752979874610901 
93.0, 0.9780828356742859 
94.0, 0.9808686375617981 
95.0, 0.9836534857749939 
96.0, 0.9867324233055115 
97.0, 0.9898372292518616 
98.0, 0.9929419755935669 
99.0, 0.9960477352142334 
100.0, 0.5381239913302305 
