Time(Seconds), Inputs 
0.0, 0.09405910968780518 
1.0, 0.2559214234352112 
2.0, 0.302497923374176 
3.0, 0.3375922441482544 
4.0, 0.3695301413536072 
5.0, 0.3992047905921936 
6.0, 0.42414724826812744 
7.0, 0.4458557963371277 
8.0, 0.4691470265388489 
9.0, 0.49131855368614197 
10.0, 0.5115626454353333 
11.0, 0.530724823474884 
12.0, 0.5480598211288452 
13.0, 0.5659751296043396 
14.0, 0.5819003582000732 
15.0, 0.5975006818771362 
16.0, 0.6127880811691284 
17.0, 0.6251644492149353 
18.0, 0.6375407576560974 
19.0, 0.6499161720275879 
20.0, 0.6598742604255676 
21.0, 0.669963538646698 
22.0, 0.6814099550247192 
23.0, 0.6928563714027405 
24.0, 0.7025700807571411 
25.0, 0.7117850184440613 
26.0, 0.7203004956245422 
27.0, 0.7286511063575745 
28.0, 0.7370007038116455 
29.0, 0.7425376176834106 
30.0, 0.7479950785636902 
31.0, 0.7542185187339783 
32.0, 0.7604419589042664 
33.0, 0.7666643857955933 
34.0, 0.7728878855705261 
35.0, 0.778998076915741 
36.0, 0.7839199900627136 
37.0, 0.7886154055595398 
38.0, 0.7933098077774048 
39.0, 0.798005223274231 
40.0, 0.8025853633880615 
41.0, 0.8071625232696533 
42.0, 0.8117396831512451 
43.0, 0.8163158893585205 
44.0, 0.8225890398025513 
45.0, 0.8260862231254578 
46.0, 0.8295834064483643 
47.0, 0.8330816626548767 
48.0, 0.8365788459777832 
49.0, 0.8401575088500977 
50.0, 0.8437630534172058 
51.0, 0.8473685383796692 
52.0, 0.8509740233421326 
53.0, 0.8547305464744568 
54.0, 0.8593842387199402 
55.0, 0.8640389442443848 
56.0, 0.8668873906135559 
57.0, 0.8694705367088318 
58.0, 0.8724173307418823 
59.0, 0.8756840229034424 
60.0, 0.8789507746696472 
61.0, 0.8822184801101685 
62.0, 0.8854851722717285 
63.0, 0.8890628814697266 
64.0, 0.8926733136177063 
65.0, 0.8962827920913696 
66.0, 0.8998932838439941 
67.0, 0.9031907916069031 
68.0, 0.9057700037956238 
69.0, 0.9083849787712097 
70.0, 0.9110287427902222 
71.0, 0.9136735200881958 
72.0, 0.9165298938751221 
73.0, 0.9194836616516113 
74.0, 0.9224364161491394 
75.0, 0.9253891706466675 
76.0, 0.9283140897750854 
77.0, 0.9309290647506714 
78.0, 0.9335440397262573 
79.0, 0.9361590147018433 
80.0, 0.938772976398468 
81.0, 0.9431822299957275 
82.0, 0.9493440985679626 
83.0, 0.9507578611373901 
84.0, 0.9521716237068176 
85.0, 0.9535854458808899 
86.0, 0.9568740129470825 
87.0, 0.9604636430740356 
88.0, 0.9640522599220276 
89.0, 0.9676418304443359 
90.0, 0.9710854291915894 
91.0, 0.9740431308746338 
92.0, 0.977000892162323 
93.0, 0.9799585938453674 
94.0, 0.9829162955284119 
95.0, 0.9860886335372925 
96.0, 0.9893841743469238 
97.0, 0.992655873298645 
98.0, 0.9958828091621399 
99.0, 0.9991087913513184 
100.0, 0.4570152317119388 
