Time(Seconds), Inputs 
0.0, 0.26714131236076355 
1.0, 0.3225780725479126 
2.0, 0.35410067439079285 
3.0, 0.37902724742889404 
4.0, 0.3988471031188965 
5.0, 0.41750651597976685 
6.0, 0.4361659288406372 
7.0, 0.45205143094062805 
8.0, 0.4677223265171051 
9.0, 0.48275238275527954 
10.0, 0.49537912011146545 
11.0, 0.5080058574676514 
12.0, 0.5206325650215149 
13.0, 0.53330397605896 
14.0, 0.5455501675605774 
15.0, 0.5571396946907043 
16.0, 0.5683735013008118 
17.0, 0.5787667632102966 
18.0, 0.5891610383987427 
19.0, 0.5995553135871887 
20.0, 0.6097121238708496 
21.0, 0.618920087814331 
22.0, 0.6281270980834961 
23.0, 0.6373351216316223 
24.0, 0.6465421319007874 
25.0, 0.6563233733177185 
26.0, 0.6649452447891235 
27.0, 0.6735680103302002 
28.0, 0.6821898221969604 
29.0, 0.6908126473426819 
30.0, 0.6983763575553894 
31.0, 0.7055695056915283 
32.0, 0.712761640548706 
33.0, 0.719954788684845 
34.0, 0.7271469235420227 
35.0, 0.7343817949295044 
36.0, 0.7411218285560608 
37.0, 0.7475420236587524 
38.0, 0.7539631724357605 
39.0, 0.7603843212127686 
40.0, 0.7668054699897766 
41.0, 0.7732266783714294 
42.0, 0.7793646454811096 
43.0, 0.7844992280006409 
44.0, 0.7896337509155273 
45.0, 0.7947682738304138 
46.0, 0.8004244565963745 
47.0, 0.8069707751274109 
48.0, 0.8135181069374084 
49.0, 0.8200644850730896 
50.0, 0.825132429599762 
51.0, 0.8300057053565979 
52.0, 0.8348789215087891 
53.0, 0.839752197265625 
54.0, 0.844624400138855 
55.0, 0.8494976758956909 
56.0, 0.8543708920478821 
57.0, 0.858891487121582 
58.0, 0.8632639646530151 
59.0, 0.8673473596572876 
60.0, 0.8714208006858826 
61.0, 0.8754943013191223 
62.0, 0.8795677423477173 
63.0, 0.8836411833763123 
64.0, 0.8877136707305908 
65.0, 0.8917871117591858 
66.0, 0.8958605527877808 
67.0, 0.8999340534210205 
68.0, 0.9041704535484314 
69.0, 0.907970666885376 
70.0, 0.9114380478858948 
71.0, 0.9149044752120972 
72.0, 0.9183709025382996 
73.0, 0.9218382835388184 
74.0, 0.9253047108650208 
75.0, 0.9287711381912231 
76.0, 0.9322375655174255 
77.0, 0.9357049465179443 
78.0, 0.9391465187072754 
79.0, 0.9425444006919861 
80.0, 0.945942223072052 
81.0, 0.949216902256012 
82.0, 0.9520514607429504 
83.0, 0.954884946346283 
84.0, 0.9577195048332214 
85.0, 0.9605540037155151 
86.0, 0.9633885622024536 
87.0, 0.9662230610847473 
88.0, 0.9690576195716858 
89.0, 0.971921980381012 
90.0, 0.9747992157936096 
91.0, 0.9776774644851685 
92.0, 0.9805546998977661 
93.0, 0.983432948589325 
94.0, 0.9863101840019226 
95.0, 0.989187479019165 
96.0, 0.9917507767677307 
97.0, 0.9935927391052246 
98.0, 0.9954347610473633 
99.0, 0.9972757697105408 
100.0, 0.19752894536256754 
