Time(Seconds), Inputs 
0.0, 0.14489983022212982 
1.0, 0.2296217828989029 
2.0, 0.27755841612815857 
3.0, 0.3181370198726654 
4.0, 0.35196560621261597 
5.0, 0.3837415277957916 
6.0, 0.41291543841362 
7.0, 0.4383983910083771 
8.0, 0.4619807302951813 
9.0, 0.484831839799881 
10.0, 0.5066139101982117 
11.0, 0.5254918932914734 
12.0, 0.5432968735694885 
13.0, 0.5606140494346619 
14.0, 0.5781954526901245 
15.0, 0.5909861326217651 
16.0, 0.6037777662277222 
17.0, 0.6184948682785034 
18.0, 0.6289964318275452 
19.0, 0.6394990086555481 
20.0, 0.6500005722045898 
21.0, 0.6621255874633789 
22.0, 0.6708149909973145 
23.0, 0.6795043349266052 
24.0, 0.6881937384605408 
25.0, 0.6960226893424988 
26.0, 0.7037970423698425 
27.0, 0.710507333278656 
28.0, 0.7167754769325256 
29.0, 0.7223511338233948 
30.0, 0.7279268503189087 
31.0, 0.733503520488739 
32.0, 0.7402962446212769 
33.0, 0.7471883296966553 
34.0, 0.7521579265594482 
35.0, 0.757064938545227 
36.0, 0.7617752552032471 
37.0, 0.7664855718612671 
38.0, 0.7711958885192871 
39.0, 0.7769305109977722 
40.0, 0.7831589579582214 
41.0, 0.7893873453140259 
42.0, 0.7899536490440369 
43.0, 0.7938016057014465 
44.0, 0.797648549079895 
45.0, 0.8014964461326599 
46.0, 0.8055768609046936 
47.0, 0.809857964515686 
48.0, 0.8141400814056396 
49.0, 0.8184221386909485 
50.0, 0.8230241537094116 
51.0, 0.8276380896568298 
52.0, 0.8322510719299316 
53.0, 0.8340304493904114 
54.0, 0.8383105397224426 
55.0, 0.8425906896591187 
56.0, 0.8468717932701111 
57.0, 0.8500828742980957 
58.0, 0.8530813455581665 
59.0, 0.8560807704925537 
60.0, 0.8590752482414246 
61.0, 0.8620588183403015 
62.0, 0.8650423884391785 
63.0, 0.8680269122123718 
64.0, 0.8750998377799988 
65.0, 0.877739667892456 
66.0, 0.8803784251213074 
67.0, 0.8831076622009277 
68.0, 0.8865343332290649 
69.0, 0.889959990978241 
70.0, 0.893386721611023 
71.0, 0.8968153595924377 
72.0, 0.9002460241317749 
73.0, 0.9036766290664673 
74.0, 0.9071072936058044 
75.0, 0.9106273651123047 
76.0, 0.9141494035720825 
77.0, 0.917670488357544 
78.0, 0.9192889332771301 
79.0, 0.9227175712585449 
80.0, 0.9261462092399597 
81.0, 0.9295749068260193 
82.0, 0.932623028755188 
83.0, 0.9356075525283813 
84.0, 0.9385921359062195 
85.0, 0.9420515894889832 
86.0, 0.9467797875404358 
87.0, 0.9515089392662048 
88.0, 0.9562381505966187 
89.0, 0.9595634937286377 
90.0, 0.9621436595916748 
91.0, 0.9646026492118835 
92.0, 0.9671908020973206 
93.0, 0.9706164598464966 
94.0, 0.9740411639213562 
95.0, 0.9774668216705322 
96.0, 0.9806500673294067 
97.0, 0.9836485385894775 
98.0, 0.9866470098495483 
99.0, 0.989644467830658 
100.0, 0.5906493384829606 
