Time(Seconds), Inputs 
0.0, 0.16017629206180573 
1.0, 0.2357935756444931 
2.0, 0.2790825068950653 
3.0, 0.31591349840164185 
4.0, 0.34799644351005554 
5.0, 0.3769547641277313 
6.0, 0.40351471304893494 
7.0, 0.42698875069618225 
8.0, 0.44986072182655334 
9.0, 0.47153347730636597 
10.0, 0.4920448362827301 
11.0, 0.5119491219520569 
12.0, 0.5298415422439575 
13.0, 0.5474259853363037 
14.0, 0.5627679824829102 
15.0, 0.5781110525131226 
16.0, 0.5940104126930237 
17.0, 0.6065884828567505 
18.0, 0.6191675066947937 
19.0, 0.6317455172538757 
20.0, 0.6435744762420654 
21.0, 0.6543373465538025 
22.0, 0.6651002168655396 
23.0, 0.6756057739257812 
24.0, 0.6832817196846008 
25.0, 0.6920426487922668 
26.0, 0.7012903690338135 
27.0, 0.7105381488800049 
28.0, 0.7188171744346619 
29.0, 0.7241812348365784 
30.0, 0.7307961583137512 
31.0, 0.7374100089073181 
32.0, 0.744024932384491 
33.0, 0.7506388425827026 
34.0, 0.7574196457862854 
35.0, 0.7635338306427002 
36.0, 0.7690747380256653 
37.0, 0.7746165990829468 
38.0, 0.779621958732605 
39.0, 0.7841206789016724 
40.0, 0.788619339466095 
41.0, 0.7931180596351624 
42.0, 0.797694206237793 
43.0, 0.8029688596725464 
44.0, 0.8073046207427979 
45.0, 0.8115817308425903 
46.0, 0.8158578872680664 
47.0, 0.8195428848266602 
48.0, 0.8230043053627014 
49.0, 0.8264647722244263 
50.0, 0.8299261927604675 
51.0, 0.8338238000869751 
52.0, 0.8386821746826172 
53.0, 0.8435404896736145 
54.0, 0.8470059037208557 
55.0, 0.8489800691604614 
56.0, 0.8526819348335266 
57.0, 0.8565040230751038 
58.0, 0.8603261113166809 
59.0, 0.8641481995582581 
60.0, 0.8677874803543091 
61.0, 0.8712707757949829 
62.0, 0.8747541308403015 
63.0, 0.8782374262809753 
64.0, 0.8817375898361206 
65.0, 0.8853262066841125 
66.0, 0.8888919949531555 
67.0, 0.8915774822235107 
68.0, 0.894262969493866 
69.0, 0.8975425958633423 
70.0, 0.9010199308395386 
71.0, 0.904498279094696 
72.0, 0.9079766273498535 
73.0, 0.9113307595252991 
74.0, 0.9144623875617981 
75.0, 0.9175929427146912 
76.0, 0.9207245707511902 
77.0, 0.9238561391830444 
78.0, 0.9282723665237427 
79.0, 0.9321759343147278 
80.0, 0.9344481229782104 
81.0, 0.9367203116416931 
82.0, 0.9394803643226624 
83.0, 0.9426159262657166 
84.0, 0.9457514882087708 
85.0, 0.948887050151825 
86.0, 0.9520236253738403 
87.0, 0.9551631808280945 
88.0, 0.958303689956665 
89.0, 0.9614432454109192 
90.0, 0.9645828008651733 
91.0, 0.9679508209228516 
92.0, 0.9713765382766724 
93.0, 0.9747018218040466 
94.0, 0.9773356914520264 
95.0, 0.9801632761955261 
96.0, 0.9832978248596191 
97.0, 0.9864314198493958 
98.0, 0.9895659685134888 
99.0, 0.9926995635032654 
100.0, 0.47983937931944864 
