Time(Seconds), Inputs 
0.0, 0.19337198138237 
1.0, 0.2620842456817627 
2.0, 0.30350932478904724 
3.0, 0.3365192413330078 
4.0, 0.36617499589920044 
5.0, 0.3942312002182007 
6.0, 0.4190027713775635 
7.0, 0.44183897972106934 
8.0, 0.46314018964767456 
9.0, 0.4833524823188782 
10.0, 0.5022662281990051 
11.0, 0.5208421945571899 
12.0, 0.5391121506690979 
13.0, 0.5555212497711182 
14.0, 0.5719293355941772 
15.0, 0.5872485041618347 
16.0, 0.6013506054878235 
17.0, 0.6153801679611206 
18.0, 0.6285950541496277 
19.0, 0.6410230994224548 
20.0, 0.6534501314163208 
21.0, 0.6647346019744873 
22.0, 0.6749073266983032 
23.0, 0.6850740313529968 
24.0, 0.6952398419380188 
25.0, 0.7054065465927124 
26.0, 0.7118595242500305 
27.0, 0.7202339768409729 
28.0, 0.7286083698272705 
29.0, 0.7369828224182129 
30.0, 0.7453572750091553 
31.0, 0.75101637840271 
32.0, 0.7571395039558411 
33.0, 0.7632625699043274 
34.0, 0.7693846821784973 
35.0, 0.7755078077316284 
36.0, 0.7816308736801147 
37.0, 0.7897152304649353 
38.0, 0.795913815498352 
39.0, 0.8005337119102478 
40.0, 0.8051526546478271 
41.0, 0.8097725510597229 
42.0, 0.8142394423484802 
43.0, 0.8186129331588745 
44.0, 0.8229864239692688 
45.0, 0.8273599147796631 
46.0, 0.8317344188690186 
47.0, 0.8370915055274963 
48.0, 0.8406245112419128 
49.0, 0.8441565036773682 
50.0, 0.8476894497871399 
51.0, 0.8512214422225952 
52.0, 0.8547494411468506 
53.0, 0.8582486510276794 
54.0, 0.8617478609085083 
55.0, 0.865246057510376 
56.0, 0.8687452673912048 
57.0, 0.8722444772720337 
58.0, 0.8766775727272034 
59.0, 0.8802134990692139 
60.0, 0.8829566836357117 
61.0, 0.8856987953186035 
62.0, 0.8884409070014954 
63.0, 0.8914880752563477 
64.0, 0.8946921825408936 
65.0, 0.897895336151123 
66.0, 0.901099443435669 
67.0, 0.9043025374412537 
68.0, 0.907563328742981 
69.0, 0.9109025597572327 
70.0, 0.9142428040504456 
71.0, 0.9175820350646973 
72.0, 0.9209222793579102 
73.0, 0.9219008684158325 
74.0, 0.9245307445526123 
75.0, 0.9271596074104309 
76.0, 0.9297894835472107 
77.0, 0.9324193596839905 
78.0, 0.9350482225418091 
79.0, 0.937954306602478 
80.0, 0.9408732652664185 
81.0, 0.9437922239303589 
82.0, 0.9467112421989441 
83.0, 0.9496291875839233 
84.0, 0.9529098272323608 
85.0, 0.9563266038894653 
86.0, 0.959743320941925 
87.0, 0.9631590843200684 
88.0, 0.9641605019569397 
89.0, 0.9657194018363953 
90.0, 0.96892249584198 
91.0, 0.9721246361732483 
92.0, 0.9753267765045166 
93.0, 0.9785298705101013 
94.0, 0.9815184473991394 
95.0, 0.9838472604751587 
96.0, 0.986176073551178 
97.0, 0.9885039329528809 
98.0, 0.9908327460289001 
99.0, 0.9931605458259583 
100.0, 0.40254174136323184 
