Time(Seconds), Inputs 
0.0, 0.03108743391931057 
1.0, 0.3049449920654297 
2.0, 0.3420621156692505 
3.0, 0.37021368741989136 
4.0, 0.39340656995773315 
5.0, 0.4148508310317993 
6.0, 0.43583807349205017 
7.0, 0.455189973115921 
8.0, 0.4732632040977478 
9.0, 0.4903925955295563 
10.0, 0.5073342323303223 
11.0, 0.5217632055282593 
12.0, 0.5361921787261963 
13.0, 0.5520250201225281 
14.0, 0.5646408200263977 
15.0, 0.5772575736045837 
16.0, 0.5898733735084534 
17.0, 0.6020490527153015 
18.0, 0.6141263246536255 
19.0, 0.6262026429176331 
20.0, 0.6375338435173035 
21.0, 0.6476618647575378 
22.0, 0.6577898263931274 
23.0, 0.667918860912323 
24.0, 0.6780458688735962 
25.0, 0.6875797510147095 
26.0, 0.6971136331558228 
27.0, 0.7064279317855835 
28.0, 0.7151480913162231 
29.0, 0.723376452922821 
30.0, 0.7306302189826965 
31.0, 0.7378839254379272 
32.0, 0.7451376914978027 
33.0, 0.7523913979530334 
34.0, 0.7598657011985779 
35.0, 0.7680066823959351 
36.0, 0.774345338344574 
37.0, 0.7806830406188965 
38.0, 0.7870217561721802 
39.0, 0.7933604717254639 
40.0, 0.7996991872787476 
41.0, 0.8060368895530701 
42.0, 0.811045229434967 
43.0, 0.8161132335662842 
44.0, 0.8211821913719177 
45.0, 0.8262501358985901 
46.0, 0.8313181400299072 
47.0, 0.8363860845565796 
48.0, 0.8414551019668579 
49.0, 0.845893144607544 
50.0, 0.8498762249946594 
51.0, 0.8539277911186218 
52.0, 0.857979416847229 
53.0, 0.8620309829711914 
54.0, 0.8660836219787598 
55.0, 0.8701351881027222 
56.0, 0.874398410320282 
57.0, 0.8790332078933716 
58.0, 0.8836670517921448 
59.0, 0.8883018493652344 
60.0, 0.8928104639053345 
61.0, 0.8954383134841919 
62.0, 0.8980662226676941 
63.0, 0.9008053541183472 
64.0, 0.9041853547096252 
65.0, 0.9075652956962585 
66.0, 0.9109452962875366 
67.0, 0.9143262505531311 
68.0, 0.9177062511444092 
69.0, 0.9210861921310425 
70.0, 0.9244661927223206 
71.0, 0.9281829595565796 
72.0, 0.9319424629211426 
73.0, 0.9356552958488464 
74.0, 0.9381222128868103 
75.0, 0.940588116645813 
76.0, 0.9430540800094604 
77.0, 0.9455199837684631 
78.0, 0.9478915333747864 
79.0, 0.9502203464508057 
80.0, 0.9525492191314697 
81.0, 0.954878032207489 
82.0, 0.9572058320045471 
83.0, 0.9595346450805664 
84.0, 0.9618635177612305 
85.0, 0.9645947217941284 
86.0, 0.9678356051445007 
87.0, 0.9710774421691895 
88.0, 0.9743183255195618 
89.0, 0.9775592088699341 
90.0, 0.9798115491867065 
91.0, 0.9816614985466003 
92.0, 0.9835730195045471 
93.0, 0.9856942296028137 
94.0, 0.9878163933753967 
95.0, 0.9899375438690186 
96.0, 0.9920587539672852 
97.0, 0.9941809177398682 
98.0, 0.99630206823349 
99.0, 0.9984232783317566 
100.0, 0.29155080714872744 
