Time(Seconds), Inputs 
0.0, 0.09859158098697662 
1.0, 0.2570023834705353 
2.0, 0.3007274568080902 
3.0, 0.33720478415489197 
4.0, 0.3668804168701172 
5.0, 0.39534792304039 
6.0, 0.41988104581832886 
7.0, 0.44314447045326233 
8.0, 0.4635753333568573 
9.0, 0.4870682656764984 
10.0, 0.5066238641738892 
11.0, 0.5261794328689575 
12.0, 0.5444205403327942 
13.0, 0.560617983341217 
14.0, 0.5754205584526062 
15.0, 0.5898922681808472 
16.0, 0.604362964630127 
17.0, 0.6193045973777771 
18.0, 0.6325910091400146 
19.0, 0.6451352834701538 
20.0, 0.6573486924171448 
21.0, 0.6672253608703613 
22.0, 0.6771020293235779 
23.0, 0.6877813935279846 
24.0, 0.6984648108482361 
25.0, 0.7065918445587158 
26.0, 0.7147188782691956 
27.0, 0.7230267524719238 
28.0, 0.7319973111152649 
29.0, 0.7409002780914307 
30.0, 0.7472429871559143 
31.0, 0.7535866498947144 
32.0, 0.7599948644638062 
33.0, 0.7664994597434998 
34.0, 0.7730041146278381 
35.0, 0.7795087099075317 
36.0, 0.7847287058830261 
37.0, 0.7890734076499939 
38.0, 0.7937896847724915 
39.0, 0.7985069155693054 
40.0, 0.803223192691803 
41.0, 0.8079394698143005 
42.0, 0.8132349848747253 
43.0, 0.8186476826667786 
44.0, 0.8240594267845154 
45.0, 0.8280454277992249 
46.0, 0.8315973281860352 
47.0, 0.8353726863861084 
48.0, 0.8391481041908264 
49.0, 0.8429235219955444 
50.0, 0.8466988801956177 
51.0, 0.8503997921943665 
52.0, 0.8538790941238403 
53.0, 0.857358455657959 
54.0, 0.8608377575874329 
55.0, 0.8643171191215515 
56.0, 0.8678401708602905 
57.0, 0.8709498643875122 
58.0, 0.8740596175193787 
59.0, 0.8771693706512451 
60.0, 0.8802791237831116 
61.0, 0.8832010626792908 
62.0, 0.8860356211662292 
63.0, 0.8888711333274841 
64.0, 0.891706645488739 
65.0, 0.8945421576499939 
66.0, 0.897782027721405 
67.0, 0.90107262134552 
68.0, 0.9043631553649902 
69.0, 0.9076537489891052 
70.0, 0.9101932048797607 
71.0, 0.9124017953872681 
72.0, 0.9146103858947754 
73.0, 0.9168190360069275 
74.0, 0.9190276265144348 
75.0, 0.9217290282249451 
76.0, 0.9255034327507019 
77.0, 0.9292768239974976 
78.0, 0.9330512285232544 
79.0, 0.9368256330490112 
80.0, 0.9398012757301331 
81.0, 0.942011833190918 
82.0, 0.9442234635353088 
83.0, 0.9464350342750549 
84.0, 0.9486456513404846 
85.0, 0.9541855454444885 
86.0, 0.9574323892593384 
87.0, 0.9606801867485046 
88.0, 0.9639270305633545 
89.0, 0.9671748876571655 
90.0, 0.9697481393814087 
91.0, 0.9722756743431091 
92.0, 0.974804162979126 
93.0, 0.9773327112197876 
94.0, 0.9799079298973083 
95.0, 0.982742428779602 
96.0, 0.9855759739875793 
97.0, 0.9884095191955566 
98.0, 0.9912440776824951 
99.0, 0.9945763349533081 
100.0, 0.4401079037127564 
