Time(Seconds), Inputs 
0.0, 0.20216867327690125 
1.0, 0.2728938162326813 
2.0, 0.31048983335494995 
3.0, 0.34284302592277527 
4.0, 0.37185102701187134 
5.0, 0.397140234708786 
6.0, 0.4215511679649353 
7.0, 0.44387272000312805 
8.0, 0.4640601873397827 
9.0, 0.4822695255279541 
10.0, 0.5004779100418091 
11.0, 0.5173936486244202 
12.0, 0.5341236591339111 
13.0, 0.5498591065406799 
14.0, 0.564242422580719 
15.0, 0.5790320038795471 
16.0, 0.5934063792228699 
17.0, 0.6071050763130188 
18.0, 0.6208038330078125 
19.0, 0.6336024403572083 
20.0, 0.644313633441925 
21.0, 0.6554560661315918 
22.0, 0.666599452495575 
23.0, 0.6770741939544678 
24.0, 0.6863954663276672 
25.0, 0.6957176923751831 
26.0, 0.705967903137207 
27.0, 0.7170854806900024 
28.0, 0.7243987917900085 
29.0, 0.7317131757736206 
30.0, 0.7390264868736267 
31.0, 0.7463408708572388 
32.0, 0.7541449666023254 
33.0, 0.7619521021842957 
34.0, 0.7683414816856384 
35.0, 0.7747308611869812 
36.0, 0.7811192274093628 
37.0, 0.7875086069107056 
38.0, 0.7938442826271057 
39.0, 0.7999554872512817 
40.0, 0.8047899603843689 
41.0, 0.8090651035308838 
42.0, 0.8133392930030823 
43.0, 0.817613422870636 
44.0, 0.8219372630119324 
45.0, 0.8271055817604065 
46.0, 0.8322739005088806 
47.0, 0.8374422192573547 
48.0, 0.8426105380058289 
49.0, 0.8468300700187683 
50.0, 0.8504822850227356 
51.0, 0.8542189002037048 
52.0, 0.8579605221748352 
53.0, 0.8617021441459656 
54.0, 0.8654427528381348 
55.0, 0.8691843748092651 
56.0, 0.8729250431060791 
57.0, 0.8764987587928772 
58.0, 0.8800406455993652 
59.0, 0.8835815787315369 
60.0, 0.8871225118637085 
61.0, 0.8905491828918457 
62.0, 0.8939698934555054 
63.0, 0.8968868851661682 
64.0, 0.8996180891990662 
65.0, 0.9023482799530029 
66.0, 0.9050794839859009 
67.0, 0.9078097343444824 
68.0, 0.9105409383773804 
69.0, 0.9135791063308716 
70.0, 0.9168369174003601 
71.0, 0.9200946688652039 
72.0, 0.9233524203300476 
73.0, 0.9266102313995361 
74.0, 0.9298679828643799 
75.0, 0.9301640391349792 
76.0, 0.9336473345756531 
77.0, 0.9371306300163269 
78.0, 0.9406139850616455 
79.0, 0.9440972805023193 
80.0, 0.9475805759429932 
81.0, 0.9506257176399231 
82.0, 0.9528770446777344 
83.0, 0.9551293849945068 
84.0, 0.9573807120323181 
85.0, 0.9596320390701294 
86.0, 0.9618843793869019 
87.0, 0.9646155834197998 
88.0, 0.9687307476997375 
89.0, 0.9727624654769897 
90.0, 0.9743342399597168 
91.0, 0.9759050011634827 
92.0, 0.9774767756462097 
93.0, 0.979219377040863 
94.0, 0.9819496273994446 
95.0, 0.9846788048744202 
96.0, 0.9874090552330017 
97.0, 0.9901392459869385 
98.0, 0.9928684830665588 
99.0, 0.9955986738204956 
100.0, 0.3446169503361878 
