Time(Seconds), Inputs 
0.0, 0.2865448594093323 
1.0, 0.3336976170539856 
2.0, 0.35917162895202637 
3.0, 0.3829328119754791 
4.0, 0.4038882553577423 
5.0, 0.4227990508079529 
6.0, 0.4377734661102295 
7.0, 0.4527478814125061 
8.0, 0.46703678369522095 
9.0, 0.4806153178215027 
10.0, 0.49419382214546204 
11.0, 0.506777822971344 
12.0, 0.5174850821495056 
13.0, 0.5281922817230225 
14.0, 0.5390614867210388 
15.0, 0.5500200986862183 
16.0, 0.5606687068939209 
17.0, 0.5713173151016235 
18.0, 0.5819668769836426 
19.0, 0.591913104057312 
20.0, 0.6007624268531799 
21.0, 0.6096117496490479 
22.0, 0.6184611320495605 
23.0, 0.6273114681243896 
24.0, 0.6356391906738281 
25.0, 0.6435675024986267 
26.0, 0.6514968276023865 
27.0, 0.6594251990318298 
28.0, 0.6679238080978394 
29.0, 0.6774318814277649 
30.0, 0.6845484972000122 
31.0, 0.6916640996932983 
32.0, 0.6987807154655457 
33.0, 0.7058963775634766 
34.0, 0.7130129933357239 
35.0, 0.7199607491493225 
36.0, 0.7267415523529053 
37.0, 0.7335233688354492 
38.0, 0.7403051853179932 
39.0, 0.7470870018005371 
40.0, 0.7538678050041199 
41.0, 0.7604221105575562 
42.0, 0.7661110162734985 
43.0, 0.7719887495040894 
44.0, 0.7778962254524231 
45.0, 0.7838027477264404 
46.0, 0.7897102236747742 
47.0, 0.7956167459487915 
48.0, 0.80152428150177 
49.0, 0.8067362904548645 
50.0, 0.8118966817855835 
51.0, 0.8170580267906189 
52.0, 0.8222184181213379 
53.0, 0.8273788094520569 
54.0, 0.8325392007827759 
55.0, 0.8376995325088501 
56.0, 0.8428599238395691 
57.0, 0.8477500677108765 
58.0, 0.8524991273880005 
59.0, 0.8572471737861633 
60.0, 0.8619962334632874 
61.0, 0.8667452931404114 
62.0, 0.8714933395385742 
63.0, 0.8762423992156982 
64.0, 0.8809914588928223 
65.0, 0.8857395052909851 
66.0, 0.890146791934967 
67.0, 0.89390629529953 
68.0, 0.897665798664093 
69.0, 0.901425302028656 
70.0, 0.905184805393219 
71.0, 0.908889651298523 
72.0, 0.9125359058380127 
73.0, 0.9161821603775024 
74.0, 0.9198284149169922 
75.0, 0.9234736561775208 
76.0, 0.9271199107170105 
77.0, 0.9307661056518555 
78.0, 0.9342365264892578 
79.0, 0.9376592040061951 
80.0, 0.9410818815231323 
81.0, 0.9445046186447144 
82.0, 0.9479283094406128 
83.0, 0.95135098695755 
84.0, 0.9547737240791321 
85.0, 0.9581407308578491 
86.0, 0.9613061547279358 
87.0, 0.9644705057144165 
88.0, 0.9676358699798584 
89.0, 0.9708002805709839 
90.0, 0.9739656448364258 
91.0, 0.9767395853996277 
92.0, 0.9794767498970032 
93.0, 0.9822139143943787 
94.0, 0.9849510788917542 
95.0, 0.9876872301101685 
96.0, 0.990424394607544 
97.0, 0.9931615591049194 
98.0, 0.9958987236022949 
99.0, 0.9986358880996704 
100.0, 0.14815043497885785 
