Time(Seconds), Inputs 
0.0, 0.062240440398454666 
1.0, 0.2720622420310974 
2.0, 0.31257328391075134 
3.0, 0.3457143306732178 
4.0, 0.37592050433158875 
5.0, 0.4003075957298279 
6.0, 0.4237339496612549 
7.0, 0.444347620010376 
8.0, 0.4650735855102539 
9.0, 0.4856882691383362 
10.0, 0.5043635964393616 
11.0, 0.5220662355422974 
12.0, 0.539767861366272 
13.0, 0.5547601580619812 
14.0, 0.5681737661361694 
15.0, 0.5829405784606934 
16.0, 0.5971320867538452 
17.0, 0.6104403734207153 
18.0, 0.6237476468086243 
19.0, 0.6365810632705688 
20.0, 0.6488004326820374 
21.0, 0.6618016958236694 
22.0, 0.6745615601539612 
23.0, 0.6842186450958252 
24.0, 0.693874716758728 
25.0, 0.7035307884216309 
26.0, 0.7123960256576538 
27.0, 0.7197401523590088 
28.0, 0.7273306846618652 
29.0, 0.7349222302436829 
30.0, 0.7425127625465393 
31.0, 0.7501043081283569 
32.0, 0.759718656539917 
33.0, 0.7656192183494568 
34.0, 0.7715197801589966 
35.0, 0.7774203419685364 
36.0, 0.7833218574523926 
37.0, 0.7892343401908875 
38.0, 0.7956018447875977 
39.0, 0.8017408847808838 
40.0, 0.8062107563018799 
41.0, 0.8106796145439148 
42.0, 0.8151484727859497 
43.0, 0.8198339343070984 
44.0, 0.8248631954193115 
45.0, 0.8298923969268799 
46.0, 0.834921658039093 
47.0, 0.8399508595466614 
48.0, 0.8444783687591553 
49.0, 0.8482865691184998 
50.0, 0.8523232340812683 
51.0, 0.8563609719276428 
52.0, 0.8603976368904114 
53.0, 0.8644353151321411 
54.0, 0.8684024810791016 
55.0, 0.8718758821487427 
56.0, 0.8753502368927002 
57.0, 0.8788245916366577 
58.0, 0.882297933101654 
59.0, 0.8857722878456116 
60.0, 0.8875994086265564 
61.0, 0.8905481696128845 
62.0, 0.8934959769248962 
63.0, 0.8964447379112244 
64.0, 0.8993925452232361 
65.0, 0.9023403525352478 
66.0, 0.9055265784263611 
67.0, 0.9087634682655334 
68.0, 0.9120004177093506 
69.0, 0.915237307548523 
70.0, 0.9184752106666565 
71.0, 0.9216873049736023 
72.0, 0.9248009920120239 
73.0, 0.9279137253761292 
74.0, 0.9308158159255981 
75.0, 0.9336503148078918 
76.0, 0.9364858865737915 
77.0, 0.9393919110298157 
78.0, 0.9423565864562988 
79.0, 0.945321261882782 
80.0, 0.9482849836349487 
81.0, 0.9512496590614319 
82.0, 0.954214334487915 
83.0, 0.9566733241081238 
84.0, 0.9590855836868286 
85.0, 0.9614988565444946 
86.0, 0.9639111757278442 
87.0, 0.9663244485855103 
88.0, 0.9687714576721191 
89.0, 0.9713069796562195 
90.0, 0.9736983776092529 
91.0, 0.9760897755622864 
92.0, 0.978482186794281 
93.0, 0.9808736443519592 
94.0, 0.9832878708839417 
95.0, 0.9857170581817627 
96.0, 0.9881452322006226 
97.0, 0.9905734062194824 
98.0, 0.9930015802383423 
99.0, 0.9954297542572021 
100.0, 0.3736879308803052 
