Time(Seconds), Inputs 
0.0, 0.33538761734962463 
1.0, 0.3862770199775696 
2.0, 0.4106462299823761 
3.0, 0.4291059374809265 
4.0, 0.4453381896018982 
5.0, 0.4615713953971863 
6.0, 0.47466209530830383 
7.0, 0.4869907796382904 
8.0, 0.4993184506893158 
9.0, 0.5110937356948853 
10.0, 0.5218327641487122 
11.0, 0.5325717329978943 
12.0, 0.5433117747306824 
13.0, 0.5532202124595642 
14.0, 0.5617764592170715 
15.0, 0.5703316926956177 
16.0, 0.578887939453125 
17.0, 0.5874432325363159 
18.0, 0.5962031483650208 
19.0, 0.6052680611610413 
20.0, 0.6143330335617065 
21.0, 0.623397946357727 
22.0, 0.6322323679924011 
23.0, 0.6397354602813721 
24.0, 0.6466484665870667 
25.0, 0.6535623669624329 
26.0, 0.6604753136634827 
27.0, 0.6673892736434937 
28.0, 0.6743022203445435 
29.0, 0.680908203125 
30.0, 0.6871992349624634 
31.0, 0.6934892535209656 
32.0, 0.6997802257537842 
33.0, 0.7060712575912476 
34.0, 0.7123622298240662 
35.0, 0.7186532616615295 
36.0, 0.7245021462440491 
37.0, 0.7301791310310364 
38.0, 0.7358561754226685 
39.0, 0.7415331602096558 
40.0, 0.7472111582756042 
41.0, 0.7528235912322998 
42.0, 0.7577932476997375 
43.0, 0.7627628445625305 
44.0, 0.7680284976959229 
45.0, 0.7733110785484314 
46.0, 0.7785927057266235 
47.0, 0.7838752865791321 
48.0, 0.7891568541526794 
49.0, 0.794439435005188 
50.0, 0.7997210025787354 
51.0, 0.8050035834312439 
52.0, 0.8094426989555359 
53.0, 0.8137674927711487 
54.0, 0.8180913329124451 
55.0, 0.8224161267280579 
56.0, 0.8267409801483154 
57.0, 0.831064760684967 
58.0, 0.8353896141052246 
59.0, 0.8397144079208374 
60.0, 0.8440382480621338 
61.0, 0.8503501415252686 
62.0, 0.8543967604637146 
63.0, 0.8584423661231995 
64.0, 0.8624890446662903 
65.0, 0.8665356636047363 
66.0, 0.8705822825431824 
67.0, 0.8746289014816284 
68.0, 0.8786755204200745 
69.0, 0.8827221989631653 
70.0, 0.8867688179016113 
71.0, 0.8908154368400574 
72.0, 0.8946981430053711 
73.0, 0.8985788822174072 
74.0, 0.9024595618247986 
75.0, 0.9063412547111511 
76.0, 0.9102219939231873 
77.0, 0.9141027331352234 
78.0, 0.9179844260215759 
79.0, 0.9218651056289673 
80.0, 0.9255192875862122 
81.0, 0.9287760853767395 
82.0, 0.9320328831672668 
83.0, 0.9355052709579468 
84.0, 0.939148485660553 
85.0, 0.942791759967804 
86.0, 0.9464350342750549 
87.0, 0.9500783085823059 
88.0, 0.9537215232849121 
89.0, 0.9573647975921631 
90.0, 0.9610080718994141 
91.0, 0.964651346206665 
92.0, 0.968294620513916 
93.0, 0.9719378352165222 
94.0, 0.9755811095237732 
95.0, 0.9779715538024902 
96.0, 0.9801622629165649 
97.0, 0.9823529720306396 
98.0, 0.9845437407493591 
99.0, 0.9867354035377502 
100.0, 0.10885117037630036 
