Time(Seconds), Inputs 
0.0, 0.12306411564350128 
1.0, 0.21158233284950256 
2.0, 0.26317018270492554 
3.0, 0.30845609307289124 
4.0, 0.3455096483230591 
5.0, 0.37866461277008057 
6.0, 0.4082697033882141 
7.0, 0.4340924620628357 
8.0, 0.4588809311389923 
9.0, 0.4813425838947296 
10.0, 0.5030838847160339 
11.0, 0.5216538906097412 
12.0, 0.5404494404792786 
13.0, 0.5565505027770996 
14.0, 0.5703575611114502 
15.0, 0.584044337272644 
16.0, 0.5963700413703918 
17.0, 0.6078035235404968 
18.0, 0.6191744804382324 
19.0, 0.6304628849029541 
20.0, 0.6381746530532837 
21.0, 0.6458645462989807 
22.0, 0.654211163520813 
23.0, 0.6625577807426453 
24.0, 0.670855700969696 
25.0, 0.6774596571922302 
26.0, 0.6825097799301147 
27.0, 0.6884142756462097 
28.0, 0.6946576237678528 
29.0, 0.7008999586105347 
30.0, 0.7073638439178467 
31.0, 0.713882327079773 
32.0, 0.7197908163070679 
33.0, 0.7249979376792908 
34.0, 0.730201005935669 
35.0, 0.7354041337966919 
36.0, 0.7395838499069214 
37.0, 0.7437477111816406 
38.0, 0.7479414343833923 
39.0, 0.7525076866149902 
40.0, 0.7570738792419434 
41.0, 0.7604320049285889 
42.0, 0.764603853225708 
43.0, 0.768774688243866 
44.0, 0.7726772427558899 
45.0, 0.7758098244667053 
46.0, 0.7789413928985596 
47.0, 0.7822588086128235 
48.0, 0.7859129905700684 
49.0, 0.789566159248352 
50.0, 0.7941175103187561 
51.0, 0.7997617721557617 
52.0, 0.8030244708061218 
53.0, 0.8056692481040955 
54.0, 0.8093035817146301 
55.0, 0.8129388689994812 
56.0, 0.816914975643158 
57.0, 0.821097731590271 
58.0, 0.8252814412117004 
59.0, 0.8290697932243347 
60.0, 0.8327080607414246 
61.0, 0.8363463878631592 
62.0, 0.8410656452178955 
63.0, 0.8452533483505249 
64.0, 0.8474510312080383 
65.0, 0.8514261245727539 
66.0, 0.8555899858474731 
67.0, 0.8597528338432312 
68.0, 0.8634129762649536 
69.0, 0.8670691847801208 
70.0, 0.8708644509315491 
71.0, 0.876074492931366 
72.0, 0.8812845349311829 
73.0, 0.8862740397453308 
74.0, 0.8899351954460144 
75.0, 0.89351487159729 
76.0, 0.8972485065460205 
77.0, 0.9014233350753784 
78.0, 0.9055971503257751 
79.0, 0.9099577069282532 
80.0, 0.9146580696105957 
81.0, 0.9193574786186218 
82.0, 0.9250861406326294 
83.0, 0.9304323196411133 
84.0, 0.9329339861869812 
85.0, 0.9369150400161743 
86.0, 0.942121148109436 
87.0, 0.9473282098770142 
88.0, 0.9512158632278442 
89.0, 0.9543474912643433 
90.0, 0.9574790596961975 
91.0, 0.9619508981704712 
92.0, 0.9669156074523926 
93.0, 0.9718812108039856 
94.0, 0.9756089448928833 
95.0, 0.9782080054283142 
96.0, 0.9808070659637451 
97.0, 0.985302746295929 
98.0, 0.9900031685829163 
99.0, 0.9947025179862976 
100.0, 0.7246922359574006 
