Time(Seconds), Inputs 
0.0, 0.18824738264083862 
1.0, 0.26192331314086914 
2.0, 0.3036375045776367 
3.0, 0.3378277122974396 
4.0, 0.3682812750339508 
5.0, 0.3966524004936218 
6.0, 0.42156606912612915 
7.0, 0.44288814067840576 
8.0, 0.46421417593955994 
9.0, 0.4855114221572876 
10.0, 0.5032448768615723 
11.0, 0.5209783315658569 
12.0, 0.5390217304229736 
13.0, 0.5557616353034973 
14.0, 0.5722700953483582 
15.0, 0.5872892141342163 
16.0, 0.6023073792457581 
17.0, 0.6167433261871338 
18.0, 0.6294345855712891 
19.0, 0.6421259045600891 
20.0, 0.6548172235488892 
21.0, 0.6650177240371704 
22.0, 0.6755988001823425 
23.0, 0.6861798763275146 
24.0, 0.696760892868042 
25.0, 0.7049187421798706 
26.0, 0.7130388617515564 
27.0, 0.7217967510223389 
28.0, 0.7305546998977661 
29.0, 0.7393126487731934 
30.0, 0.7454277873039246 
31.0, 0.7513283491134644 
32.0, 0.7572646737098694 
33.0, 0.7631999850273132 
34.0, 0.7691363096237183 
35.0, 0.7750716209411621 
36.0, 0.7820650935173035 
37.0, 0.7871578931808472 
38.0, 0.7920936942100525 
39.0, 0.7970285415649414 
40.0, 0.8019644021987915 
41.0, 0.8069320321083069 
42.0, 0.8119155764579773 
43.0, 0.8169000744819641 
44.0, 0.8218845725059509 
45.0, 0.8249228000640869 
46.0, 0.8282004594802856 
47.0, 0.8322709202766418 
48.0, 0.836341381072998 
49.0, 0.840411901473999 
50.0, 0.844481348991394 
51.0, 0.8479298949241638 
52.0, 0.8513555526733398 
53.0, 0.8547812700271606 
54.0, 0.8582059144973755 
55.0, 0.8617299795150757 
56.0, 0.8661928772926331 
57.0, 0.8702514171600342 
58.0, 0.8741649389266968 
59.0, 0.8780794143676758 
60.0, 0.8817167282104492 
61.0, 0.8845304250717163 
62.0, 0.8873430490493774 
63.0, 0.8901567459106445 
64.0, 0.8929694294929504 
65.0, 0.8960205316543579 
66.0, 0.8994263410568237 
67.0, 0.9028321504592896 
68.0, 0.9062379598617554 
69.0, 0.9096437692642212 
70.0, 0.9114837646484375 
71.0, 0.9146163463592529 
72.0, 0.917747974395752 
73.0, 0.9208805561065674 
74.0, 0.9240131378173828 
75.0, 0.9269251823425293 
76.0, 0.9297388195991516 
77.0, 0.9325534701347351 
78.0, 0.9353681206703186 
79.0, 0.9381827712059021 
80.0, 0.9412279725074768 
81.0, 0.9443138241767883 
82.0, 0.9474007487297058 
83.0, 0.9504866003990173 
84.0, 0.9508214592933655 
85.0, 0.9538000226020813 
86.0, 0.9569316506385803 
87.0, 0.9600642323493958 
88.0, 0.96319580078125 
89.0, 0.9662846922874451 
90.0, 0.9691003561019897 
91.0, 0.9719150066375732 
92.0, 0.9747306704521179 
93.0, 0.9775463342666626 
94.0, 0.9802675843238831 
95.0, 0.9827603101730347 
96.0, 0.985253095626831 
97.0, 0.9877458214759827 
98.0, 0.990238606929779 
99.0, 0.9947025179862976 
100.0, 0.4343614135641865 
