Time(Seconds), Inputs 
0.0, 0.27156248688697815 
1.0, 0.32852333784103394 
2.0, 0.3604234755039215 
3.0, 0.3849436938762665 
4.0, 0.4072086215019226 
5.0, 0.4253484308719635 
6.0, 0.44348326325416565 
7.0, 0.4608978033065796 
8.0, 0.47831133008003235 
9.0, 0.49354109168052673 
10.0, 0.5070719122886658 
11.0, 0.5207636952400208 
12.0, 0.5347535610198975 
13.0, 0.5473991632461548 
14.0, 0.5600437521934509 
15.0, 0.5726744532585144 
16.0, 0.5835088491439819 
17.0, 0.5943432450294495 
18.0, 0.605177640914917 
19.0, 0.6159663796424866 
20.0, 0.6262155771255493 
21.0, 0.6363634467124939 
22.0, 0.6462748646736145 
23.0, 0.6561852693557739 
24.0, 0.6651379466056824 
25.0, 0.6739137768745422 
26.0, 0.6826896071434021 
27.0, 0.6914644241333008 
28.0, 0.7002402544021606 
29.0, 0.7081606388092041 
30.0, 0.7160740494728088 
31.0, 0.7236517071723938 
32.0, 0.7308865189552307 
33.0, 0.7381213903427124 
34.0, 0.7452718019485474 
35.0, 0.7522592544555664 
36.0, 0.7592477202415466 
37.0, 0.7662352323532104 
38.0, 0.7732236981391907 
39.0, 0.7802111506462097 
40.0, 0.7868528962135315 
41.0, 0.7925328612327576 
42.0, 0.7982416749000549 
43.0, 0.8039514422416687 
44.0, 0.8096602559089661 
45.0, 0.8153700232505798 
46.0, 0.8210788369178772 
47.0, 0.8267886638641357 
48.0, 0.8316996693611145 
49.0, 0.8358704447746277 
50.0, 0.8400422930717468 
51.0, 0.8447843790054321 
52.0, 0.84954434633255 
53.0, 0.8543053269386292 
54.0, 0.8590663075447083 
55.0, 0.863826334476471 
56.0, 0.8685872554779053 
57.0, 0.8729955554008484 
58.0, 0.8764073252677917 
59.0, 0.8798201084136963 
60.0, 0.8833053708076477 
61.0, 0.8872288465499878 
62.0, 0.8911512494087219 
63.0, 0.8950746655464172 
64.0, 0.8989981412887573 
65.0, 0.9029205441474915 
66.0, 0.9068440198898315 
67.0, 0.9107674360275269 
68.0, 0.9146809577941895 
69.0, 0.9165765643119812 
70.0, 0.9188935160636902 
71.0, 0.9218403100967407 
72.0, 0.9247871041297913 
73.0, 0.9277338981628418 
74.0, 0.9306806921958923 
75.0, 0.9336274862289429 
76.0, 0.9365742802619934 
77.0, 0.939521074295044 
78.0, 0.9424678683280945 
79.0, 0.945414662361145 
80.0, 0.9490877389907837 
81.0, 0.9532496333122253 
82.0, 0.957352876663208 
83.0, 0.9600791335105896 
84.0, 0.9628063440322876 
85.0, 0.9655326008796692 
86.0, 0.968258798122406 
87.0, 0.9709850549697876 
88.0, 0.9737113118171692 
89.0, 0.976437509059906 
90.0, 0.9789332747459412 
91.0, 0.9813693761825562 
92.0, 0.9838045239448547 
93.0, 0.9862406849861145 
94.0, 0.9886757731437683 
95.0, 0.9911119341850281 
96.0, 0.9935470223426819 
97.0, 0.9959831833839417 
98.0, 0.9984183311462402 
99.0, 0.9998122453689575 
100.0, 0.2153879892181452 
