Time(Seconds), Inputs 
0.0, 0.09216048568487167 
1.0, 0.36352428793907166 
2.0, 0.3891353905200958 
3.0, 0.40879330039024353 
4.0, 0.42779847979545593 
5.0, 0.4442254304885864 
6.0, 0.4593299925327301 
7.0, 0.47443556785583496 
8.0, 0.48685166239738464 
9.0, 0.4983328580856323 
10.0, 0.5098140239715576 
11.0, 0.5212604403495789 
12.0, 0.53169846534729 
13.0, 0.5421364307403564 
14.0, 0.5525743961334229 
15.0, 0.5630134344100952 
16.0, 0.572091281414032 
17.0, 0.581107497215271 
18.0, 0.5904486179351807 
19.0, 0.5998136401176453 
20.0, 0.6086907982826233 
21.0, 0.6165982484817505 
22.0, 0.6245056986808777 
23.0, 0.6324121952056885 
24.0, 0.6403197050094604 
25.0, 0.6482271552085876 
26.0, 0.655712366104126 
27.0, 0.6631767153739929 
28.0, 0.6706411242485046 
29.0, 0.6781044602394104 
30.0, 0.6855688095092773 
31.0, 0.6927043199539185 
32.0, 0.698844313621521 
33.0, 0.7049843072891235 
34.0, 0.7112296223640442 
35.0, 0.7175692915916443 
36.0, 0.7239090204238892 
37.0, 0.7302497029304504 
38.0, 0.7364403605461121 
39.0, 0.74244624376297 
40.0, 0.7484530806541443 
41.0, 0.7544599175453186 
42.0, 0.7604658007621765 
43.0, 0.7664726376533508 
44.0, 0.7724785208702087 
45.0, 0.7782111763954163 
46.0, 0.7834579944610596 
47.0, 0.7887037992477417 
48.0, 0.793950617313385 
49.0, 0.7991964221000671 
50.0, 0.8043399453163147 
51.0, 0.808868408203125 
52.0, 0.8133978843688965 
53.0, 0.817927360534668 
54.0, 0.8227112293243408 
55.0, 0.8275645971298218 
56.0, 0.8324179649353027 
57.0, 0.8372713327407837 
58.0, 0.8421247005462646 
59.0, 0.8469780683517456 
60.0, 0.8518314957618713 
61.0, 0.8566838502883911 
62.0, 0.8615282773971558 
63.0, 0.8658143281936646 
64.0, 0.8700994253158569 
65.0, 0.8743854761123657 
66.0, 0.8786715865135193 
67.0, 0.8825304508209229 
68.0, 0.886255145072937 
69.0, 0.889979898929596 
70.0, 0.8937036395072937 
71.0, 0.8974283337593079 
72.0, 0.9011530876159668 
73.0, 0.9048023223876953 
74.0, 0.9082001447677612 
75.0, 0.9115970134735107 
76.0, 0.9149948954582214 
77.0, 0.918391764163971 
78.0, 0.9217886328697205 
79.0, 0.9251864552497864 
80.0, 0.9285833239555359 
81.0, 0.9319812059402466 
82.0, 0.9353780746459961 
83.0, 0.9389954805374146 
84.0, 0.9429686069488525 
85.0, 0.9468602538108826 
86.0, 0.9498825669288635 
87.0, 0.9529048800468445 
88.0, 0.9559261798858643 
89.0, 0.9589484930038452 
90.0, 0.9619708061218262 
91.0, 0.9649931192398071 
92.0, 0.9680154323577881 
93.0, 0.9710367321968079 
94.0, 0.9740590453147888 
95.0, 0.9770813584327698 
96.0, 0.9801036715507507 
97.0, 0.9831259250640869 
98.0, 0.9861472845077515 
99.0, 0.9891695976257324 
100.0, 0.12853912680602456 
