Time(Seconds), Inputs 
0.0, 0.19826510548591614 
1.0, 0.2707984745502472 
2.0, 0.30937710404396057 
3.0, 0.3400084972381592 
4.0, 0.366997629404068 
5.0, 0.3911234438419342 
6.0, 0.4140649437904358 
7.0, 0.4339384436607361 
8.0, 0.45372551679611206 
9.0, 0.47175702452659607 
10.0, 0.48946166038513184 
11.0, 0.5066158771514893 
12.0, 0.5220602750778198 
13.0, 0.5375046133995056 
14.0, 0.5523766875267029 
15.0, 0.5669577121734619 
16.0, 0.5815396904945374 
17.0, 0.5942776799201965 
18.0, 0.6063559651374817 
19.0, 0.6184343099594116 
20.0, 0.630141019821167 
21.0, 0.6403892040252686 
22.0, 0.6506384611129761 
23.0, 0.6620649695396423 
24.0, 0.6739803552627563 
25.0, 0.683224081993103 
26.0, 0.6924688816070557 
27.0, 0.7017136216163635 
28.0, 0.7109584212303162 
29.0, 0.7165896892547607 
30.0, 0.7250167727470398 
31.0, 0.73344486951828 
32.0, 0.7418719530105591 
33.0, 0.7502990365028381 
34.0, 0.7580982446670532 
35.0, 0.7645233869552612 
36.0, 0.7706544399261475 
37.0, 0.7766304612159729 
38.0, 0.7826055288314819 
39.0, 0.788580596446991 
40.0, 0.7945566773414612 
41.0, 0.8001044988632202 
42.0, 0.8047115206718445 
43.0, 0.8094863891601562 
44.0, 0.814261257648468 
45.0, 0.8190351724624634 
46.0, 0.8238100409507751 
47.0, 0.8285849690437317 
48.0, 0.8333598375320435 
49.0, 0.8392693400382996 
50.0, 0.8435364961624146 
51.0, 0.846821129322052 
52.0, 0.8501067161560059 
53.0, 0.8533923029899597 
54.0, 0.8566768765449524 
55.0, 0.8604056239128113 
56.0, 0.8645118474960327 
57.0, 0.8686190843582153 
58.0, 0.872726321220398 
59.0, 0.8768325448036194 
60.0, 0.880939781665802 
61.0, 0.8832387924194336 
62.0, 0.8865770697593689 
63.0, 0.8899152874946594 
64.0, 0.8932545781135559 
65.0, 0.8965927958488464 
66.0, 0.8999310731887817 
67.0, 0.9032692909240723 
68.0, 0.9060481786727905 
69.0, 0.9086939692497253 
70.0, 0.9113397002220154 
71.0, 0.9139854907989502 
72.0, 0.9166312217712402 
73.0, 0.919277012348175 
74.0, 0.9233753085136414 
75.0, 0.9278252720832825 
76.0, 0.9303995370864868 
77.0, 0.9329737424850464 
78.0, 0.935547947883606 
79.0, 0.9381222128868103 
80.0, 0.9407013654708862 
81.0, 0.9433382153511047 
82.0, 0.9459750056266785 
83.0, 0.9486108422279358 
84.0, 0.9512476921081543 
85.0, 0.9538834691047668 
86.0, 0.9565203189849854 
87.0, 0.9592117667198181 
88.0, 0.9619250893592834 
89.0, 0.9646373987197876 
90.0, 0.9673507213592529 
91.0, 0.9698206782341003 
92.0, 0.9714599847793579 
93.0, 0.9732880592346191 
94.0, 0.9754430055618286 
95.0, 0.9775969982147217 
96.0, 0.9797519445419312 
97.0, 0.9819058775901794 
98.0, 0.9840608835220337 
99.0, 0.986214816570282 
100.0, 0.3312311839174924 
