Time(Seconds), Inputs 
0.0, 0.011179156601428986 
1.0, 0.27402645349502563 
2.0, 0.3131008446216583 
3.0, 0.344853937625885 
4.0, 0.3718281686306 
5.0, 0.3954482674598694 
6.0, 0.41914883255958557 
7.0, 0.4398350417613983 
8.0, 0.46052125096321106 
9.0, 0.47962477803230286 
10.0, 0.49855440855026245 
11.0, 0.514196515083313 
12.0, 0.5286890864372253 
13.0, 0.5451955199241638 
14.0, 0.5597854256629944 
15.0, 0.574034571647644 
16.0, 0.5882827639579773 
17.0, 0.6011240482330322 
18.0, 0.6144015789031982 
19.0, 0.6286060214042664 
20.0, 0.640558123588562 
21.0, 0.6515653729438782 
22.0, 0.6625736951828003 
23.0, 0.6735819578170776 
24.0, 0.6838997006416321 
25.0, 0.6928504109382629 
26.0, 0.701801061630249 
27.0, 0.7107517123222351 
28.0, 0.7196239233016968 
29.0, 0.7281831502914429 
30.0, 0.736149251461029 
31.0, 0.743947446346283 
32.0, 0.7517465949058533 
33.0, 0.7595447897911072 
34.0, 0.7650439739227295 
35.0, 0.7694929838180542 
36.0, 0.7760631442070007 
37.0, 0.7826790809631348 
38.0, 0.789294958114624 
39.0, 0.7959108352661133 
40.0, 0.8025267124176025 
41.0, 0.8068356513977051 
42.0, 0.8112648129463196 
43.0, 0.8156949281692505 
44.0, 0.8201250433921814 
45.0, 0.8245552182197571 
46.0, 0.8289843201637268 
47.0, 0.8336718082427979 
48.0, 0.8388540148735046 
49.0, 0.8440362811088562 
50.0, 0.8486154079437256 
51.0, 0.8523193001747131 
52.0, 0.8560231328010559 
53.0, 0.8596991896629333 
54.0, 0.863349437713623 
55.0, 0.8670006394386292 
56.0, 0.8706508278846741 
57.0, 0.8743020296096802 
58.0, 0.8779522776603699 
59.0, 0.8817445635795593 
60.0, 0.885595440864563 
61.0, 0.8894463777542114 
62.0, 0.891547679901123 
63.0, 0.8935486078262329 
64.0, 0.8955485820770264 
65.0, 0.8985699415206909 
66.0, 0.9016975164413452 
67.0, 0.9048241376876831 
68.0, 0.9079508185386658 
69.0, 0.9110783934593201 
70.0, 0.9141871333122253 
71.0, 0.917068362236023 
72.0, 0.9199506044387817 
73.0, 0.9228318333625793 
74.0, 0.925713062286377 
75.0, 0.928595244884491 
76.0, 0.9318450689315796 
77.0, 0.9342444539070129 
78.0, 0.9364699721336365 
79.0, 0.9386944770812988 
80.0, 0.9409199357032776 
81.0, 0.9431445002555847 
82.0, 0.9455488324165344 
83.0, 0.9481717348098755 
84.0, 0.950795590877533 
85.0, 0.9534195065498352 
86.0, 0.9560434222221375 
87.0, 0.9586663246154785 
88.0, 0.9609385132789612 
89.0, 0.963024914264679 
90.0, 0.9651113152503967 
91.0, 0.9671987295150757 
92.0, 0.9692851305007935 
93.0, 0.9713715314865112 
94.0, 0.9756516814231873 
95.0, 0.9772989153862 
96.0, 0.9789462089538574 
97.0, 0.9805934429168701 
98.0, 0.9822407364845276 
99.0, 0.9838879704475403 
100.0, 0.3624696068370245 
