Time(Seconds), Inputs 
0.0, 0.10888450592756271 
1.0, 0.2805529236793518 
2.0, 0.32053738832473755 
3.0, 0.35477328300476074 
4.0, 0.38266754150390625 
5.0, 0.40678438544273376 
6.0, 0.4298441410064697 
7.0, 0.4504687488079071 
8.0, 0.47074562311172485 
9.0, 0.4870027005672455 
10.0, 0.5049844980239868 
11.0, 0.522882878780365 
12.0, 0.5386094450950623 
13.0, 0.5543349385261536 
14.0, 0.5691275596618652 
15.0, 0.5830438733100891 
16.0, 0.5978633165359497 
17.0, 0.6107642650604248 
18.0, 0.6220219135284424 
19.0, 0.63327956199646 
20.0, 0.6445372104644775 
21.0, 0.6561982035636902 
22.0, 0.6666660308837891 
23.0, 0.6769371032714844 
24.0, 0.6872081756591797 
25.0, 0.6964767575263977 
26.0, 0.7054324150085449 
27.0, 0.714387059211731 
28.0, 0.7228101491928101 
29.0, 0.7311567664146423 
30.0, 0.7385605573654175 
31.0, 0.7458261847496033 
32.0, 0.7530908584594727 
33.0, 0.7603565454483032 
34.0, 0.7671124935150146 
35.0, 0.7738098502159119 
36.0, 0.7787427306175232 
37.0, 0.7833695411682129 
38.0, 0.7879964113235474 
39.0, 0.7926232814788818 
40.0, 0.7989351153373718 
41.0, 0.8054149150848389 
42.0, 0.8118956685066223 
43.0, 0.8178975582122803 
44.0, 0.8212994337081909 
45.0, 0.8247002363204956 
46.0, 0.8289257287979126 
47.0, 0.8332227468490601 
48.0, 0.8375187516212463 
49.0, 0.841815710067749 
50.0, 0.8461117148399353 
51.0, 0.8504077196121216 
52.0, 0.8551230430603027 
53.0, 0.8598819971084595 
54.0, 0.8632599711418152 
55.0, 0.8666210770606995 
56.0, 0.8699821829795837 
57.0, 0.8733422756195068 
58.0, 0.8766447901725769 
59.0, 0.8799412846565247 
60.0, 0.8832378387451172 
61.0, 0.8865343332290649 
62.0, 0.8898318409919739 
63.0, 0.8931283950805664 
64.0, 0.8962440490722656 
65.0, 0.8993438482284546 
66.0, 0.9024436473846436 
67.0, 0.9049503207206726 
68.0, 0.9074441194534302 
69.0, 0.909937858581543 
70.0, 0.912471354007721 
71.0, 0.9150078296661377 
72.0, 0.9175432920455933 
73.0, 0.92007976770401 
74.0, 0.9226162433624268 
75.0, 0.9251527190208435 
76.0, 0.9284034967422485 
77.0, 0.931704044342041 
78.0, 0.9350035190582275 
79.0, 0.9383029937744141 
80.0, 0.9416025280952454 
81.0, 0.9449020028114319 
82.0, 0.9477325677871704 
83.0, 0.95053631067276 
84.0, 0.9533400535583496 
85.0, 0.9561437964439392 
86.0, 0.958947479724884 
87.0, 0.9617522358894348 
88.0, 0.9635385870933533 
89.0, 0.9653070569038391 
90.0, 0.9670745134353638 
91.0, 0.9688420295715332 
92.0, 0.970610499382019 
93.0, 0.9723779559135437 
94.0, 0.9753585457801819 
95.0, 0.9783878326416016 
96.0, 0.9814161062240601 
97.0, 0.9844443798065186 
98.0, 0.9874736070632935 
99.0, 0.9876495003700256 
100.0, 0.35179207882847396 
