Time(Seconds), Inputs 
0.0, 0.2291528433561325 
1.0, 0.29484379291534424 
2.0, 0.32827892899513245 
3.0, 0.359401136636734 
4.0, 0.3848264813423157 
5.0, 0.40899500250816345 
6.0, 0.4305694103240967 
7.0, 0.45004352927207947 
8.0, 0.4655971825122833 
9.0, 0.4811508357524872 
10.0, 0.4976940155029297 
11.0, 0.5144757032394409 
12.0, 0.5312573313713074 
13.0, 0.545296847820282 
14.0, 0.5590929388999939 
15.0, 0.5728890299797058 
16.0, 0.5846901535987854 
17.0, 0.5963472127914429 
18.0, 0.6087453961372375 
19.0, 0.6207223534584045 
20.0, 0.6316462159156799 
21.0, 0.6425700187683105 
22.0, 0.6534938216209412 
23.0, 0.6640609502792358 
24.0, 0.6740846633911133 
25.0, 0.6841689348220825 
26.0, 0.6942741274833679 
27.0, 0.7039520740509033 
28.0, 0.7116628289222717 
29.0, 0.7193735837936401 
30.0, 0.7270843386650085 
31.0, 0.734795093536377 
32.0, 0.743105947971344 
33.0, 0.7507033944129944 
34.0, 0.7577117681503296 
35.0, 0.76472008228302 
36.0, 0.7717283964157104 
37.0, 0.7787367701530457 
38.0, 0.7857440710067749 
39.0, 0.7901841402053833 
40.0, 0.7954121232032776 
41.0, 0.8013593554496765 
42.0, 0.8073065876960754 
43.0, 0.8132538199424744 
44.0, 0.8192000985145569 
45.0, 0.8251473307609558 
46.0, 0.8310945630073547 
47.0, 0.8358168005943298 
48.0, 0.8398922681808472 
49.0, 0.8439667224884033 
50.0, 0.8480421304702759 
51.0, 0.8521175980567932 
52.0, 0.8561930656433105 
53.0, 0.8602684736251831 
54.0, 0.8643429279327393 
55.0, 0.8683279752731323 
56.0, 0.8722960948944092 
57.0, 0.8765047192573547 
58.0, 0.8809000849723816 
59.0, 0.8852953910827637 
60.0, 0.8896907567977905 
61.0, 0.8940861225128174 
62.0, 0.8978973031044006 
63.0, 0.9007646441459656 
64.0, 0.9036319255828857 
65.0, 0.9064992666244507 
66.0, 0.9093665480613708 
67.0, 0.9122338891029358 
68.0, 0.9151012301445007 
69.0, 0.9177459478378296 
70.0, 0.9207186102867126 
71.0, 0.9237667322158813 
72.0, 0.9268158674240112 
73.0, 0.9298639893531799 
74.0, 0.9329131245613098 
75.0, 0.9359622597694397 
76.0, 0.9390103816986084 
77.0, 0.9421718120574951 
78.0, 0.9454941749572754 
79.0, 0.9488155245780945 
80.0, 0.9521378874778748 
81.0, 0.955460250377655 
82.0, 0.9587815999984741 
83.0, 0.960425853729248 
84.0, 0.9619439840316772 
85.0, 0.9643125534057617 
86.0, 0.9667426943778992 
87.0, 0.9691728949546814 
88.0, 0.9716030359268188 
89.0, 0.9740331768989563 
90.0, 0.9764633774757385 
91.0, 0.978893518447876 
92.0, 0.9811528325080872 
93.0, 0.983192503452301 
94.0, 0.9852322340011597 
95.0, 0.9872719645500183 
96.0, 0.9893116354942322 
97.0, 0.9913513660430908 
98.0, 0.9933910369873047 
99.0, 0.9954297542572021 
100.0, 0.2819165470811918 
