Time(Seconds), Inputs 
0.0, 0.2654702067375183 
1.0, 0.32755663990974426 
2.0, 0.3594478368759155 
3.0, 0.3830321729183197 
4.0, 0.4050010144710541 
5.0, 0.42367035150527954 
6.0, 0.4421241283416748 
7.0, 0.4568779766559601 
8.0, 0.47163185477256775 
9.0, 0.48597636818885803 
10.0, 0.49843519926071167 
11.0, 0.5108930468559265 
12.0, 0.5233518481254578 
13.0, 0.5374102592468262 
14.0, 0.5496077537536621 
15.0, 0.5613353252410889 
16.0, 0.5721339583396912 
17.0, 0.5813926458358765 
18.0, 0.5906513333320618 
19.0, 0.5999099612236023 
20.0, 0.6091686487197876 
21.0, 0.6181809306144714 
22.0, 0.6271296143531799 
23.0, 0.636077344417572 
24.0, 0.6450250148773193 
25.0, 0.6553348302841187 
26.0, 0.6631975769996643 
27.0, 0.6710603833198547 
28.0, 0.6789231300354004 
29.0, 0.6867868900299072 
30.0, 0.6946496367454529 
31.0, 0.7018835544586182 
32.0, 0.7087616920471191 
33.0, 0.7156388759613037 
34.0, 0.7225160598754883 
35.0, 0.7293932437896729 
36.0, 0.7381303310394287 
37.0, 0.7458967566490173 
38.0, 0.7519969940185547 
39.0, 0.758097231388092 
40.0, 0.764196515083313 
41.0, 0.7702967524528503 
42.0, 0.7763969898223877 
43.0, 0.7824962735176086 
44.0, 0.7881752252578735 
45.0, 0.7934677600860596 
46.0, 0.7987592816352844 
47.0, 0.8040458559989929 
48.0, 0.8092628717422485 
49.0, 0.8144808411598206 
50.0, 0.8196988701820374 
51.0, 0.8249168395996094 
52.0, 0.8298516869544983 
53.0, 0.8344189524650574 
54.0, 0.8389871716499329 
55.0, 0.8435543775558472 
56.0, 0.8481226563453674 
57.0, 0.8526908755302429 
58.0, 0.8572580814361572 
59.0, 0.861871063709259 
60.0, 0.8664959073066711 
61.0, 0.870988667011261 
62.0, 0.874864399433136 
63.0, 0.878740131855011 
64.0, 0.882615864276886 
65.0, 0.886491596698761 
66.0, 0.8903673887252808 
67.0, 0.8942431211471558 
68.0, 0.8981188535690308 
69.0, 0.9019945859909058 
70.0, 0.9067625403404236 
71.0, 0.9122000932693481 
72.0, 0.9155890345573425 
73.0, 0.9187464714050293 
74.0, 0.9219048619270325 
75.0, 0.9250622987747192 
76.0, 0.928219735622406 
77.0, 0.9313771724700928 
78.0, 0.9345345497131348 
79.0, 0.9376919865608215 
80.0, 0.9408494234085083 
81.0, 0.943979024887085 
82.0, 0.9470450282096863 
83.0, 0.9501100778579712 
84.0, 0.9531751275062561 
85.0, 0.956185519695282 
86.0, 0.959087610244751 
87.0, 0.9619906544685364 
88.0, 0.9648937582969666 
89.0, 0.9677958488464355 
90.0, 0.9706989526748657 
91.0, 0.9736010432243347 
92.0, 0.9765070676803589 
93.0, 0.9795264005661011 
94.0, 0.9825457334518433 
95.0, 0.9855650663375854 
96.0, 0.9885843992233276 
97.0, 0.9916037321090698 
98.0, 0.994623064994812 
99.0, 0.9976423382759094 
100.0, 0.18727511188516388 
