Time(Seconds), Inputs 
0.0, 0.26492276787757874 
1.0, 0.3174673914909363 
2.0, 0.3505994975566864 
3.0, 0.37545454502105713 
4.0, 0.4000214636325836 
5.0, 0.41824373602867126 
6.0, 0.43629908561706543 
7.0, 0.45277372002601624 
8.0, 0.4692493677139282 
9.0, 0.48416319489479065 
10.0, 0.49762746691703796 
11.0, 0.5110917091369629 
12.0, 0.5241824388504028 
13.0, 0.5366442203521729 
14.0, 0.5492093563079834 
15.0, 0.5617754459381104 
16.0, 0.572835385799408 
17.0, 0.5838565826416016 
18.0, 0.5948787927627563 
19.0, 0.6056386828422546 
20.0, 0.6145465970039368 
21.0, 0.6234555840492249 
22.0, 0.632363498210907 
23.0, 0.6448769569396973 
24.0, 0.6544774174690247 
25.0, 0.6631519198417664 
26.0, 0.6718263626098633 
27.0, 0.6804998517036438 
28.0, 0.6891743540763855 
29.0, 0.6972626447677612 
30.0, 0.7053330540657043 
31.0, 0.7134024500846863 
32.0, 0.721455991268158 
33.0, 0.7288428544998169 
34.0, 0.735764741897583 
35.0, 0.7423597574234009 
36.0, 0.7489548325538635 
37.0, 0.7555498480796814 
38.0, 0.7621448636054993 
39.0, 0.7687398791313171 
40.0, 0.7752792835235596 
41.0, 0.7815086841583252 
42.0, 0.7873347401618958 
43.0, 0.7926599979400635 
44.0, 0.797985315322876 
45.0, 0.8033106327056885 
46.0, 0.8086369037628174 
47.0, 0.8139622211456299 
48.0, 0.8191652894020081 
49.0, 0.8242283463478088 
50.0, 0.8292913436889648 
51.0, 0.834355354309082 
52.0, 0.8393011093139648 
53.0, 0.8442299962043762 
54.0, 0.8491588830947876 
55.0, 0.8540887832641602 
56.0, 0.8590176701545715 
57.0, 0.8632262349128723 
58.0, 0.8670413494110107 
59.0, 0.8708574771881104 
60.0, 0.8746726512908936 
61.0, 0.8785116076469421 
62.0, 0.8824141621589661 
63.0, 0.8863177299499512 
64.0, 0.8902212977409363 
65.0, 0.894123911857605 
66.0, 0.8980274796485901 
67.0, 0.901930034160614 
68.0, 0.905634880065918 
69.0, 0.9092413783073425 
70.0, 0.9128488898277283 
71.0, 0.9159039855003357 
72.0, 0.9187554121017456 
73.0, 0.9216058254241943 
74.0, 0.9244572520256042 
75.0, 0.927307665348053 
76.0, 0.9301590919494629 
77.0, 0.9330095052719116 
78.0, 0.9358609318733215 
79.0, 0.9387113451957703 
80.0, 0.9417883157730103 
81.0, 0.945923388004303 
82.0, 0.9485929608345032 
83.0, 0.9512625932693481 
84.0, 0.9539321660995483 
85.0, 0.9566017985343933 
86.0, 0.9592713713645935 
87.0, 0.9619410037994385 
88.0, 0.9646105766296387 
89.0, 0.9672802090644836 
90.0, 0.9698047637939453 
91.0, 0.9722229838371277 
92.0, 0.9746412634849548 
93.0, 0.9770594835281372 
94.0, 0.9794777035713196 
95.0, 0.9818959832191467 
96.0, 0.9843142032623291 
97.0, 0.9867324233055115 
98.0, 0.9894795417785645 
99.0, 0.9926638007164001 
100.0, 0.22021682940227133 
