Time(Seconds), Inputs 
0.0, 0.21397870779037476 
1.0, 0.27494943141937256 
2.0, 0.3125692903995514 
3.0, 0.34544408321380615 
4.0, 0.37008750438690186 
5.0, 0.39432457089424133 
6.0, 0.41755223274230957 
7.0, 0.4363527297973633 
8.0, 0.45536285638809204 
9.0, 0.47393086552619934 
10.0, 0.4914020299911499 
11.0, 0.5088741779327393 
12.0, 0.5227090120315552 
13.0, 0.5376288294792175 
14.0, 0.554255485534668 
15.0, 0.5667262077331543 
16.0, 0.5791979432106018 
17.0, 0.5916686654090881 
18.0, 0.6036317348480225 
19.0, 0.6152877807617188 
20.0, 0.6298618316650391 
21.0, 0.6433201432228088 
22.0, 0.6527546644210815 
23.0, 0.6621881723403931 
24.0, 0.6716217398643494 
25.0, 0.6810562610626221 
26.0, 0.6917942762374878 
27.0, 0.7003892660140991 
28.0, 0.7089832425117493 
29.0, 0.7175782322883606 
30.0, 0.7260739207267761 
31.0, 0.7336534857749939 
32.0, 0.74123215675354 
33.0, 0.7487541437149048 
34.0, 0.7562174797058105 
35.0, 0.7636808753013611 
36.0, 0.7702679634094238 
37.0, 0.775762140750885 
38.0, 0.7812563180923462 
39.0, 0.786749541759491 
40.0, 0.7924324870109558 
41.0, 0.7981472611427307 
42.0, 0.8038620352745056 
43.0, 0.8095768094062805 
44.0, 0.8152597546577454 
45.0, 0.8209397792816162 
46.0, 0.8263803124427795 
47.0, 0.8308700323104858 
48.0, 0.8353598117828369 
49.0, 0.8398505449295044 
50.0, 0.8443402647972107 
51.0, 0.8488300442695618 
52.0, 0.8531190752983093 
53.0, 0.856380820274353 
54.0, 0.8600171208381653 
55.0, 0.8636544346809387 
56.0, 0.867290735244751 
57.0, 0.8709270358085632 
58.0, 0.8745643496513367 
59.0, 0.8782006502151489 
60.0, 0.8821787238121033 
61.0, 0.8861985206604004 
62.0, 0.8902183175086975 
63.0, 0.8942381739616394 
64.0, 0.8975465893745422 
65.0, 0.9006056785583496 
66.0, 0.9036388993263245 
67.0, 0.9065995812416077 
68.0, 0.9095603227615356 
69.0, 0.91252201795578 
70.0, 0.9154826998710632 
71.0, 0.9184434413909912 
72.0, 0.9214041233062744 
73.0, 0.9246003031730652 
74.0, 0.9279544353485107 
75.0, 0.9313076138496399 
76.0, 0.9346617460250854 
77.0, 0.9379254579544067 
78.0, 0.9400535821914673 
79.0, 0.9421807527542114 
80.0, 0.9446655511856079 
81.0, 0.9471762180328369 
82.0, 0.9496868252754211 
83.0, 0.9521974921226501 
84.0, 0.9547080993652344 
85.0, 0.9572187662124634 
86.0, 0.9597979784011841 
87.0, 0.962548017501831 
88.0, 0.9652981162071228 
89.0, 0.9680482149124146 
90.0, 0.9707982540130615 
91.0, 0.9735473394393921 
92.0, 0.9762974381446838 
93.0, 0.9797251224517822 
94.0, 0.9820360541343689 
95.0, 0.984108567237854 
96.0, 0.9861800670623779 
97.0, 0.9882515668869019 
98.0, 0.9903240203857422 
99.0, 0.9923955798149109 
100.0, 0.3169000889971427 
