Time(Seconds), Inputs 
0.0, 0.17906421422958374 
1.0, 0.28978773951530457 
2.0, 0.32577523589134216 
3.0, 0.355313777923584 
4.0, 0.37933921813964844 
5.0, 0.4024546146392822 
6.0, 0.4223618805408478 
7.0, 0.4422691762447357 
8.0, 0.4585689604282379 
9.0, 0.47458064556121826 
10.0, 0.49048399925231934 
11.0, 0.5061678290367126 
12.0, 0.5218526124954224 
13.0, 0.535888135433197 
14.0, 0.5489380955696106 
15.0, 0.5617873668670654 
16.0, 0.5742313265800476 
17.0, 0.5862281322479248 
18.0, 0.598224937915802 
19.0, 0.6102207899093628 
20.0, 0.6212350130081177 
21.0, 0.6320038437843323 
22.0, 0.6427696943283081 
23.0, 0.6535057425498962 
24.0, 0.662858784198761 
25.0, 0.6719803810119629 
26.0, 0.6811009645462036 
27.0, 0.6902214884757996 
28.0, 0.6989844441413879 
29.0, 0.7063345313072205 
30.0, 0.7141605019569397 
31.0, 0.7221365571022034 
32.0, 0.7301135659217834 
33.0, 0.7380896210670471 
34.0, 0.7450602054595947 
35.0, 0.7517257332801819 
36.0, 0.758392333984375 
37.0, 0.7651204466819763 
38.0, 0.7719599008560181 
39.0, 0.7787993550300598 
40.0, 0.78493732213974 
41.0, 0.7903004288673401 
42.0, 0.7956634759902954 
43.0, 0.8010274767875671 
44.0, 0.8063905835151672 
45.0, 0.8114863634109497 
46.0, 0.8165682554244995 
47.0, 0.8216501474380493 
48.0, 0.8266316652297974 
49.0, 0.8314462900161743 
50.0, 0.8362609148025513 
51.0, 0.8410755395889282 
52.0, 0.8455832004547119 
53.0, 0.849882185459137 
54.0, 0.854181170463562 
55.0, 0.8584791421890259 
56.0, 0.8627781271934509 
57.0, 0.867077112197876 
58.0, 0.8705604076385498 
59.0, 0.8740149140357971 
60.0, 0.8775111436843872 
61.0, 0.8810083270072937 
62.0, 0.8845045566558838 
63.0, 0.8880007863044739 
64.0, 0.8914979696273804 
65.0, 0.8949941992759705 
66.0, 0.8984904289245605 
67.0, 0.9023830890655518 
68.0, 0.9063611626625061 
69.0, 0.9102160334587097 
70.0, 0.9134092330932617 
71.0, 0.9166014194488525 
72.0, 0.9197936058044434 
73.0, 0.9229868054389954 
74.0, 0.9258819818496704 
75.0, 0.9283438920974731 
76.0, 0.9308048486709595 
77.0, 0.933266818523407 
78.0, 0.9357287883758545 
79.0, 0.938190758228302 
80.0, 0.9406517148017883 
81.0, 0.9431365132331848 
82.0, 0.9468622207641602 
83.0, 0.9505879878997803 
84.0, 0.9537622928619385 
85.0, 0.9565312266349792 
86.0, 0.9593002200126648 
87.0, 0.9620701670646667 
88.0, 0.9648391008377075 
89.0, 0.9672732353210449 
90.0, 0.969527542591095 
91.0, 0.9717828631401062 
92.0, 0.9740371704101562 
93.0, 0.9762914776802063 
94.0, 0.9785457849502563 
95.0, 0.9808011054992676 
96.0, 0.983428955078125 
97.0, 0.9871556758880615 
98.0, 0.9908834099769592 
99.0, 0.9946110844612122 
100.0, 0.28530823244861375 
