Time(Seconds), Inputs 
0.0, 0.19049771130084991 
1.0, 0.26346129179000854 
2.0, 0.30493107438087463 
3.0, 0.33859968185424805 
4.0, 0.36748844385147095 
5.0, 0.3937036395072937 
6.0, 0.4173137843608856 
7.0, 0.4389617145061493 
8.0, 0.4592733681201935 
9.0, 0.47875940799713135 
10.0, 0.49848684668540955 
11.0, 0.5163941979408264 
12.0, 0.5339279174804688 
13.0, 0.5485039353370667 
14.0, 0.5630799531936646 
15.0, 0.5790141224861145 
16.0, 0.5924436450004578 
17.0, 0.6058731079101562 
18.0, 0.6189996004104614 
19.0, 0.6303228139877319 
20.0, 0.641788125038147 
21.0, 0.6541863083839417 
22.0, 0.6650276780128479 
23.0, 0.6745367050170898 
24.0, 0.6840457320213318 
25.0, 0.6935557723045349 
26.0, 0.7040752172470093 
27.0, 0.7115892767906189 
28.0, 0.7191033363342285 
29.0, 0.7266173362731934 
30.0, 0.734131395816803 
31.0, 0.741332471370697 
32.0, 0.7478848099708557 
33.0, 0.7532627582550049 
34.0, 0.758640706539154 
35.0, 0.7640186548233032 
36.0, 0.7697314023971558 
37.0, 0.7762072086334229 
38.0, 0.7826820611953735 
39.0, 0.7891191244125366 
40.0, 0.7937241196632385 
41.0, 0.7983509302139282 
42.0, 0.8035162687301636 
43.0, 0.8086806535720825 
44.0, 0.8138459920883179 
45.0, 0.8190113306045532 
46.0, 0.8241766691207886 
47.0, 0.8279600143432617 
48.0, 0.8312754034996033 
49.0, 0.8343801498413086 
50.0, 0.8374660611152649 
51.0, 0.84055095911026 
52.0, 0.8436796069145203 
53.0, 0.846855878829956 
54.0, 0.850033164024353 
55.0, 0.8532094955444336 
56.0, 0.8563857674598694 
57.0, 0.8598750829696655 
58.0, 0.8645565509796143 
59.0, 0.8692390322685242 
60.0, 0.8739205598831177 
61.0, 0.8769557476043701 
62.0, 0.8799284100532532 
63.0, 0.8833521008491516 
64.0, 0.8868154883384705 
65.0, 0.8902789354324341 
66.0, 0.8937433958053589 
67.0, 0.8972067832946777 
68.0, 0.9002897143363953 
69.0, 0.9031729102134705 
70.0, 0.9060561656951904 
71.0, 0.9089393615722656 
72.0, 0.9118215441703796 
73.0, 0.9152164459228516 
74.0, 0.9183957576751709 
75.0, 0.9210563898086548 
76.0, 0.9237170815467834 
77.0, 0.9263777136802673 
78.0, 0.9290592670440674 
79.0, 0.931940495967865 
80.0, 0.9348217248916626 
81.0, 0.9377029538154602 
82.0, 0.9405841827392578 
83.0, 0.9434653520584106 
84.0, 0.9468076229095459 
85.0, 0.950249195098877 
86.0, 0.953690767288208 
87.0, 0.9571323394775391 
88.0, 0.9584566950798035 
89.0, 0.9591779708862305 
90.0, 0.962063193321228 
91.0, 0.9649484157562256 
92.0, 0.967832624912262 
93.0, 0.9707177877426147 
94.0, 0.9736030101776123 
95.0, 0.9764882326126099 
96.0, 0.9793733954429626 
97.0, 0.982257604598999 
98.0, 0.9851428270339966 
99.0, 0.9880279898643494 
100.0, 0.3995077478613007 
