Time(Seconds), Inputs 
0.0, 0.032866839319467545 
1.0, 0.3668108582496643 
2.0, 0.39035943150520325 
3.0, 0.4121384918689728 
4.0, 0.429761677980423 
5.0, 0.4473848342895508 
6.0, 0.46166279911994934 
7.0, 0.47549766302108765 
8.0, 0.48933351039886475 
9.0, 0.5014137625694275 
10.0, 0.512730062007904 
11.0, 0.5240463018417358 
12.0, 0.5353626012802124 
13.0, 0.5467255115509033 
14.0, 0.5566478967666626 
15.0, 0.5665702223777771 
16.0, 0.5764915943145752 
17.0, 0.5853458642959595 
18.0, 0.5939001441001892 
19.0, 0.6024534106254578 
20.0, 0.6110066771507263 
21.0, 0.6195599436759949 
22.0, 0.6274386048316956 
23.0, 0.63491290807724 
24.0, 0.6423882246017456 
25.0, 0.6498624682426453 
26.0, 0.6573367714881897 
27.0, 0.6648110747337341 
28.0, 0.6718969345092773 
29.0, 0.6789539456367493 
30.0, 0.68600994348526 
31.0, 0.6930332183837891 
32.0, 0.7000534534454346 
33.0, 0.7070747017860413 
34.0, 0.7135654091835022 
35.0, 0.7199865579605103 
36.0, 0.7264067530632019 
37.0, 0.73282790184021 
38.0, 0.7392480373382568 
39.0, 0.7456692457199097 
40.0, 0.751788318157196 
41.0, 0.7570093274116516 
42.0, 0.7622312903404236 
43.0, 0.7674532532691956 
44.0, 0.7726742625236511 
45.0, 0.7778962254524231 
46.0, 0.7831181883811951 
47.0, 0.7883391976356506 
48.0, 0.7949650287628174 
49.0, 0.80008864402771 
50.0, 0.8052122592926025 
51.0, 0.8103348612785339 
52.0, 0.8154584765434265 
53.0, 0.8205820918083191 
54.0, 0.8257057070732117 
55.0, 0.8308293223381042 
56.0, 0.8358843922615051 
57.0, 0.8399737477302551 
58.0, 0.8440640568733215 
59.0, 0.8481544256210327 
60.0, 0.8522437810897827 
61.0, 0.8563341498374939 
62.0, 0.8604235053062439 
63.0, 0.8645138144493103 
64.0, 0.8686031699180603 
65.0, 0.873738706111908 
66.0, 0.8792200088500977 
67.0, 0.8830133080482483 
68.0, 0.8868075609207153 
69.0, 0.890600860118866 
70.0, 0.8943940997123718 
71.0, 0.8981873989105225 
72.0, 0.9019806981086731 
73.0, 0.9057739973068237 
74.0, 0.9095682501792908 
75.0, 0.9133615493774414 
76.0, 0.917154848575592 
77.0, 0.920914351940155 
78.0, 0.9240538477897644 
79.0, 0.9271934032440186 
80.0, 0.9303329586982727 
81.0, 0.9334715008735657 
82.0, 0.936650812625885 
83.0, 0.9399811029434204 
84.0, 0.9433113932609558 
85.0, 0.9466416835784912 
86.0, 0.9499719738960266 
87.0, 0.953302264213562 
88.0, 0.956631600856781 
89.0, 0.9599618911743164 
90.0, 0.9632921814918518 
91.0, 0.966004490852356 
92.0, 0.9687098860740662 
93.0, 0.9714152812957764 
94.0, 0.9741206169128418 
95.0, 0.9768269658088684 
96.0, 0.9795323610305786 
97.0, 0.9822377562522888 
98.0, 0.9849441051483154 
99.0, 0.9876495003700256 
100.0, 0.12242855743722295 
