Time(Seconds), Inputs 
0.0, 0.1158958226442337 
1.0, 0.20618946850299835 
2.0, 0.2578180432319641 
3.0, 0.30002304911613464 
4.0, 0.33820924162864685 
5.0, 0.3721480965614319 
6.0, 0.40014663338661194 
7.0, 0.42705729603767395 
8.0, 0.453013151884079 
9.0, 0.47551652789115906 
10.0, 0.49715256690979004 
11.0, 0.5149167776107788 
12.0, 0.533898115158081 
13.0, 0.5513136386871338 
14.0, 0.5661450028419495 
15.0, 0.5801050066947937 
16.0, 0.5926443338394165 
17.0, 0.6039178967475891 
18.0, 0.6150771379470825 
19.0, 0.6262364387512207 
20.0, 0.635572612285614 
21.0, 0.6435645222663879 
22.0, 0.651557445526123 
23.0, 0.6603739857673645 
24.0, 0.6706441044807434 
25.0, 0.6770304441452026 
26.0, 0.683069109916687 
27.0, 0.6895896196365356 
28.0, 0.6961111426353455 
29.0, 0.7026892900466919 
30.0, 0.7094333171844482 
31.0, 0.7153617143630981 
32.0, 0.7189860939979553 
33.0, 0.724979043006897 
34.0, 0.7309730052947998 
35.0, 0.7367463707923889 
36.0, 0.7412381172180176 
37.0, 0.7457298040390015 
38.0, 0.7503944039344788 
39.0, 0.7569109797477722 
40.0, 0.7619203329086304 
41.0, 0.7667458653450012 
42.0, 0.7702450752258301 
43.0, 0.7737442851066589 
44.0, 0.7772434949874878 
45.0, 0.7826899886131287 
46.0, 0.7881871461868286 
47.0, 0.7936853170394897 
48.0, 0.798590362071991 
49.0, 0.801931619644165 
50.0, 0.8044899702072144 
51.0, 0.8087491989135742 
52.0, 0.8132697343826294 
53.0, 0.8177902698516846 
54.0, 0.8218756318092346 
55.0, 0.8258686661720276 
56.0, 0.8298606276512146 
57.0, 0.833986759185791 
58.0, 0.8381525874137878 
59.0, 0.8423194289207458 
60.0, 0.8451430201530457 
61.0, 0.8481494784355164 
62.0, 0.8511558771133423 
63.0, 0.8548189997673035 
64.0, 0.8588249087333679 
65.0, 0.8628298044204712 
66.0, 0.8671258091926575 
67.0, 0.8716095685958862 
68.0, 0.8760933876037598 
69.0, 0.8805761933326721 
70.0, 0.8850579857826233 
71.0, 0.8886466026306152 
72.0, 0.8918586373329163 
73.0, 0.8948630690574646 
74.0, 0.8978685140609741 
75.0, 0.9013100862503052 
76.0, 0.9052971005439758 
77.0, 0.9092841148376465 
78.0, 0.9134718179702759 
79.0, 0.9179883599281311 
80.0, 0.9225039482116699 
81.0, 0.9280279874801636 
82.0, 0.9323199987411499 
83.0, 0.9363646507263184 
84.0, 0.9403933882713318 
85.0, 0.9443814158439636 
86.0, 0.9483694434165955 
87.0, 0.9522501230239868 
88.0, 0.9557552933692932 
89.0, 0.9592604637145996 
90.0, 0.9628441333770752 
91.0, 0.9668043255805969 
92.0, 0.9707654714584351 
93.0, 0.9748886227607727 
94.0, 0.9788796305656433 
95.0, 0.9828696250915527 
96.0, 0.9868288040161133 
97.0, 0.990320086479187 
98.0, 0.993811309337616 
99.0, 0.9973035454750061 
100.0, 0.6901536797550663 
