Time(Seconds), Inputs 
0.0, 0.2303808331489563 
1.0, 0.2938234508037567 
2.0, 0.3307766616344452 
3.0, 0.359773725271225 
4.0, 0.38508477807044983 
5.0, 0.4076745808124542 
6.0, 0.42810845375061035 
7.0, 0.4498468041419983 
8.0, 0.46729907393455505 
9.0, 0.484752357006073 
10.0, 0.5006378293037415 
11.0, 0.51573246717453 
12.0, 0.5326204299926758 
13.0, 0.5473405122756958 
14.0, 0.5609846115112305 
15.0, 0.574627697467804 
16.0, 0.5871272683143616 
17.0, 0.5993406772613525 
18.0, 0.6115531325340271 
19.0, 0.6228405833244324 
20.0, 0.634210467338562 
21.0, 0.6455804109573364 
22.0, 0.6569502949714661 
23.0, 0.6670216917991638 
24.0, 0.6758183836936951 
25.0, 0.6846160292625427 
26.0, 0.6943287253379822 
27.0, 0.7043683528900146 
28.0, 0.7120532393455505 
29.0, 0.7195265889167786 
30.0, 0.7269998788833618 
31.0, 0.7344741821289062 
32.0, 0.7422842979431152 
33.0, 0.7518250942230225 
34.0, 0.7575547695159912 
35.0, 0.7632834315299988 
36.0, 0.7690131068229675 
37.0, 0.7747427821159363 
38.0, 0.7804714441299438 
39.0, 0.7880858182907104 
40.0, 0.7951170206069946 
41.0, 0.7998958826065063 
42.0, 0.8046747446060181 
43.0, 0.8094536066055298 
44.0, 0.8142324686050415 
45.0, 0.8190113306045532 
46.0, 0.8252139091491699 
47.0, 0.832310676574707 
48.0, 0.8371660113334656 
49.0, 0.8409880995750427 
50.0, 0.8448101878166199 
51.0, 0.8486332893371582 
52.0, 0.8524553775787354 
53.0, 0.8566480875015259 
54.0, 0.8608785271644592 
55.0, 0.865109920501709 
56.0, 0.8693403601646423 
57.0, 0.8735718131065369 
58.0, 0.8771623969078064 
59.0, 0.8778837323188782 
60.0, 0.8815349340438843 
61.0, 0.8851861357688904 
62.0, 0.8888373374938965 
63.0, 0.8924875259399414 
64.0, 0.8961387872695923 
65.0, 0.8997899889945984 
66.0, 0.9030666351318359 
67.0, 0.9060094356536865 
68.0, 0.9089522957801819 
69.0, 0.9118940830230713 
70.0, 0.9148369431495667 
71.0, 0.9177797436714172 
72.0, 0.9197737574577332 
73.0, 0.9217926263809204 
74.0, 0.9242982864379883 
75.0, 0.9268039464950562 
76.0, 0.929309606552124 
77.0, 0.9318152666091919 
78.0, 0.934321939945221 
79.0, 0.9368544816970825 
80.0, 0.9395767450332642 
81.0, 0.9422990083694458 
82.0, 0.9450212121009827 
83.0, 0.9477444887161255 
84.0, 0.9504667520523071 
85.0, 0.9531890153884888 
86.0, 0.9576360583305359 
87.0, 0.9628033638000488 
88.0, 0.9641625285148621 
89.0, 0.9655206799507141 
90.0, 0.9668797850608826 
91.0, 0.9682389497756958 
92.0, 0.9695971012115479 
93.0, 0.9720809459686279 
94.0, 0.9750307202339172 
95.0, 0.9779804944992065 
96.0, 0.9809302687644958 
97.0, 0.9838800430297852 
98.0, 0.9868288040161133 
99.0, 0.9897785782814026 
100.0, 0.3145048309693024 
