Time(Seconds), Inputs 
0.0, 0.21211287379264832 
1.0, 0.3439607620239258 
2.0, 0.36943674087524414 
3.0, 0.39192619919776917 
4.0, 0.4099328815937042 
5.0, 0.42785409092903137 
6.0, 0.4423675239086151 
7.0, 0.45688095688819885 
8.0, 0.4712095856666565 
9.0, 0.4833335876464844 
10.0, 0.49545758962631226 
11.0, 0.5075826048851013 
12.0, 0.5187776684761047 
13.0, 0.5292106866836548 
14.0, 0.5396446585655212 
15.0, 0.5500776767730713 
16.0, 0.5601560473442078 
17.0, 0.5697991847991943 
18.0, 0.5794423818588257 
19.0, 0.5890855193138123 
20.0, 0.5974043011665344 
21.0, 0.6054767370223999 
22.0, 0.614190936088562 
23.0, 0.6229061484336853 
24.0, 0.6316213607788086 
25.0, 0.6403355598449707 
26.0, 0.6480075716972351 
27.0, 0.6555395126342773 
28.0, 0.663072407245636 
29.0, 0.6706053614616394 
30.0, 0.678138256072998 
31.0, 0.6855231523513794 
32.0, 0.6923317909240723 
33.0, 0.6991413831710815 
34.0, 0.7059500217437744 
35.0, 0.7125331163406372 
36.0, 0.7189751863479614 
37.0, 0.7254161834716797 
38.0, 0.7315233945846558 
39.0, 0.7375312447547913 
40.0, 0.7435380816459656 
41.0, 0.7495449781417847 
42.0, 0.7555528283119202 
43.0, 0.7615596652030945 
44.0, 0.7675665616989136 
45.0, 0.7730329036712646 
46.0, 0.7782062292098999 
47.0, 0.7833794951438904 
48.0, 0.788553774356842 
49.0, 0.7937270998954773 
50.0, 0.7989093065261841 
51.0, 0.804092526435852 
52.0, 0.80927574634552 
53.0, 0.8144172430038452 
54.0, 0.8194912075996399 
55.0, 0.8245651125907898 
56.0, 0.8296380639076233 
57.0, 0.834712028503418 
58.0, 0.8397859334945679 
59.0, 0.8448598980903625 
60.0, 0.8499338030815125 
61.0, 0.8550077676773071 
62.0, 0.8584334254264832 
63.0, 0.8617876172065735 
64.0, 0.8653533458709717 
65.0, 0.8696404099464417 
66.0, 0.8739284873008728 
67.0, 0.878216564655304 
68.0, 0.8825045824050903 
69.0, 0.8867926597595215 
70.0, 0.8910807371139526 
71.0, 0.895368754863739 
72.0, 0.8993756771087646 
73.0, 0.9029404520988464 
74.0, 0.9065061807632446 
75.0, 0.9100709557533264 
76.0, 0.9136357307434082 
77.0, 0.9172015190124512 
78.0, 0.920766294002533 
79.0, 0.9240697622299194 
80.0, 0.9271427392959595 
81.0, 0.9302157163619995 
82.0, 0.9332886934280396 
83.0, 0.9363616704940796 
84.0, 0.9394356608390808 
85.0, 0.9424559473991394 
86.0, 0.9454375505447388 
87.0, 0.9484190940856934 
88.0, 0.9513996839523315 
89.0, 0.9543812274932861 
90.0, 0.9573628306388855 
91.0, 0.9603434205055237 
92.0, 0.9633249640464783 
93.0, 0.9663065671920776 
94.0, 0.969190776348114 
95.0, 0.9720600843429565 
96.0, 0.9749283790588379 
97.0, 0.9777966737747192 
98.0, 0.9806659817695618 
99.0, 0.9835342764854431 
100.0, 0.14340037216986956 
