Time(Seconds), Inputs 
0.0, 0.10675438493490219 
1.0, 0.27747198939323425 
2.0, 0.3103269040584564 
3.0, 0.34075066447257996 
4.0, 0.3641442358493805 
5.0, 0.38734307885169983 
6.0, 0.4101305902004242 
7.0, 0.43159571290016174 
8.0, 0.45148512721061707 
9.0, 0.4695136547088623 
10.0, 0.4857458770275116 
11.0, 0.5019780993461609 
12.0, 0.5172297358512878 
13.0, 0.5319786071777344 
14.0, 0.5467275381088257 
15.0, 0.5620516538619995 
16.0, 0.5749108791351318 
17.0, 0.5877591371536255 
18.0, 0.5994678735733032 
19.0, 0.6105158925056458 
20.0, 0.6215639114379883 
21.0, 0.6326119303703308 
22.0, 0.6452326774597168 
23.0, 0.6558266282081604 
24.0, 0.6663490533828735 
25.0, 0.6768714785575867 
26.0, 0.6858291625976562 
27.0, 0.6946914196014404 
28.0, 0.7035536170005798 
29.0, 0.7124119400978088 
30.0, 0.7199398875236511 
31.0, 0.727764904499054 
32.0, 0.7355929017066956 
33.0, 0.743419885635376 
34.0, 0.7512468695640564 
35.0, 0.7590738534927368 
36.0, 0.7669227123260498 
37.0, 0.7726583480834961 
38.0, 0.7783631682395935 
39.0, 0.7840679883956909 
40.0, 0.7897728681564331 
41.0, 0.7954776883125305 
42.0, 0.8011825084686279 
43.0, 0.8049807548522949 
44.0, 0.81009840965271 
45.0, 0.8153213858604431 
46.0, 0.8205433487892151 
47.0, 0.8257653117179871 
48.0, 0.8309882879257202 
49.0, 0.8362102508544922 
50.0, 0.8414351940155029 
51.0, 0.847267210483551 
52.0, 0.8509094715118408 
53.0, 0.8544692993164062 
54.0, 0.8580281138420105 
55.0, 0.8615878820419312 
56.0, 0.8651466965675354 
57.0, 0.8687065243721008 
58.0, 0.8726160526275635 
59.0, 0.8765285611152649 
60.0, 0.8804400563240051 
61.0, 0.8843525648117065 
62.0, 0.8882640600204468 
63.0, 0.8905174136161804 
64.0, 0.8914721608161926 
65.0, 0.8944567441940308 
66.0, 0.8975028991699219 
67.0, 0.9005480408668518 
68.0, 0.9035931825637817 
69.0, 0.9066383242607117 
70.0, 0.9096844792366028 
71.0, 0.9127296805381775 
72.0, 0.9159159064292908 
73.0, 0.9191040992736816 
74.0, 0.9222913384437561 
75.0, 0.9254795908927917 
76.0, 0.9286668300628662 
77.0, 0.9318550229072571 
78.0, 0.9339931011199951 
79.0, 0.9365812540054321 
80.0, 0.9391733407974243 
81.0, 0.9417654275894165 
82.0, 0.9443575739860535 
83.0, 0.9469487071037292 
84.0, 0.9495407938957214 
85.0, 0.9521328806877136 
86.0, 0.954532265663147 
87.0, 0.9569256901741028 
88.0, 0.9593181014060974 
89.0, 0.9617114663124084 
90.0, 0.9641048908233643 
91.0, 0.9664973020553589 
92.0, 0.9688907265663147 
93.0, 0.9720371961593628 
94.0, 0.9751220941543579 
95.0, 0.9772194623947144 
96.0, 0.979316771030426 
97.0, 0.9814140796661377 
98.0, 0.9835114479064941 
99.0, 0.9856087565422058 
100.0, 0.3010786113039146 
