Time(Seconds), Inputs 
0.0, 0.14950284361839294 
1.0, 0.23117268085479736 
2.0, 0.27901792526245117 
3.0, 0.31670334935188293 
4.0, 0.3505825996398926 
5.0, 0.38071128726005554 
6.0, 0.4089035987854004 
7.0, 0.43622952699661255 
8.0, 0.4587666690349579 
9.0, 0.4812302887439728 
10.0, 0.5034882426261902 
11.0, 0.5251660346984863 
12.0, 0.5429978370666504 
13.0, 0.5593433380126953 
14.0, 0.5756897926330566 
15.0, 0.5927416682243347 
16.0, 0.6066033840179443 
17.0, 0.620166003704071 
18.0, 0.6324300765991211 
19.0, 0.6436827778816223 
20.0, 0.6557014584541321 
21.0, 0.6677747964859009 
22.0, 0.6766767501831055 
23.0, 0.6852608323097229 
24.0, 0.6938866376876831 
25.0, 0.7025144100189209 
26.0, 0.7111421823501587 
27.0, 0.717498779296875 
28.0, 0.7247018218040466 
29.0, 0.7319486141204834 
30.0, 0.7391954064369202 
31.0, 0.7464421987533569 
32.0, 0.7531425356864929 
33.0, 0.7583267688751221 
34.0, 0.7631582617759705 
35.0, 0.76799076795578 
36.0, 0.7733001708984375 
37.0, 0.7786284685134888 
38.0, 0.78395676612854 
39.0, 0.7892850041389465 
40.0, 0.7940211296081543 
41.0, 0.7984562516212463 
42.0, 0.8023349642753601 
43.0, 0.8062146902084351 
44.0, 0.8104143142700195 
45.0, 0.8146268725395203 
46.0, 0.818839430809021 
47.0, 0.8230509757995605 
48.0, 0.8264995217323303 
49.0, 0.8299272060394287 
50.0, 0.8333538770675659 
51.0, 0.8367815017700195 
52.0, 0.8427357077598572 
53.0, 0.846355140209198 
54.0, 0.8499755859375 
55.0, 0.8535959720611572 
56.0, 0.8570415377616882 
57.0, 0.8604810833930969 
58.0, 0.8639217019081116 
59.0, 0.8673612475395203 
60.0, 0.8713711500167847 
61.0, 0.8753979206085205 
62.0, 0.8794246912002563 
63.0, 0.881363034248352 
64.0, 0.8845731019973755 
65.0, 0.8880067467689514 
66.0, 0.8914403915405273 
67.0, 0.8948739767074585 
68.0, 0.898309588432312 
69.0, 0.9017452001571655 
70.0, 0.905180811882019 
71.0, 0.9086164832115173 
72.0, 0.9116984009742737 
73.0, 0.9147703647613525 
74.0, 0.9178423285484314 
75.0, 0.920914351940155 
76.0, 0.9262515306472778 
77.0, 0.929550051689148 
78.0, 0.9328475594520569 
79.0, 0.9361450672149658 
80.0, 0.9392080903053284 
81.0, 0.9422671794891357 
82.0, 0.9453262686729431 
83.0, 0.9483852982521057 
84.0, 0.952196478843689 
85.0, 0.9560176134109497 
86.0, 0.9598386883735657 
87.0, 0.9636597633361816 
88.0, 0.9668698906898499 
89.0, 0.9692781567573547 
90.0, 0.9710625410079956 
91.0, 0.9728469252586365 
92.0, 0.9759050011634827 
93.0, 0.9789730310440063 
94.0, 0.9820410013198853 
95.0, 0.9851120114326477 
96.0, 0.9885416626930237 
97.0, 0.9919713139533997 
98.0, 0.9954009652137756 
99.0, 0.9988306164741516 
100.0, 0.5273974936019997 
