Time(Seconds), Inputs 
0.0, 0.028529103845357895 
1.0, 0.34813952445983887 
2.0, 0.37208250164985657 
3.0, 0.3950091302394867 
4.0, 0.413206547498703 
5.0, 0.4314039647579193 
6.0, 0.4456521272659302 
7.0, 0.4590796232223511 
8.0, 0.47250813245773315 
9.0, 0.4836336374282837 
10.0, 0.4957179129123688 
11.0, 0.5081310272216797 
12.0, 0.5204487442970276 
13.0, 0.530689001083374 
14.0, 0.540928304195404 
15.0, 0.5511685609817505 
16.0, 0.5614088773727417 
17.0, 0.5705791115760803 
18.0, 0.5793350338935852 
19.0, 0.5880910158157349 
20.0, 0.5968469381332397 
21.0, 0.6056029200553894 
22.0, 0.6141670942306519 
23.0, 0.6226945519447327 
24.0, 0.6312219500541687 
25.0, 0.6397494077682495 
26.0, 0.6481615900993347 
27.0, 0.655402421951294 
28.0, 0.6624763011932373 
29.0, 0.6695511937141418 
30.0, 0.6766260862350464 
31.0, 0.6837000250816345 
32.0, 0.6907749176025391 
33.0, 0.6971890926361084 
34.0, 0.703395664691925 
35.0, 0.7096012234687805 
36.0, 0.715806782245636 
37.0, 0.7220123410224915 
38.0, 0.7282179594039917 
39.0, 0.7344235181808472 
40.0, 0.7405903339385986 
41.0, 0.7467511892318726 
42.0, 0.7529120445251465 
43.0, 0.7589864730834961 
44.0, 0.7649356722831726 
45.0, 0.7708839178085327 
46.0, 0.776833176612854 
47.0, 0.7822111248970032 
48.0, 0.7874559164047241 
49.0, 0.792701780796051 
50.0, 0.7979475855827332 
51.0, 0.8031933903694153 
52.0, 0.8084391951560974 
53.0, 0.8136849999427795 
54.0, 0.8189308643341064 
55.0, 0.823961079120636 
56.0, 0.8288840055465698 
57.0, 0.8338059186935425 
58.0, 0.8387288451194763 
59.0, 0.843650758266449 
60.0, 0.8486829996109009 
61.0, 0.8537598848342896 
62.0, 0.8588377833366394 
63.0, 0.8638144135475159 
64.0, 0.8678510785102844 
65.0, 0.8718867897987366 
66.0, 0.8759225010871887 
67.0, 0.8799582123756409 
68.0, 0.883993923664093 
69.0, 0.8880305886268616 
70.0, 0.8920662999153137 
71.0, 0.8961020112037659 
72.0, 0.900137722492218 
73.0, 0.9041734337806702 
74.0, 0.9080421924591064 
75.0, 0.9117490649223328 
76.0, 0.9154499173164368 
77.0, 0.9189918637275696 
78.0, 0.9225337505340576 
79.0, 0.9260756969451904 
80.0, 0.9296166300773621 
81.0, 0.9331585168838501 
82.0, 0.9367004632949829 
83.0, 0.9402424097061157 
84.0, 0.9437842965126038 
85.0, 0.9473262429237366 
86.0, 0.9505233764648438 
87.0, 0.9534453749656677 
88.0, 0.9563683271408081 
89.0, 0.9592912793159485 
90.0, 0.9622142314910889 
91.0, 0.9651361703872681 
92.0, 0.9680591225624084 
93.0, 0.9711042642593384 
94.0, 0.9745259881019592 
95.0, 0.9779477119445801 
96.0, 0.9813693761825562 
97.0, 0.984791100025177 
98.0, 0.9882128238677979 
99.0, 0.9916344881057739 
100.0, 0.1261012864132448 
