Time(Seconds), Inputs 
0.0, 0.279310017824173 
1.0, 0.33697327971458435 
2.0, 0.3676781952381134 
3.0, 0.38999080657958984 
4.0, 0.4109681248664856 
5.0, 0.4269847571849823 
6.0, 0.44459304213523865 
7.0, 0.46005427837371826 
8.0, 0.4742269515991211 
9.0, 0.48840057849884033 
10.0, 0.5016303658485413 
11.0, 0.5142819285392761 
12.0, 0.526933491230011 
13.0, 0.5392273664474487 
14.0, 0.5504661798477173 
15.0, 0.5617059469223022 
16.0, 0.572944700717926 
17.0, 0.5823275446891785 
18.0, 0.5919995307922363 
19.0, 0.6016715168952942 
20.0, 0.611343502998352 
21.0, 0.6210154891014099 
22.0, 0.6296233534812927 
23.0, 0.638167679309845 
24.0, 0.6467120051383972 
25.0, 0.6552563309669495 
26.0, 0.6638006567955017 
27.0, 0.6720221042633057 
28.0, 0.6802286505699158 
29.0, 0.6877824068069458 
30.0, 0.6952795386314392 
31.0, 0.7027767300605774 
32.0, 0.7098883390426636 
33.0, 0.7165648341178894 
34.0, 0.7232423424720764 
35.0, 0.7299198508262634 
36.0, 0.7365973591804504 
37.0, 0.7432738542556763 
38.0, 0.7498847246170044 
39.0, 0.7558439373970032 
40.0, 0.761806070804596 
41.0, 0.7678397297859192 
42.0, 0.7738744616508484 
43.0, 0.7799091339111328 
44.0, 0.7859438061714172 
45.0, 0.7919725179672241 
46.0, 0.7974081039428711 
47.0, 0.8028436899185181 
48.0, 0.808279275894165 
49.0, 0.813714861869812 
50.0, 0.8191503882408142 
51.0, 0.8245859742164612 
52.0, 0.8298944234848022 
53.0, 0.8348650336265564 
54.0, 0.8394690155982971 
55.0, 0.8440729975700378 
56.0, 0.8486760258674622 
57.0, 0.8532800078392029 
58.0, 0.8578840494155884 
59.0, 0.8624880313873291 
60.0, 0.8670920133590698 
61.0, 0.8716960549354553 
62.0, 0.8762990236282349 
63.0, 0.8807937502861023 
64.0, 0.8849307894706726 
65.0, 0.8886803388595581 
66.0, 0.8924289345741272 
67.0, 0.8961784839630127 
68.0, 0.899928092956543 
69.0, 0.9036776423454285 
70.0, 0.907427191734314 
71.0, 0.9111768007278442 
72.0, 0.9149253368377686 
73.0, 0.918674886226654 
74.0, 0.9218412637710571 
75.0, 0.9247880578041077 
76.0, 0.9279743432998657 
77.0, 0.9312827587127686 
78.0, 0.934590220451355 
79.0, 0.9378986358642578 
80.0, 0.9412071108818054 
81.0, 0.9445155262947083 
82.0, 0.9478240013122559 
83.0, 0.9511324167251587 
84.0, 0.9544408917427063 
85.0, 0.957748293876648 
86.0, 0.9610567688941956 
87.0, 0.9634511470794678 
88.0, 0.9659895896911621 
89.0, 0.9686959981918335 
90.0, 0.9714013338088989 
91.0, 0.9741077423095703 
92.0, 0.9768130779266357 
93.0, 0.9795194268226624 
94.0, 0.9822258353233337 
95.0, 0.9849311709403992 
96.0, 0.9876375794410706 
97.0, 0.990342915058136 
98.0, 0.9930492639541626 
99.0, 0.9957546591758728 
100.0, 0.1784456585149826 
