Time(Seconds), Inputs 
0.0, 0.12516839802265167 
1.0, 0.2906222939491272 
2.0, 0.3256262242794037 
3.0, 0.3521871566772461 
4.0, 0.3764013648033142 
5.0, 0.39918094873428345 
6.0, 0.4195263683795929 
7.0, 0.4390700161457062 
8.0, 0.45732903480529785 
9.0, 0.4731062352657318 
10.0, 0.48881983757019043 
11.0, 0.5040913224220276 
12.0, 0.5193290710449219 
13.0, 0.5342299342155457 
14.0, 0.5469957590103149 
15.0, 0.5597615838050842 
16.0, 0.5724290609359741 
17.0, 0.584398090839386 
18.0, 0.5962210297584534 
19.0, 0.6080449819564819 
20.0, 0.6195748448371887 
21.0, 0.629868745803833 
22.0, 0.6401616930961609 
23.0, 0.6504546403884888 
24.0, 0.6611648201942444 
25.0, 0.6708109974861145 
26.0, 0.6804571151733398 
27.0, 0.69010329246521 
28.0, 0.6997494101524353 
29.0, 0.7078148722648621 
30.0, 0.715178906917572 
31.0, 0.7227694392204285 
32.0, 0.7311875820159912 
33.0, 0.7396047115325928 
34.0, 0.7477288246154785 
35.0, 0.7541400194168091 
36.0, 0.7605512738227844 
37.0, 0.766962468624115 
38.0, 0.7733737230300903 
39.0, 0.7794918417930603 
40.0, 0.785446047782898 
41.0, 0.7910296320915222 
42.0, 0.7959078550338745 
43.0, 0.800787091255188 
44.0, 0.8056653141975403 
45.0, 0.8105434775352478 
46.0, 0.8154654502868652 
47.0, 0.8212169408798218 
48.0, 0.8269694447517395 
49.0, 0.8324596881866455 
50.0, 0.8363741636276245 
51.0, 0.8402896523475647 
52.0, 0.8442041873931885 
53.0, 0.8481186628341675 
54.0, 0.8523997664451599 
55.0, 0.8570733070373535 
56.0, 0.8617458343505859 
57.0, 0.8664184212684631 
58.0, 0.8710909485816956 
59.0, 0.8757635354995728 
60.0, 0.8787937760353088 
61.0, 0.8817445635795593 
62.0, 0.8851185441017151 
63.0, 0.8885412812232971 
64.0, 0.8919639587402344 
65.0, 0.8953876495361328 
66.0, 0.8988103270530701 
67.0, 0.9022340178489685 
68.0, 0.9056567549705505 
69.0, 0.9090873599052429 
70.0, 0.9125329256057739 
71.0, 0.9159774780273438 
72.0, 0.9192273020744324 
73.0, 0.9219167828559875 
74.0, 0.9246052503585815 
75.0, 0.9272947311401367 
76.0, 0.9299832582473755 
77.0, 0.9327690601348877 
78.0, 0.9355896711349487 
79.0, 0.9384093284606934 
80.0, 0.9412299394607544 
81.0, 0.9440505504608154 
82.0, 0.9468702077865601 
83.0, 0.9496908187866211 
84.0, 0.9525144100189209 
85.0, 0.9553539156913757 
86.0, 0.9581944346427917 
87.0, 0.9610338807106018 
88.0, 0.9631351828575134 
89.0, 0.9652206301689148 
90.0, 0.9673070311546326 
91.0, 0.9693934321403503 
92.0, 0.9716686010360718 
93.0, 0.9740650057792664 
94.0, 0.9764623641967773 
95.0, 0.9788597226142883 
96.0, 0.9812571406364441 
97.0, 0.9836534857749939 
98.0, 0.9860509037971497 
99.0, 0.9884482622146606 
100.0, 0.2781160710103518 
