Time(Seconds), Inputs 
0.0, 0.22485782206058502 
1.0, 0.2932899296283722 
2.0, 0.33031266927719116 
3.0, 0.3604910373687744 
4.0, 0.3844369947910309 
5.0, 0.4074649512767792 
6.0, 0.42821672558784485 
7.0, 0.44808030128479004 
8.0, 0.4667288064956665 
9.0, 0.48507028818130493 
10.0, 0.5013323426246643 
11.0, 0.5175933837890625 
12.0, 0.5314361453056335 
13.0, 0.5463300943374634 
14.0, 0.5612230896949768 
15.0, 0.575183093547821 
16.0, 0.587791919708252 
17.0, 0.6004008054733276 
18.0, 0.6130096316337585 
19.0, 0.6230859756469727 
20.0, 0.6337683796882629 
21.0, 0.644449770450592 
22.0, 0.6551311612129211 
23.0, 0.6650108098983765 
24.0, 0.6747115850448608 
25.0, 0.684411346912384 
26.0, 0.6951613426208496 
27.0, 0.7045064568519592 
28.0, 0.7127537131309509 
29.0, 0.7209999561309814 
30.0, 0.7292472124099731 
31.0, 0.7374935150146484 
32.0, 0.7433781623840332 
33.0, 0.750252366065979 
34.0, 0.7571255564689636 
35.0, 0.7639997601509094 
36.0, 0.7708739638328552 
37.0, 0.7777472138404846 
38.0, 0.7846214175224304 
39.0, 0.7884315848350525 
40.0, 0.7939923405647278 
41.0, 0.7995541095733643 
42.0, 0.8051148653030396 
43.0, 0.810676634311676 
44.0, 0.8162384033203125 
45.0, 0.8217991590499878 
46.0, 0.8274224996566772 
47.0, 0.8319361209869385 
48.0, 0.8362758159637451 
49.0, 0.8406145572662354 
50.0, 0.844954252243042 
51.0, 0.8492940068244934 
52.0, 0.8536337018013 
53.0, 0.8582635521888733 
54.0, 0.8631427884101868 
55.0, 0.8680219650268555 
56.0, 0.8724133372306824 
57.0, 0.8760943412780762 
58.0, 0.8797763586044312 
59.0, 0.8834583759307861 
60.0, 0.8869168758392334 
61.0, 0.8902680277824402 
62.0, 0.893619179725647 
63.0, 0.8969703316688538 
64.0, 0.9003214836120605 
65.0, 0.9036726951599121 
66.0, 0.9070238471031189 
67.0, 0.9107495546340942 
68.0, 0.9143441319465637 
69.0, 0.9172531962394714 
70.0, 0.9201622009277344 
71.0, 0.9230702519416809 
72.0, 0.9259793162345886 
73.0, 0.9288883805274963 
74.0, 0.931781530380249 
75.0, 0.9346746802330017 
76.0, 0.9375678300857544 
77.0, 0.9404609799385071 
78.0, 0.9433541297912598 
79.0, 0.9462462663650513 
80.0, 0.9491096138954163 
81.0, 0.9517404437065125 
82.0, 0.9543713331222534 
83.0, 0.9569385647773743 
84.0, 0.9592704176902771 
85.0, 0.9616022109985352 
86.0, 0.963932991027832 
87.0, 0.9663602113723755 
88.0, 0.9690307974815369 
89.0, 0.9717004299163818 
90.0, 0.974370002746582 
91.0, 0.9770405888557434 
92.0, 0.9797102212905884 
93.0, 0.9823797941207886 
94.0, 0.9851120114326477 
95.0, 0.9879316091537476 
96.0, 0.990750253200531 
97.0, 0.9935688972473145 
98.0, 0.9963885545730591 
99.0, 0.9992071390151978 
100.0, 0.30746170780832827 
