Time(Seconds), Inputs 
0.0, 0.14689384400844574 
1.0, 0.226612389087677 
2.0, 0.27420032024383545 
3.0, 0.3133005201816559 
4.0, 0.34836605191230774 
5.0, 0.37913456559181213 
6.0, 0.40844953060150146 
7.0, 0.43463990092277527 
8.0, 0.45827290415763855 
9.0, 0.4800380766391754 
10.0, 0.5013481974601746 
11.0, 0.5207358598709106 
12.0, 0.538476288318634 
13.0, 0.554678738117218 
14.0, 0.571482241153717 
15.0, 0.5850945115089417 
16.0, 0.5981156826019287 
17.0, 0.612460196018219 
18.0, 0.6245901584625244 
19.0, 0.63572758436203 
20.0, 0.6466484665870667 
21.0, 0.656931459903717 
22.0, 0.6653684377670288 
23.0, 0.6732659935951233 
24.0, 0.6816771626472473 
25.0, 0.6903566122055054 
26.0, 0.6990360617637634 
27.0, 0.7052198052406311 
28.0, 0.7111133933067322 
29.0, 0.7170069813728333 
30.0, 0.7229005694389343 
31.0, 0.728850781917572 
32.0, 0.734868586063385 
33.0, 0.7408874034881592 
34.0, 0.7466150522232056 
35.0, 0.7513720393180847 
36.0, 0.7560276985168457 
37.0, 0.7606833577156067 
38.0, 0.765224814414978 
39.0, 0.76943039894104 
40.0, 0.7736369967460632 
41.0, 0.7778425812721252 
42.0, 0.78473961353302 
43.0, 0.7898741960525513 
44.0, 0.7938314080238342 
45.0, 0.7977806329727173 
46.0, 0.8015749454498291 
47.0, 0.8053682446479797 
48.0, 0.8091624975204468 
49.0, 0.8131484985351562 
50.0, 0.8173789381980896 
51.0, 0.8216103911399841 
52.0, 0.8258418440818787 
53.0, 0.8306037783622742 
54.0, 0.8340652585029602 
55.0, 0.8375276923179626 
56.0, 0.8410695791244507 
57.0, 0.8448718190193176 
58.0, 0.8486740589141846 
59.0, 0.8524762392044067 
60.0, 0.8565467596054077 
61.0, 0.8607712388038635 
62.0, 0.8649947047233582 
63.0, 0.869192361831665 
64.0, 0.8727084398269653 
65.0, 0.8755757212638855 
66.0, 0.8782145380973816 
67.0, 0.881719708442688 
68.0, 0.8863485455513 
69.0, 0.8909763693809509 
70.0, 0.895605206489563 
71.0, 0.8988580703735352 
72.0, 0.901813805103302 
73.0, 0.9047695398330688 
74.0, 0.9078484773635864 
75.0, 0.911357581615448 
76.0, 0.9148667454719543 
77.0, 0.9180688858032227 
78.0, 0.9213077425956726 
79.0, 0.9246887564659119 
80.0, 0.9280697107315063 
81.0, 0.9314436912536621 
82.0, 0.9344053864479065 
83.0, 0.9373671412467957 
84.0, 0.94032883644104 
85.0, 0.9436432123184204 
86.0, 0.9474424719810486 
87.0, 0.9512407183647156 
88.0, 0.9550399780273438 
89.0, 0.9607288837432861 
90.0, 0.9638456106185913 
91.0, 0.9669632911682129 
92.0, 0.970225989818573 
93.0, 0.9740203022956848 
94.0, 0.9778135418891907 
95.0, 0.9816078543663025 
96.0, 0.9851428270339966 
97.0, 0.988511860370636 
98.0, 0.9918819069862366 
99.0, 0.995250940322876 
100.0, 0.5851072436860998 
