Time(Seconds), Inputs 
0.0, 0.10146485269069672 
1.0, 0.2745937407016754 
2.0, 0.3129269778728485 
3.0, 0.344271719455719 
4.0, 0.37090715765953064 
5.0, 0.3951660990715027 
6.0, 0.4172154366970062 
7.0, 0.4378698468208313 
8.0, 0.4571283459663391 
9.0, 0.4753486216068268 
10.0, 0.49242931604385376 
11.0, 0.5095090270042419 
12.0, 0.5241943597793579 
13.0, 0.5384871959686279 
14.0, 0.5527800917625427 
15.0, 0.5661072731018066 
16.0, 0.5809395909309387 
17.0, 0.5957719683647156 
18.0, 0.6076376438140869 
19.0, 0.6191466450691223 
20.0, 0.6306566596031189 
21.0, 0.6419083476066589 
22.0, 0.6522628664970398 
23.0, 0.6629859805107117 
24.0, 0.6737090945243835 
25.0, 0.6840904951095581 
26.0, 0.6925582885742188 
27.0, 0.7010270953178406 
28.0, 0.7094959020614624 
29.0, 0.7186115384101868 
30.0, 0.7279447317123413 
31.0, 0.7354140281677246 
32.0, 0.7428833842277527 
33.0, 0.750352680683136 
34.0, 0.7578220367431641 
35.0, 0.7652913331985474 
36.0, 0.7705212831497192 
37.0, 0.776751697063446 
38.0, 0.7829821109771729 
39.0, 0.7892124652862549 
40.0, 0.7954428791999817 
41.0, 0.8016732931137085 
42.0, 0.8079037070274353 
43.0, 0.8108882308006287 
44.0, 0.8156492114067078 
45.0, 0.820411205291748 
46.0, 0.8251731991767883 
47.0, 0.8299351334571838 
48.0, 0.8346971273422241 
49.0, 0.8394590616226196 
50.0, 0.8445072174072266 
51.0, 0.8504008054733276 
52.0, 0.8553803563117981 
53.0, 0.8592024445533752 
54.0, 0.8630235195159912 
55.0, 0.8668456077575684 
56.0, 0.8706667423248291 
57.0, 0.8744460940361023 
58.0, 0.8780983090400696 
59.0, 0.8817505240440369 
60.0, 0.8854027390480042 
61.0, 0.8890548944473267 
62.0, 0.892707109451294 
63.0, 0.8963593244552612 
64.0, 0.8971163630485535 
65.0, 0.9003572463989258 
66.0, 0.9035991430282593 
67.0, 0.9068410396575928 
68.0, 0.9100819230079651 
69.0, 0.9133237600326538 
70.0, 0.9165646433830261 
71.0, 0.919792652130127 
72.0, 0.9229460954666138 
73.0, 0.9260985255241394 
74.0, 0.9292519688606262 
75.0, 0.9324044585227966 
76.0, 0.9355568885803223 
77.0, 0.9387103915214539 
78.0, 0.9395191073417664 
79.0, 0.9423357248306274 
80.0, 0.9451524019241333 
81.0, 0.9479690194129944 
82.0, 0.9507856965065002 
83.0, 0.9536023139953613 
84.0, 0.9564189910888672 
85.0, 0.9592157602310181 
86.0, 0.9618138074874878 
87.0, 0.9644128680229187 
88.0, 0.9670109748840332 
89.0, 0.9696090221405029 
90.0, 0.9722080826759338 
91.0, 0.9748061895370483 
92.0, 0.9773942828178406 
93.0, 0.9797738194465637 
94.0, 0.9821175336837769 
95.0, 0.9842029213905334 
96.0, 0.9862893223762512 
97.0, 0.9883747696876526 
98.0, 0.9904611706733704 
99.0, 0.9925475716590881 
100.0, 0.29948603085518166 
