Time(Seconds), Inputs 
0.0, 0.18768802285194397 
1.0, 0.2627677917480469 
2.0, 0.3054109513759613 
3.0, 0.3393935263156891 
4.0, 0.36968711018562317 
5.0, 0.3977234363555908 
6.0, 0.423022598028183 
7.0, 0.4474683105945587 
8.0, 0.4689910411834717 
9.0, 0.4901660680770874 
10.0, 0.5097494721412659 
11.0, 0.5295812487602234 
12.0, 0.5468318462371826 
13.0, 0.5640824437141418 
14.0, 0.5798646211624146 
15.0, 0.594501256942749 
16.0, 0.6095491647720337 
17.0, 0.6230055093765259 
18.0, 0.6357643604278564 
19.0, 0.6485222578048706 
20.0, 0.6599626541137695 
21.0, 0.6712451577186584 
22.0, 0.6825266480445862 
23.0, 0.6938091516494751 
24.0, 0.7037265300750732 
25.0, 0.712256908416748 
26.0, 0.7204078435897827 
27.0, 0.7285587191581726 
28.0, 0.7367095947265625 
29.0, 0.7441104054450989 
30.0, 0.7506299018859863 
31.0, 0.7574931979179382 
32.0, 0.7643564343452454 
33.0, 0.7712207436561584 
34.0, 0.7780839800834656 
35.0, 0.7856656312942505 
36.0, 0.790256679058075 
37.0, 0.794846773147583 
38.0, 0.7994378805160522 
39.0, 0.8040279746055603 
40.0, 0.8090522289276123 
41.0, 0.8142533302307129 
42.0, 0.8194544315338135 
43.0, 0.8246555328369141 
44.0, 0.826610803604126 
45.0, 0.8303892016410828 
46.0, 0.8347428441047668 
47.0, 0.8390964269638062 
48.0, 0.8434500694274902 
49.0, 0.8478037118911743 
50.0, 0.8515632152557373 
51.0, 0.8553157448768616 
52.0, 0.8590683341026306 
53.0, 0.8628208637237549 
54.0, 0.8665167689323425 
55.0, 0.8697059750556946 
56.0, 0.8724024295806885 
57.0, 0.8750998377799988 
58.0, 0.8777962923049927 
59.0, 0.8807023167610168 
60.0, 0.8841419219970703 
61.0, 0.8875805139541626 
62.0, 0.8910191059112549 
63.0, 0.8944576978683472 
64.0, 0.898034393787384 
65.0, 0.9017949104309082 
66.0, 0.9055554270744324 
67.0, 0.9093149304389954 
68.0, 0.9108936190605164 
69.0, 0.9117907881736755 
70.0, 0.9149153828620911 
71.0, 0.9180410504341125 
72.0, 0.9211657047271729 
73.0, 0.9242902994155884 
74.0, 0.9272013306617737 
75.0, 0.9300169944763184 
76.0, 0.9328316450119019 
77.0, 0.9356473088264465 
78.0, 0.93846195936203 
79.0, 0.9412716627120972 
80.0, 0.9440793991088867 
81.0, 0.9468870759010315 
82.0, 0.949694812297821 
83.0, 0.9525024890899658 
84.0, 0.9559043049812317 
85.0, 0.9581745266914368 
86.0, 0.960445761680603 
87.0, 0.9627159237861633 
88.0, 0.9650517106056213 
89.0, 0.967867374420166 
90.0, 0.9706830382347107 
91.0, 0.9734996557235718 
92.0, 0.9763153195381165 
93.0, 0.9790435433387756 
94.0, 0.9815323352813721 
95.0, 0.9840211272239685 
96.0, 0.9865099191665649 
97.0, 0.9889987111091614 
98.0, 0.9922196865081787 
99.0, 0.996586263179779 
100.0, 0.4337482275090594 
