Time(Seconds), Inputs 
0.0, 0.004155919887125492 
1.0, 0.22547580301761627 
2.0, 0.2757999002933502 
3.0, 0.3166944086551666 
4.0, 0.3520241975784302 
5.0, 0.3846466541290283 
6.0, 0.41317078471183777 
7.0, 0.4398767650127411 
8.0, 0.4629017412662506 
9.0, 0.4855481684207916 
10.0, 0.505183219909668 
11.0, 0.524675190448761 
12.0, 0.5442168712615967 
13.0, 0.5640188455581665 
14.0, 0.5786574482917786 
15.0, 0.5921386480331421 
16.0, 0.6053276658058167 
17.0, 0.6175758838653564 
18.0, 0.629345178604126 
19.0, 0.6407002210617065 
20.0, 0.6520025730133057 
21.0, 0.6606671214103699 
22.0, 0.669222354888916 
23.0, 0.677749752998352 
24.0, 0.6862772107124329 
25.0, 0.6955070495605469 
26.0, 0.7027677893638611 
27.0, 0.7100284695625305 
28.0, 0.7172642946243286 
29.0, 0.7222200036048889 
30.0, 0.7271767258644104 
31.0, 0.7321324348449707 
32.0, 0.7391158938407898 
33.0, 0.7444372177124023 
34.0, 0.7497575879096985 
35.0, 0.7548642754554749 
36.0, 0.7593580484390259 
37.0, 0.7638527154922485 
38.0, 0.7683464288711548 
39.0, 0.7738972902297974 
40.0, 0.779583215713501 
41.0, 0.7836010456085205 
42.0, 0.787409245967865 
43.0, 0.7910038232803345 
44.0, 0.7945994138717651 
45.0, 0.7981939911842346 
46.0, 0.8017875552177429 
47.0, 0.8053811192512512 
48.0, 0.8089747428894043 
49.0, 0.8139532804489136 
50.0, 0.8194494843482971 
51.0, 0.8221160769462585 
52.0, 0.8231890797615051 
53.0, 0.8263534903526306 
54.0, 0.8295168876647949 
55.0, 0.8326802849769592 
56.0, 0.8371391892433167 
57.0, 0.8416309356689453 
58.0, 0.846122682094574 
59.0, 0.8506173491477966 
60.0, 0.8551150560379028 
61.0, 0.859612762928009 
62.0, 0.864932119846344 
63.0, 0.8677238821983337 
64.0, 0.8705167174339294 
65.0, 0.873308539390564 
66.0, 0.8763874769210815 
67.0, 0.8795289993286133 
68.0, 0.8826715350151062 
69.0, 0.8862114548683167 
70.0, 0.8902739882469177 
71.0, 0.8943365216255188 
72.0, 0.8984407782554626 
73.0, 0.9031451344490051 
74.0, 0.9076507687568665 
75.0, 0.9107783436775208 
76.0, 0.9145259261131287 
77.0, 0.9185824990272522 
78.0, 0.9226390719413757 
79.0, 0.9265585541725159 
80.0, 0.9301471710205078 
81.0, 0.9337357878684998 
82.0, 0.9373244047164917 
83.0, 0.9405165910720825 
84.0, 0.9436670541763306 
85.0, 0.9468185305595398 
86.0, 0.9506754279136658 
87.0, 0.954648494720459 
88.0, 0.9586206078529358 
89.0, 0.9624000191688538 
90.0, 0.9650974273681641 
91.0, 0.9677958488464355 
92.0, 0.970494270324707 
93.0, 0.9742358922958374 
94.0, 0.9782865047454834 
95.0, 0.9823380708694458 
96.0, 0.9867731928825378 
97.0, 0.9918014407157898 
98.0, 0.9945346117019653 
99.0, 0.9969587922096252 
100.0, 0.6232759464995167 
