Time(Seconds), Inputs 
0.0, 0.1996411383152008 
1.0, 0.26484230160713196 
2.0, 0.3034765422344208 
3.0, 0.3354988992214203 
4.0, 0.3640369474887848 
5.0, 0.39062270522117615 
6.0, 0.41632819175720215 
7.0, 0.4358072876930237 
8.0, 0.45656105875968933 
9.0, 0.4758414030075073 
10.0, 0.49487438797950745 
11.0, 0.5113570094108582 
12.0, 0.5271252393722534 
13.0, 0.5448586940765381 
14.0, 0.5600864887237549 
15.0, 0.5753142237663269 
16.0, 0.5899091362953186 
17.0, 0.602252721786499 
18.0, 0.6157130002975464 
19.0, 0.6293501257896423 
20.0, 0.6405134201049805 
21.0, 0.6516011953353882 
22.0, 0.6626878976821899 
23.0, 0.6747632622718811 
24.0, 0.6835300922393799 
25.0, 0.6922969818115234 
26.0, 0.701063871383667 
27.0, 0.7098307609558105 
28.0, 0.7175196409225464 
29.0, 0.7252601981163025 
30.0, 0.7331011295318604 
31.0, 0.7409430146217346 
32.0, 0.7487848997116089 
33.0, 0.7566268444061279 
34.0, 0.7618318796157837 
35.0, 0.7676718235015869 
36.0, 0.7735108137130737 
37.0, 0.7793497443199158 
38.0, 0.7851887345314026 
39.0, 0.7910276651382446 
40.0, 0.7968497276306152 
41.0, 0.802327036857605 
42.0, 0.8074019551277161 
43.0, 0.8124768733978271 
44.0, 0.8175528049468994 
45.0, 0.8225463032722473 
46.0, 0.8274781703948975 
47.0, 0.8324100375175476 
48.0, 0.8373428583145142 
49.0, 0.8422747254371643 
50.0, 0.844524085521698 
51.0, 0.8486988544464111 
52.0, 0.8528726696968079 
53.0, 0.8570464849472046 
54.0, 0.8612212538719177 
55.0, 0.8653950691223145 
56.0, 0.8691664934158325 
57.0, 0.8727193474769592 
58.0, 0.8762732148170471 
59.0, 0.8798260688781738 
60.0, 0.8833798766136169 
61.0, 0.884175717830658 
62.0, 0.8875169157981873 
63.0, 0.8908591866493225 
64.0, 0.894201397895813 
65.0, 0.8975436091423035 
66.0, 0.9008848071098328 
67.0, 0.9040333032608032 
68.0, 0.9071062803268433 
69.0, 0.9101792573928833 
70.0, 0.9132522344589233 
71.0, 0.9163252115249634 
72.0, 0.9194458723068237 
73.0, 0.9226877689361572 
74.0, 0.9259296655654907 
75.0, 0.9281948804855347 
76.0, 0.9293493628501892 
77.0, 0.9305038452148438 
78.0, 0.9332489371299744 
79.0, 0.9363070130348206 
80.0, 0.9393650889396667 
81.0, 0.9424231648445129 
82.0, 0.9454812407493591 
83.0, 0.948332667350769 
84.0, 0.9508303999900818 
85.0, 0.9533290863037109 
86.0, 0.9558268189430237 
87.0, 0.9583245515823364 
88.0, 0.9608222842216492 
89.0, 0.9644516110420227 
90.0, 0.9682170748710632 
91.0, 0.9713963866233826 
92.0, 0.9739179611206055 
93.0, 0.9764395356178284 
94.0, 0.9788269400596619 
95.0, 0.9810554385185242 
96.0, 0.9832829236984253 
97.0, 0.9855114221572876 
98.0, 0.9877398610115051 
99.0, 0.9899673461914062 
100.0, 0.38623908294618864 
