Time(Seconds), Inputs 
0.0, 0.12306411564350128 
1.0, 0.26296553015708923 
2.0, 0.30526289343833923 
3.0, 0.33901697397232056 
4.0, 0.3693045973777771 
5.0, 0.3949435353279114 
6.0, 0.4188815653324127 
7.0, 0.44312262535095215 
8.0, 0.46497124433517456 
9.0, 0.4857746958732605 
10.0, 0.5022513270378113 
11.0, 0.5214889645576477 
12.0, 0.5397986769676208 
13.0, 0.555695116519928 
14.0, 0.5715905427932739 
15.0, 0.5867875218391418 
16.0, 0.6010584831237793 
17.0, 0.6153284907341003 
18.0, 0.6287450790405273 
19.0, 0.6417076587677002 
20.0, 0.6533616781234741 
21.0, 0.663906991481781 
22.0, 0.6742128133773804 
23.0, 0.6845176815986633 
24.0, 0.6948235034942627 
25.0, 0.7056182026863098 
26.0, 0.7134332656860352 
27.0, 0.7212473750114441 
28.0, 0.7290624380111694 
29.0, 0.7368775010108948 
30.0, 0.7442047595977783 
31.0, 0.75081866979599 
32.0, 0.7570708990097046 
33.0, 0.763323187828064 
34.0, 0.7695754170417786 
35.0, 0.776095986366272 
36.0, 0.7827704548835754 
37.0, 0.7894449830055237 
38.0, 0.794963002204895 
39.0, 0.8003648519515991 
40.0, 0.8050224781036377 
41.0, 0.809302568435669 
42.0, 0.813582718372345 
43.0, 0.8178638219833374 
44.0, 0.8221439123153687 
45.0, 0.8272804617881775 
46.0, 0.832706093788147 
47.0, 0.8367835283279419 
48.0, 0.8408619165420532 
49.0, 0.8449403643608093 
50.0, 0.8487256765365601 
51.0, 0.8523878455162048 
52.0, 0.856050968170166 
53.0, 0.8597131371498108 
54.0, 0.863376259803772 
55.0, 0.86711585521698 
56.0, 0.8708842992782593 
57.0, 0.8746517896652222 
58.0, 0.8775399327278137 
59.0, 0.8803536295890808 
60.0, 0.8833500742912292 
61.0, 0.8864012360572815 
62.0, 0.8894533514976501 
63.0, 0.892505407333374 
64.0, 0.8955575227737427 
65.0, 0.8988540768623352 
66.0, 0.9022122025489807 
67.0, 0.9055712819099426 
68.0, 0.9089294075965881 
69.0, 0.9122875332832336 
70.0, 0.9171289801597595 
71.0, 0.9187980890274048 
72.0, 0.9202804565429688 
73.0, 0.9217627644538879 
74.0, 0.9232451319694519 
75.0, 0.9268605709075928 
76.0, 0.9308297038078308 
77.0, 0.93479984998703 
78.0, 0.9387689828872681 
79.0, 0.9427381157875061 
80.0, 0.9453431367874146 
81.0, 0.9477852582931519 
82.0, 0.9502263069152832 
83.0, 0.9526684284210205 
84.0, 0.955110490322113 
85.0, 0.9594998955726624 
86.0, 0.9619618654251099 
87.0, 0.9642559289932251 
88.0, 0.9665509462356567 
89.0, 0.968845009803772 
90.0, 0.9715602993965149 
91.0, 0.9742915034294128 
92.0, 0.9770227074623108 
93.0, 0.9797539114952087 
94.0, 0.9824851155281067 
95.0, 0.9846410751342773 
96.0, 0.9867781400680542 
97.0, 0.9889142513275146 
98.0, 0.9910503029823303 
99.0, 0.9931864142417908 
100.0, 0.42397770387371775 
