Time(Seconds), Inputs 
0.0, 0.03664323315024376 
1.0, 0.26750195026397705 
2.0, 0.3126656711101532 
3.0, 0.34382364153862 
4.0, 0.3729945719242096 
5.0, 0.40044471621513367 
6.0, 0.42470064759254456 
7.0, 0.4468493163585663 
8.0, 0.4661277234554291 
9.0, 0.48720040917396545 
10.0, 0.5065543055534363 
11.0, 0.5246851444244385 
12.0, 0.5422000288963318 
13.0, 0.5584540963172913 
14.0, 0.5761617422103882 
15.0, 0.5907188653945923 
16.0, 0.6042288541793823 
17.0, 0.6177388429641724 
18.0, 0.6293143630027771 
19.0, 0.6411463022232056 
20.0, 0.6531530618667603 
21.0, 0.6651598215103149 
22.0, 0.6754527688026428 
23.0, 0.6857396960258484 
24.0, 0.6960256695747375 
25.0, 0.7063096761703491 
26.0, 0.7149414420127869 
27.0, 0.723357617855072 
28.0, 0.7317747473716736 
29.0, 0.7402247190475464 
30.0, 0.7489379048347473 
31.0, 0.7553352117538452 
32.0, 0.7614762187004089 
33.0, 0.7676172256469727 
34.0, 0.7737581729888916 
35.0, 0.7800581455230713 
36.0, 0.7864186763763428 
37.0, 0.7926262617111206 
38.0, 0.7975243330001831 
39.0, 0.8024234175682068 
40.0, 0.8074615597724915 
41.0, 0.8127838969230652 
42.0, 0.8181071877479553 
43.0, 0.8234305381774902 
44.0, 0.828752875328064 
45.0, 0.8340761661529541 
46.0, 0.8378137946128845 
47.0, 0.8414431810379028 
48.0, 0.8450725078582764 
49.0, 0.8487018346786499 
50.0, 0.8523312211036682 
51.0, 0.8556753993034363 
52.0, 0.858759343624115 
53.0, 0.8618442416191101 
54.0, 0.8649291396141052 
55.0, 0.8680130243301392 
56.0, 0.8713840842247009 
57.0, 0.8765822052955627 
58.0, 0.88020259141922 
59.0, 0.8837782740592957 
60.0, 0.8873549699783325 
61.0, 0.890930712223053 
62.0, 0.8935049176216125 
63.0, 0.8957403302192688 
64.0, 0.8979758024215698 
65.0, 0.9002112150192261 
66.0, 0.9024466872215271 
67.0, 0.9056209921836853 
68.0, 0.9106065034866333 
69.0, 0.9155920147895813 
70.0, 0.9194290041923523 
71.0, 0.9207175970077515 
72.0, 0.9220061898231506 
73.0, 0.9247543215751648 
74.0, 0.927556037902832 
75.0, 0.930357813835144 
76.0, 0.9331595301628113 
77.0, 0.9359613060951233 
78.0, 0.9389200210571289 
79.0, 0.9419959783554077 
80.0, 0.9450709223747253 
81.0, 0.9481468796730042 
82.0, 0.951222836971283 
83.0, 0.9543494582176208 
84.0, 0.9577333927154541 
85.0, 0.9611173868179321 
86.0, 0.9635832905769348 
87.0, 0.9659856557846069 
88.0, 0.9683870077133179 
89.0, 0.9708807468414307 
90.0, 0.9733983278274536 
91.0, 0.9759159088134766 
92.0, 0.9784335494041443 
93.0, 0.9809511303901672 
94.0, 0.9834706783294678 
95.0, 0.985994279384613 
96.0, 0.9885178208351135 
97.0, 0.9910404086112976 
98.0, 0.9935639500617981 
99.0, 0.9960874915122986 
100.0, 0.39087204425159366 
