Time(Seconds), Inputs 
0.0, 0.19606544077396393 
1.0, 0.26234158873558044 
2.0, 0.3014507591724396 
3.0, 0.33430764079093933 
4.0, 0.3627811074256897 
5.0, 0.38676881790161133 
6.0, 0.4099169671535492 
7.0, 0.4294109642505646 
8.0, 0.4503544867038727 
9.0, 0.47011372447013855 
10.0, 0.48974481225013733 
11.0, 0.5068007111549377 
12.0, 0.522882878780365 
13.0, 0.5386412143707275 
14.0, 0.5540915131568909 
15.0, 0.5695408582687378 
16.0, 0.5842301845550537 
17.0, 0.597018837928772 
18.0, 0.6098085045814514 
19.0, 0.6249945163726807 
20.0, 0.6360276341438293 
21.0, 0.647060751914978 
22.0, 0.6580938696861267 
23.0, 0.6689868569374084 
24.0, 0.6790443658828735 
25.0, 0.6890839338302612 
26.0, 0.698204517364502 
27.0, 0.7073250412940979 
28.0, 0.7156428694725037 
29.0, 0.7235801219940186 
30.0, 0.731516420841217 
31.0, 0.7394527196884155 
32.0, 0.7468465566635132 
33.0, 0.7539016008377075 
34.0, 0.7597107291221619 
35.0, 0.7655198574066162 
36.0, 0.7713299989700317 
37.0, 0.7771391868591309 
38.0, 0.7841137051582336 
39.0, 0.7916069030761719 
40.0, 0.7976385951042175 
41.0, 0.8018968105316162 
42.0, 0.8061540722846985 
43.0, 0.8104123473167419 
44.0, 0.8149428367614746 
45.0, 0.8197365999221802 
46.0, 0.8245293498039246 
47.0, 0.8293231129646301 
48.0, 0.8341159224510193 
49.0, 0.8386364579200745 
50.0, 0.8412255644798279 
51.0, 0.8449393510818481 
52.0, 0.8486541509628296 
53.0, 0.8523679971694946 
54.0, 0.8560817837715149 
55.0, 0.8597955703735352 
56.0, 0.8635143637657166 
57.0, 0.8672549724578857 
58.0, 0.8709965944290161 
59.0, 0.8747372031211853 
60.0, 0.8784788250923157 
61.0, 0.8814981579780579 
62.0, 0.8826864361763 
63.0, 0.8859143853187561 
64.0, 0.8891443610191345 
65.0, 0.8923752903938293 
66.0, 0.895605206489563 
67.0, 0.8988351821899414 
68.0, 0.9020661115646362 
69.0, 0.9048589468002319 
70.0, 0.907579243183136 
71.0, 0.9102994799613953 
72.0, 0.9130197763442993 
73.0, 0.9157410264015198 
74.0, 0.9184613227844238 
75.0, 0.9247841238975525 
76.0, 0.9271199107170105 
77.0, 0.9294556379318237 
78.0, 0.9317914247512817 
79.0, 0.9341272115707397 
80.0, 0.9364629983901978 
81.0, 0.9391236901283264 
82.0, 0.9421022534370422 
83.0, 0.9450808763504028 
84.0, 0.9480584263801575 
85.0, 0.9510370492935181 
86.0, 0.9540156126022339 
87.0, 0.9568759799003601 
88.0, 0.9595237374305725 
89.0, 0.9621725082397461 
90.0, 0.9648212194442749 
91.0, 0.9673020839691162 
92.0, 0.9694361686706543 
93.0, 0.9716298580169678 
94.0, 0.974098801612854 
95.0, 0.9765676856040955 
96.0, 0.9790365695953369 
97.0, 0.9815055131912231 
98.0, 0.9839743971824646 
99.0, 0.986444354057312 
100.0, 0.34179161042245965 
