Time(Seconds), Inputs 
0.0, 0.1896412968635559 
1.0, 0.2687835991382599 
2.0, 0.30944564938545227 
3.0, 0.34361499547958374 
4.0, 0.3726935386657715 
5.0, 0.4008917808532715 
6.0, 0.4259713590145111 
7.0, 0.4499044120311737 
8.0, 0.46999651193618774 
9.0, 0.4904690980911255 
10.0, 0.5093083381652832 
11.0, 0.5281475782394409 
12.0, 0.5455700755119324 
13.0, 0.5626606941223145 
14.0, 0.5795466899871826 
15.0, 0.5942746996879578 
16.0, 0.6090027093887329 
17.0, 0.6223945021629333 
18.0, 0.6342571973800659 
19.0, 0.6468491554260254 
20.0, 0.6606412529945374 
21.0, 0.6702098846435547 
22.0, 0.6797775626182556 
23.0, 0.689346194267273 
24.0, 0.6998934745788574 
25.0, 0.7088491320610046 
26.0, 0.7167357206344604 
27.0, 0.7246233820915222 
28.0, 0.732509970664978 
29.0, 0.7405188083648682 
30.0, 0.7483437657356262 
31.0, 0.7545245289802551 
32.0, 0.7607052326202393 
33.0, 0.7668859958648682 
34.0, 0.7730656862258911 
35.0, 0.781620979309082 
36.0, 0.7887176871299744 
37.0, 0.7930067777633667 
38.0, 0.7972958087921143 
39.0, 0.8015848994255066 
40.0, 0.8062514662742615 
41.0, 0.8110005259513855 
42.0, 0.8157485723495483 
43.0, 0.8204976320266724 
44.0, 0.8252466917037964 
45.0, 0.8296957015991211 
46.0, 0.834184467792511 
47.0, 0.8386741876602173 
48.0, 0.8431639671325684 
49.0, 0.8476536870002747 
50.0, 0.851593017578125 
51.0, 0.8551528453826904 
52.0, 0.8587136268615723 
53.0, 0.8622734546661377 
54.0, 0.8658332228660583 
55.0, 0.869390070438385 
56.0, 0.8729459047317505 
57.0, 0.8765186071395874 
58.0, 0.8800903558731079 
59.0, 0.8836630582809448 
60.0, 0.8869178295135498 
61.0, 0.8895924091339111 
62.0, 0.8922669887542725 
63.0, 0.8949415683746338 
64.0, 0.8976151347160339 
65.0, 0.9004804491996765 
66.0, 0.9039558172225952 
67.0, 0.9074321985244751 
68.0, 0.910907506942749 
69.0, 0.9143838882446289 
70.0, 0.9167712926864624 
71.0, 0.9200350642204285 
72.0, 0.9232987761497498 
73.0, 0.9265625476837158 
74.0, 0.9298262596130371 
75.0, 0.9330899715423584 
76.0, 0.935773491859436 
77.0, 0.9384540319442749 
78.0, 0.9411345720291138 
79.0, 0.9438151121139526 
80.0, 0.9464956521987915 
81.0, 0.9499958157539368 
82.0, 0.9535963535308838 
83.0, 0.9571968913078308 
84.0, 0.9594025611877441 
85.0, 0.9615128040313721 
86.0, 0.9638316631317139 
87.0, 0.9662121534347534 
88.0, 0.968592643737793 
89.0, 0.9709721207618713 
90.0, 0.9733526110649109 
91.0, 0.9763173460960388 
92.0, 0.9795780777931213 
93.0, 0.9828388094902039 
94.0, 0.9860996007919312 
95.0, 0.9893603324890137 
96.0, 0.9922574758529663 
97.0, 0.9948376417160034 
98.0, 0.9974188208580017 
99.0, 1.0 
100.0, 0.41201844668049176 
