Time(Seconds), Inputs 
0.0, 0.0202719084918499 
1.0, 0.3132091164588928 
2.0, 0.34232640266418457 
3.0, 0.36593058705329895 
4.0, 0.3872566223144531 
5.0, 0.4058246612548828 
6.0, 0.42325207591056824 
7.0, 0.4402344226837158 
8.0, 0.4559520184993744 
9.0, 0.47166961431503296 
10.0, 0.4859595000743866 
11.0, 0.4984997808933258 
12.0, 0.5111443996429443 
13.0, 0.5241615772247314 
14.0, 0.5350983142852783 
15.0, 0.546034038066864 
16.0, 0.5569697618484497 
17.0, 0.567745566368103 
18.0, 0.5779103636741638 
19.0, 0.5880751013755798 
20.0, 0.5982398986816406 
21.0, 0.6083847880363464 
22.0, 0.6168714761734009 
23.0, 0.6253581643104553 
24.0, 0.6338886022567749 
25.0, 0.6426892280578613 
26.0, 0.6514521241188049 
27.0, 0.6596407890319824 
28.0, 0.6678293943405151 
29.0, 0.6760180592536926 
30.0, 0.6842067241668701 
31.0, 0.6923953294754028 
32.0, 0.7001140713691711 
33.0, 0.7077522873878479 
34.0, 0.7153895497322083 
35.0, 0.723027765750885 
36.0, 0.7306133508682251 
37.0, 0.7374348640441895 
38.0, 0.7441004514694214 
39.0, 0.7507650256156921 
40.0, 0.7574305534362793 
41.0, 0.76409512758255 
42.0, 0.770760715007782 
43.0, 0.7774263024330139 
44.0, 0.7829225063323975 
45.0, 0.7880868315696716 
46.0, 0.7932511568069458 
47.0, 0.7984164953231812 
48.0, 0.8036226034164429 
49.0, 0.8095002770423889 
50.0, 0.8153780102729797 
51.0, 0.8212556838989258 
52.0, 0.8264548182487488 
53.0, 0.8316171765327454 
54.0, 0.8367795348167419 
55.0, 0.8419429063796997 
56.0, 0.8471052646636963 
57.0, 0.8522676229476929 
58.0, 0.8574299812316895 
59.0, 0.862592339515686 
60.0, 0.8643975853919983 
61.0, 0.8687701225280762 
62.0, 0.8731426000595093 
63.0, 0.8775160908699036 
64.0, 0.8818886280059814 
65.0, 0.8862611055374146 
66.0, 0.8906345963478088 
67.0, 0.8950071334838867 
68.0, 0.8993796706199646 
69.0, 0.9037531614303589 
70.0, 0.908125638961792 
71.0, 0.9106462001800537 
72.0, 0.9130873084068298 
73.0, 0.9164454340934753 
74.0, 0.9198035597801208 
75.0, 0.9231616854667664 
76.0, 0.9265198111534119 
77.0, 0.9298788905143738 
78.0, 0.9332370162010193 
79.0, 0.9365951418876648 
80.0, 0.9399532675743103 
81.0, 0.9433113932609558 
82.0, 0.9466695189476013 
83.0, 0.9500285983085632 
84.0, 0.9524955153465271 
85.0, 0.9551432728767395 
86.0, 0.9578108787536621 
87.0, 0.9604775309562683 
88.0, 0.9631451368331909 
89.0, 0.9658117890357971 
90.0, 0.9684793949127197 
91.0, 0.9711459875106812 
92.0, 0.9738136529922485 
93.0, 0.97648024559021 
94.0, 0.9791478514671326 
95.0, 0.9818145036697388 
96.0, 0.9844821095466614 
97.0, 0.9875451326370239 
98.0, 0.9906191229820251 
99.0, 0.9936931133270264 
100.0, 0.1752583684992697 
