Time(Seconds), Inputs 
0.0, 0.2714700996875763 
1.0, 0.32563120126724243 
2.0, 0.35733360052108765 
3.0, 0.38100436329841614 
4.0, 0.40348291397094727 
5.0, 0.42069175839424133 
6.0, 0.437899649143219 
7.0, 0.45398882031440735 
8.0, 0.4692493677139282 
9.0, 0.4838452637195587 
10.0, 0.49671241641044617 
11.0, 0.5092715620994568 
12.0, 0.5218307375907898 
13.0, 0.5341882109642029 
14.0, 0.5461443066596985 
15.0, 0.5580994486808777 
16.0, 0.5700545310974121 
17.0, 0.5802431106567383 
18.0, 0.5895594358444214 
19.0, 0.5994459986686707 
20.0, 0.6093335747718811 
21.0, 0.6189618706703186 
22.0, 0.6277326941490173 
23.0, 0.6365045309066772 
24.0, 0.6452754139900208 
25.0, 0.6540472507476807 
26.0, 0.662471354007721 
27.0, 0.670316219329834 
28.0, 0.6781660914421082 
29.0, 0.6861490607261658 
30.0, 0.6941310167312622 
31.0, 0.7021140456199646 
32.0, 0.7088570594787598 
33.0, 0.7155941724777222 
34.0, 0.7223312854766846 
35.0, 0.729068398475647 
36.0, 0.7358055114746094 
37.0, 0.742542564868927 
38.0, 0.7473512887954712 
39.0, 0.7533302903175354 
40.0, 0.7595905065536499 
41.0, 0.7658517360687256 
42.0, 0.7721129059791565 
43.0, 0.7783741354942322 
44.0, 0.7846343517303467 
45.0, 0.7898215055465698 
46.0, 0.7941731810569763 
47.0, 0.7985258102416992 
48.0, 0.8028774261474609 
49.0, 0.807712972164154 
50.0, 0.8127402067184448 
51.0, 0.8177674412727356 
52.0, 0.8227946758270264 
53.0, 0.8278219103813171 
54.0, 0.8322540521621704 
55.0, 0.8362370729446411 
56.0, 0.8402191400527954 
57.0, 0.8442021608352661 
58.0, 0.8481842279434204 
59.0, 0.8526372313499451 
60.0, 0.8574011921882629 
61.0, 0.8621641397476196 
62.0, 0.8669281005859375 
63.0, 0.8716920614242554 
64.0, 0.8753511905670166 
65.0, 0.8787510395050049 
66.0, 0.8821508884429932 
67.0, 0.8855507373809814 
68.0, 0.8889505863189697 
69.0, 0.8924736380577087 
70.0, 0.8961566686630249 
71.0, 0.8998386263847351 
72.0, 0.9035206437110901 
73.0, 0.9072026610374451 
74.0, 0.9108846783638 
75.0, 0.914566695690155 
76.0, 0.9166392087936401 
77.0, 0.9183728694915771 
78.0, 0.9201065897941589 
79.0, 0.9221889972686768 
80.0, 0.9250374436378479 
81.0, 0.927885890007019 
82.0, 0.930733323097229 
83.0, 0.9335817694664001 
84.0, 0.9364302158355713 
85.0, 0.9392776489257812 
86.0, 0.9421260952949524 
87.0, 0.9449745416641235 
88.0, 0.9478229880332947 
89.0, 0.9512436985969543 
90.0, 0.957643985748291 
91.0, 0.9597999453544617 
92.0, 0.9618346691131592 
93.0, 0.9638704061508179 
94.0, 0.9659051895141602 
95.0, 0.9679409265518188 
96.0, 0.9699766039848328 
97.0, 0.972011387348175 
98.0, 0.9740471243858337 
99.0, 0.9760818481445312 
100.0, 0.20778703707646515 
