Time(Seconds), Inputs 
0.0, 0.16041970252990723 
1.0, 0.31930938363075256 
2.0, 0.350460410118103 
3.0, 0.37265676259994507 
4.0, 0.39316216111183167 
5.0, 0.412349134683609 
6.0, 0.4311217963695526 
7.0, 0.44813892245292664 
8.0, 0.4624367654323578 
9.0, 0.47621896862983704 
10.0, 0.48960474133491516 
11.0, 0.5018599033355713 
12.0, 0.514115035533905 
13.0, 0.5263701677322388 
14.0, 0.5377599596977234 
15.0, 0.5489033460617065 
16.0, 0.5600477457046509 
17.0, 0.571191132068634 
18.0, 0.5817334055900574 
19.0, 0.5922459363937378 
20.0, 0.6023023724555969 
21.0, 0.6114905476570129 
22.0, 0.6209776997566223 
23.0, 0.6306009888648987 
24.0, 0.6402252912521362 
25.0, 0.6498485803604126 
26.0, 0.6589850783348083 
27.0, 0.6666848659515381 
28.0, 0.6743857264518738 
29.0, 0.6820865273475647 
30.0, 0.6897863745689392 
31.0, 0.6974871754646301 
32.0, 0.7039142847061157 
33.0, 0.7111580967903137 
34.0, 0.7184028625488281 
35.0, 0.7256476879119873 
36.0, 0.7328924536705017 
37.0, 0.7401362657546997 
38.0, 0.7465901970863342 
39.0, 0.7526974081993103 
40.0, 0.7588046193122864 
41.0, 0.7649118304252625 
42.0, 0.7710200548171997 
43.0, 0.7771272659301758 
44.0, 0.7856795191764832 
45.0, 0.7913227677345276 
46.0, 0.7969659566879272 
47.0, 0.8026092052459717 
48.0, 0.8082524538040161 
49.0, 0.8138956427574158 
50.0, 0.8195388913154602 
51.0, 0.8251821398735046 
52.0, 0.8302143216133118 
53.0, 0.834773600101471 
54.0, 0.8393319249153137 
55.0, 0.8438901901245117 
56.0, 0.8484296202659607 
57.0, 0.8529521822929382 
58.0, 0.8574756979942322 
59.0, 0.8619982004165649 
60.0, 0.8665217161178589 
61.0, 0.8709856867790222 
62.0, 0.8751465678215027 
63.0, 0.8793084025382996 
64.0, 0.8834702968597412 
65.0, 0.8876321911811829 
66.0, 0.8917940855026245 
67.0, 0.8959559798240662 
68.0, 0.9000969529151917 
69.0, 0.9042240977287292 
70.0, 0.9083501696586609 
71.0, 0.9124773144721985 
72.0, 0.9159119129180908 
73.0, 0.9192561507225037 
74.0, 0.9226013422012329 
75.0, 0.925945520401001 
76.0, 0.9292897582054138 
77.0, 0.9326339364051819 
78.0, 0.9359781742095947 
79.0, 0.9393223524093628 
80.0, 0.942616879940033 
81.0, 0.9458885788917542 
82.0, 0.9491602778434753 
83.0, 0.9524319767951965 
84.0, 0.9556937217712402 
85.0, 0.958637535572052 
86.0, 0.9615813493728638 
87.0, 0.9645251631736755 
88.0, 0.9674689769744873 
89.0, 0.9704127907752991 
90.0, 0.9733566045761108 
91.0, 0.9763004183769226 
92.0, 0.979084312915802 
93.0, 0.9818244576454163 
94.0, 0.9845646023750305 
95.0, 0.9873037338256836 
96.0, 0.9900438785552979 
97.0, 0.9927840232849121 
98.0, 0.9955241680145264 
99.0, 0.9982632994651794 
100.0, 0.17672107273493756 
