Time(Seconds), Inputs 
0.0, 0.2421809434890747 
1.0, 0.3043110966682434 
2.0, 0.33739253878593445 
3.0, 0.3655669689178467 
4.0, 0.38781002163887024 
5.0, 0.4086611568927765 
6.0, 0.4267204999923706 
7.0, 0.4439353048801422 
8.0, 0.461112380027771 
9.0, 0.4782010316848755 
10.0, 0.49528968334198 
11.0, 0.508958637714386 
12.0, 0.5219002962112427 
13.0, 0.5348946452140808 
14.0, 0.5480777025222778 
15.0, 0.5614187717437744 
16.0, 0.5747608542442322 
17.0, 0.5872951745986938 
18.0, 0.5983898639678955 
19.0, 0.6094855666160583 
20.0, 0.6209955811500549 
21.0, 0.6321171522140503 
22.0, 0.6423295736312866 
23.0, 0.6525420546531677 
24.0, 0.6627535223960876 
25.0, 0.6723172068595886 
26.0, 0.68048095703125 
27.0, 0.6886457800865173 
28.0, 0.697226881980896 
29.0, 0.7061745524406433 
30.0, 0.7145171761512756 
31.0, 0.721626877784729 
32.0, 0.7287375330924988 
33.0, 0.7358472347259521 
34.0, 0.7429568767547607 
35.0, 0.7500665783882141 
36.0, 0.7578886151313782 
37.0, 0.7640822529792786 
38.0, 0.770275890827179 
39.0, 0.7764695286750793 
40.0, 0.7826631665229797 
41.0, 0.7888568043708801 
42.0, 0.7950504422187805 
43.0, 0.8011069893836975 
44.0, 0.8064958453178406 
45.0, 0.8115738034248352 
46.0, 0.8166517019271851 
47.0, 0.8217296004295349 
48.0, 0.8268074989318848 
49.0, 0.8318854570388794 
50.0, 0.8369633555412292 
51.0, 0.8404754400253296 
52.0, 0.8439746499061584 
53.0, 0.8481623530387878 
54.0, 0.8523510694503784 
55.0, 0.8565387725830078 
56.0, 0.860726535320282 
57.0, 0.8649151921272278 
58.0, 0.869102954864502 
59.0, 0.8732906579971313 
60.0, 0.8783049583435059 
61.0, 0.8829854726791382 
62.0, 0.886236310005188 
63.0, 0.8894861340522766 
64.0, 0.8927369117736816 
65.0, 0.8959877490997314 
66.0, 0.8992385864257812 
67.0, 0.9024884104728699 
68.0, 0.9060253500938416 
69.0, 0.9096437692642212 
70.0, 0.9132611751556396 
71.0, 0.9168795943260193 
72.0, 0.9204980134963989 
73.0, 0.9241164326667786 
74.0, 0.9259544610977173 
75.0, 0.9259544610977173 
76.0, 0.9283896088600159 
77.0, 0.931242048740387 
78.0, 0.9340954422950745 
79.0, 0.9369478225708008 
80.0, 0.9398012757301331 
81.0, 0.9426536560058594 
82.0, 0.9455070495605469 
83.0, 0.948359489440918 
84.0, 0.9511204957962036 
85.0, 0.9538695812225342 
86.0, 0.9566186666488647 
87.0, 0.9593677520751953 
88.0, 0.9621168375015259 
89.0, 0.9648659229278564 
90.0, 0.967615008354187 
91.0, 0.9684058427810669 
92.0, 0.9702408909797668 
93.0, 0.9721444845199585 
94.0, 0.9740480780601501 
95.0, 0.975952684879303 
96.0, 0.9778562784194946 
97.0, 0.9797598719596863 
98.0, 0.9816634654998779 
99.0, 0.9835670590400696 
100.0, 0.26523916385268204 
