Time(Seconds), Inputs 
0.0, 0.05010153725743294 
1.0, 0.2293594926595688 
2.0, 0.2774570882320404 
3.0, 0.31488025188446045 
4.0, 0.34711122512817383 
5.0, 0.3773591220378876 
6.0, 0.40562495589256287 
7.0, 0.4305654466152191 
8.0, 0.45519396662712097 
9.0, 0.476241797208786 
10.0, 0.497043251991272 
11.0, 0.5160931348800659 
12.0, 0.5366789698600769 
13.0, 0.5525267124176025 
14.0, 0.5682433247566223 
15.0, 0.5832276940345764 
16.0, 0.5970367193222046 
17.0, 0.6111894845962524 
18.0, 0.6248614192008972 
19.0, 0.636876106262207 
20.0, 0.6469027996063232 
21.0, 0.6561157703399658 
22.0, 0.6653108596801758 
23.0, 0.6742833852767944 
24.0, 0.6839593052864075 
25.0, 0.6939064860343933 
26.0, 0.7038536667823792 
27.0, 0.7093091607093811 
28.0, 0.7152196168899536 
29.0, 0.7220749855041504 
30.0, 0.7289302945137024 
31.0, 0.7357866168022156 
32.0, 0.742776095867157 
33.0, 0.749763548374176 
34.0, 0.7551534175872803 
35.0, 0.7605432868003845 
36.0, 0.7652834057807922 
37.0, 0.7698337435722351 
38.0, 0.7743850946426392 
39.0, 0.7789364457130432 
40.0, 0.783886194229126 
41.0, 0.7889521718025208 
42.0, 0.7931876182556152 
43.0, 0.7960598468780518 
44.0, 0.7999793291091919 
45.0, 0.8041700124740601 
46.0, 0.8083617091178894 
47.0, 0.8125534057617188 
48.0, 0.8161241412162781 
49.0, 0.8195497989654541 
50.0, 0.8229755163192749 
51.0, 0.8264011740684509 
52.0, 0.8355098366737366 
53.0, 0.8390557169914246 
54.0, 0.8426015973091125 
55.0, 0.8461484909057617 
56.0, 0.8495970368385315 
57.0, 0.8530256748199463 
58.0, 0.8564553260803223 
59.0, 0.8598849773406982 
60.0, 0.8626658916473389 
61.0, 0.8653374314308167 
62.0, 0.8680080771446228 
63.0, 0.8706796765327454 
64.0, 0.875003457069397 
65.0, 0.878933846950531 
66.0, 0.8823436498641968 
67.0, 0.8857534527778625 
68.0, 0.889177143573761 
69.0, 0.8926017880439758 
70.0, 0.8960264921188354 
71.0, 0.8994511961936951 
72.0, 0.902887761592865 
73.0, 0.9063273668289185 
74.0, 0.9097659587860107 
75.0, 0.9132055640220642 
76.0, 0.9165219664573669 
77.0, 0.9198452830314636 
78.0, 0.9233753085136414 
79.0, 0.9269062876701355 
80.0, 0.9303280115127563 
81.0, 0.9337407350540161 
82.0, 0.9371535181999207 
83.0, 0.9405662417411804 
84.0, 0.9443496465682983 
85.0, 0.9481598138809204 
86.0, 0.9519709348678589 
87.0, 0.955781102180481 
88.0, 0.9615405797958374 
89.0, 0.9639290571212769 
90.0, 0.9659886360168457 
91.0, 0.9680482149124146 
92.0, 0.971429169178009 
93.0, 0.9748548269271851 
94.0, 0.9782805442810059 
95.0, 0.9817072153091431 
96.0, 0.9847642779350281 
97.0, 0.987813413143158 
98.0, 0.990863561630249 
99.0, 0.9939126372337341 
100.0, 0.5287984534085054 
