Time(Seconds), Inputs 
0.0, 0.18363146483898163 
1.0, 0.2590082883834839 
2.0, 0.3014209270477295 
3.0, 0.33496934175491333 
4.0, 0.3678351938724518 
5.0, 0.39711838960647583 
6.0, 0.4216207265853882 
7.0, 0.44538187980651855 
8.0, 0.467011958360672 
9.0, 0.4874001145362854 
10.0, 0.5053491592407227 
11.0, 0.5232982039451599 
12.0, 0.5422168970108032 
13.0, 0.5606210231781006 
14.0, 0.5767280459403992 
15.0, 0.5914759635925293 
16.0, 0.6062248349189758 
17.0, 0.6195599436759949 
18.0, 0.632026731967926 
19.0, 0.6444587111473083 
20.0, 0.6562409400939941 
21.0, 0.6658602356910706 
22.0, 0.6754795908927917 
23.0, 0.688109278678894 
24.0, 0.6991503238677979 
25.0, 0.7065133452415466 
26.0, 0.7138763666152954 
27.0, 0.7214013338088989 
28.0, 0.731377363204956 
29.0, 0.7404452562332153 
30.0, 0.7465812563896179 
31.0, 0.7527182698249817 
32.0, 0.7590172290802002 
33.0, 0.7657543420791626 
34.0, 0.7724924683570862 
35.0, 0.779230535030365 
36.0, 0.7839875221252441 
37.0, 0.7884832620620728 
38.0, 0.7938492894172668 
39.0, 0.7992153167724609 
40.0, 0.804581344127655 
41.0, 0.8099473714828491 
42.0, 0.8147123456001282 
43.0, 0.819153368473053 
44.0, 0.8235954642295837 
45.0, 0.8253122568130493 
46.0, 0.8267797231674194 
47.0, 0.8315565586090088 
48.0, 0.8369186520576477 
49.0, 0.8422806859016418 
50.0, 0.8476437330245972 
51.0, 0.8529332876205444 
52.0, 0.8564324975013733 
53.0, 0.8599326610565186 
54.0, 0.8634318709373474 
55.0, 0.8666827082633972 
56.0, 0.86878502368927 
57.0, 0.8722662925720215 
58.0, 0.8757476210594177 
59.0, 0.879228949546814 
60.0, 0.882709264755249 
61.0, 0.8863266706466675 
62.0, 0.8901169896125793 
63.0, 0.8939073085784912 
64.0, 0.8976976275444031 
65.0, 0.9014878869056702 
66.0, 0.9062121510505676 
67.0, 0.9101355671882629 
68.0, 0.9126183986663818 
69.0, 0.9151012301445007 
70.0, 0.917585015296936 
71.0, 0.9203698635101318 
72.0, 0.9232232570648193 
73.0, 0.9260767102241516 
74.0, 0.9289301037788391 
75.0, 0.9317914247512817 
76.0, 0.9349399209022522 
77.0, 0.9380894303321838 
78.0, 0.9412378668785095 
79.0, 0.94438636302948 
80.0, 0.9474444389343262 
81.0, 0.9501647353172302 
82.0, 0.9524657130241394 
83.0, 0.9544050693511963 
84.0, 0.956344485282898 
85.0, 0.9587825536727905 
86.0, 0.9619499444961548 
87.0, 0.9651172757148743 
88.0, 0.9682846665382385 
89.0, 0.971451997756958 
90.0, 0.9744147062301636 
91.0, 0.977249264717102 
92.0, 0.9800847768783569 
93.0, 0.9829202890396118 
94.0, 0.9857548475265503 
95.0, 0.9899822473526001 
96.0, 0.9941868782043457 
97.0, 0.9961183071136475 
98.0, 0.9980506896972656 
99.0, 0.9999821186065674 
100.0, 0.4387303642069673 
