Time(Seconds), Inputs 
0.0, 0.2686047852039337 
1.0, 0.32381799817085266 
2.0, 0.35313495993614197 
3.0, 0.3765285313129425 
4.0, 0.3993716835975647 
5.0, 0.4177529215812683 
6.0, 0.4361341595649719 
7.0, 0.4524090886116028 
8.0, 0.46779584884643555 
9.0, 0.4831835627555847 
10.0, 0.4955917298793793 
11.0, 0.5078160762786865 
12.0, 0.5200414061546326 
13.0, 0.530301570892334 
14.0, 0.5413138270378113 
15.0, 0.5526618361473083 
16.0, 0.5640109181404114 
17.0, 0.5748045444488525 
18.0, 0.5851561427116394 
19.0, 0.5955076813697815 
20.0, 0.6058592200279236 
21.0, 0.6157606840133667 
22.0, 0.625116765499115 
23.0, 0.6344717741012573 
24.0, 0.6438277959823608 
25.0, 0.6528530120849609 
26.0, 0.6612662076950073 
27.0, 0.6696247458457947 
28.0, 0.6779842376708984 
29.0, 0.686343789100647 
30.0, 0.6947023272514343 
31.0, 0.7018616795539856 
32.0, 0.7086901664733887 
33.0, 0.7155186533927917 
34.0, 0.7223471999168396 
35.0, 0.7291756868362427 
36.0, 0.7371447682380676 
37.0, 0.7442603707313538 
38.0, 0.7505037188529968 
39.0, 0.7567480206489563 
40.0, 0.7629923224449158 
41.0, 0.7692356705665588 
42.0, 0.7754799723625183 
43.0, 0.7817223072052002 
44.0, 0.7879288792610168 
45.0, 0.7941344380378723 
46.0, 0.8003409504890442 
47.0, 0.8065465688705444 
48.0, 0.8112508654594421 
49.0, 0.8157555460929871 
50.0, 0.8202601671218872 
51.0, 0.8247777223587036 
52.0, 0.8293598890304565 
53.0, 0.8339420557022095 
54.0, 0.8385232090950012 
55.0, 0.8431053161621094 
56.0, 0.8476864695549011 
57.0, 0.852268636226654 
58.0, 0.8568507432937622 
59.0, 0.8619436025619507 
60.0, 0.8671098947525024 
61.0, 0.870771050453186 
62.0, 0.8744311928749084 
63.0, 0.878092348575592 
64.0, 0.8817535042762756 
65.0, 0.8854146599769592 
66.0, 0.8890748023986816 
67.0, 0.8927359580993652 
68.0, 0.896397054195404 
69.0, 0.9000582098960876 
70.0, 0.9049115777015686 
71.0, 0.9106402397155762 
72.0, 0.913774847984314 
73.0, 0.9169084429740906 
74.0, 0.9200419783592224 
75.0, 0.9231765866279602 
76.0, 0.9263101816177368 
77.0, 0.9294447302818298 
78.0, 0.9325783252716064 
79.0, 0.9357128739356995 
80.0, 0.9388464689254761 
81.0, 0.9419810771942139 
82.0, 0.9451166391372681 
83.0, 0.9482531547546387 
84.0, 0.951389729976654 
85.0, 0.9539132714271545 
86.0, 0.9564309120178223 
87.0, 0.958947479724884 
88.0, 0.9614641070365906 
89.0, 0.9639816880226135 
90.0, 0.9664983153343201 
91.0, 0.969015896320343 
92.0, 0.9715325236320496 
93.0, 0.9744485020637512 
94.0, 0.9776923656463623 
95.0, 0.9809362292289734 
96.0, 0.9841800928115845 
97.0, 0.987424910068512 
98.0, 0.990668773651123 
99.0, 0.9939126372337341 
100.0, 0.18595718769028993 
