Time(Seconds), Inputs 
0.0, 0.0221218541264534 
1.0, 0.22819308936595917 
2.0, 0.2754432260990143 
3.0, 0.3149507939815521 
4.0, 0.3500073552131653 
5.0, 0.3798697590827942 
6.0, 0.40789514780044556 
7.0, 0.43300652503967285 
8.0, 0.4581149220466614 
9.0, 0.4832213222980499 
10.0, 0.5027888417243958 
11.0, 0.5237651467323303 
12.0, 0.5422606468200684 
13.0, 0.5599613189697266 
14.0, 0.5762392282485962 
15.0, 0.5910348296165466 
16.0, 0.6058304309844971 
17.0, 0.6182524561882019 
18.0, 0.6304380893707275 
19.0, 0.6426236629486084 
20.0, 0.6548082828521729 
21.0, 0.6617788672447205 
22.0, 0.6716763377189636 
23.0, 0.6815748810768127 
24.0, 0.6914733648300171 
25.0, 0.700629711151123 
26.0, 0.7075098752975464 
27.0, 0.7143890261650085 
28.0, 0.7211559414863586 
29.0, 0.7276148796081543 
30.0, 0.7340747714042664 
31.0, 0.740533709526062 
32.0, 0.7458242177963257 
33.0, 0.75202876329422 
34.0, 0.758233368396759 
35.0, 0.7644379138946533 
36.0, 0.7699509859085083 
37.0, 0.7753686904907227 
38.0, 0.7807853817939758 
39.0, 0.7856139540672302 
40.0, 0.7889174222946167 
41.0, 0.7922208905220032 
42.0, 0.7955253720283508 
43.0, 0.7994298934936523 
44.0, 0.8039842247962952 
45.0, 0.808538556098938 
46.0, 0.8130928874015808 
47.0, 0.8174256682395935 
48.0, 0.8217008113861084 
49.0, 0.8259769082069397 
50.0, 0.8280454277992249 
51.0, 0.8313578963279724 
52.0, 0.834669291973114 
53.0, 0.8379807472229004 
54.0, 0.8414500951766968 
55.0, 0.8451559543609619 
56.0, 0.848861813545227 
57.0, 0.8525676727294922 
58.0, 0.8560003042221069 
59.0, 0.8593137264251709 
60.0, 0.8626271486282349 
61.0, 0.866037905216217 
62.0, 0.872512698173523 
63.0, 0.8757237792015076 
64.0, 0.8789348602294922 
65.0, 0.8821747303009033 
66.0, 0.8854841589927673 
67.0, 0.8887926340103149 
68.0, 0.892102062702179 
69.0, 0.8956668376922607 
70.0, 0.8993895649909973 
71.0, 0.9031133055686951 
72.0, 0.9068370461463928 
73.0, 0.9113873839378357 
74.0, 0.9147584438323975 
75.0, 0.9173227548599243 
76.0, 0.9200529456138611 
77.0, 0.9233583807945251 
78.0, 0.926663875579834 
79.0, 0.929969310760498 
80.0, 0.9330582022666931 
81.0, 0.9359562993049622 
82.0, 0.9388543963432312 
83.0, 0.9417535066604614 
84.0, 0.945896565914154 
85.0, 0.9502630829811096 
86.0, 0.95462965965271 
87.0, 0.9579370617866516 
88.0, 0.9612475037574768 
89.0, 0.9645589590072632 
90.0, 0.9678693413734436 
91.0, 0.9709820747375488 
92.0, 0.9738603234291077 
93.0, 0.9767385721206665 
94.0, 0.9796168208122253 
95.0, 0.9828169941902161 
96.0, 0.9861243963241577 
97.0, 0.9894328713417053 
98.0, 0.9928843379020691 
99.0, 0.9986507892608643 
100.0, 0.5705270419308548 
