Time(Seconds), Inputs 
0.0, 0.20786653459072113 
1.0, 0.2777213752269745 
2.0, 0.3170371949672699 
3.0, 0.3489452600479126 
4.0, 0.37716537714004517 
5.0, 0.40250328183174133 
6.0, 0.4248298108577728 
7.0, 0.4459024965763092 
8.0, 0.4666234850883484 
9.0, 0.4851626753807068 
10.0, 0.5037009119987488 
11.0, 0.521122395992279 
12.0, 0.537366509437561 
13.0, 0.5531854629516602 
14.0, 0.5679522156715393 
15.0, 0.5827190279960632 
16.0, 0.5953049659729004 
17.0, 0.6095144152641296 
18.0, 0.6237228512763977 
19.0, 0.636825442314148 
20.0, 0.6472018361091614 
21.0, 0.657579243183136 
22.0, 0.6693306565284729 
23.0, 0.6801461577415466 
24.0, 0.6892498731613159 
25.0, 0.6983535289764404 
26.0, 0.7074562311172485 
27.0, 0.7165777683258057 
28.0, 0.7242308855056763 
29.0, 0.7314220666885376 
30.0, 0.7386131882667542 
31.0, 0.7458043098449707 
32.0, 0.752995491027832 
33.0, 0.7611880898475647 
34.0, 0.7674115300178528 
35.0, 0.7736349701881409 
36.0, 0.7798574566841125 
37.0, 0.7860808968544006 
38.0, 0.7921870946884155 
39.0, 0.7975283265113831 
40.0, 0.8028694987297058 
41.0, 0.8075907230377197 
42.0, 0.8122135996818542 
43.0, 0.8168355226516724 
44.0, 0.8213003873825073 
45.0, 0.8256510496139526 
46.0, 0.8300027251243591 
47.0, 0.8343533277511597 
48.0, 0.8387050032615662 
49.0, 0.8430675864219666 
50.0, 0.8478126525878906 
51.0, 0.8514300584793091 
52.0, 0.8550475239753723 
53.0, 0.8586639165878296 
54.0, 0.8622813820838928 
55.0, 0.865863025188446 
56.0, 0.8694019913673401 
57.0, 0.8729419112205505 
58.0, 0.876481831073761 
59.0, 0.8800217509269714 
60.0, 0.8835607171058655 
61.0, 0.8891006112098694 
62.0, 0.8919083476066589 
63.0, 0.8947170376777649 
64.0, 0.8975247144699097 
65.0, 0.9003324508666992 
66.0, 0.9031073451042175 
67.0, 0.905821681022644 
68.0, 0.9085359573364258 
69.0, 0.9112502932548523 
70.0, 0.9139646291732788 
71.0, 0.9166799187660217 
72.0, 0.9204980134963989 
73.0, 0.9246450066566467 
74.0, 0.9287919998168945 
75.0, 0.9315868020057678 
76.0, 0.9329250454902649 
77.0, 0.9346230030059814 
78.0, 0.9376353621482849 
79.0, 0.9406477212905884 
80.0, 0.9436601400375366 
81.0, 0.9466724991798401 
82.0, 0.9496858716011047 
83.0, 0.9525024890899658 
84.0, 0.955226719379425 
85.0, 0.957951009273529 
86.0, 0.9606752395629883 
87.0, 0.9633994698524475 
88.0, 0.966175377368927 
89.0, 0.9693387746810913 
90.0, 0.9725011587142944 
91.0, 0.9751071929931641 
92.0, 0.9774946570396423 
93.0, 0.979883074760437 
94.0, 0.9823102951049805 
95.0, 0.9847702383995056 
96.0, 0.9872301816940308 
97.0, 0.9896901845932007 
98.0, 0.9921501278877258 
99.0, 0.9946110844612122 
100.0, 0.37913421535605246 
