Time(Seconds), Inputs 
0.0, 0.0065612467005848885 
1.0, 0.25384294986724854 
2.0, 0.29553329944610596 
3.0, 0.33101609349250793 
4.0, 0.3617071211338043 
5.0, 0.3881945312023163 
6.0, 0.41356420516967773 
7.0, 0.43723994493484497 
8.0, 0.45775726437568665 
9.0, 0.4781911075115204 
10.0, 0.49811825156211853 
11.0, 0.5174234509468079 
12.0, 0.535904049873352 
13.0, 0.5516762733459473 
14.0, 0.5673531293869019 
15.0, 0.582524299621582 
16.0, 0.5972414016723633 
17.0, 0.6119585037231445 
18.0, 0.6266517639160156 
19.0, 0.6390936374664307 
20.0, 0.6515346169471741 
21.0, 0.6628985404968262 
22.0, 0.6718999147415161 
23.0, 0.681358277797699 
24.0, 0.6919840574264526 
25.0, 0.7026088237762451 
26.0, 0.7113438844680786 
27.0, 0.7200571298599243 
28.0, 0.7284891605377197 
29.0, 0.7357339859008789 
30.0, 0.7429777383804321 
31.0, 0.7501728534698486 
32.0, 0.757344126701355 
33.0, 0.7643584609031677 
34.0, 0.770210325717926 
35.0, 0.7760611772537231 
36.0, 0.781912088394165 
37.0, 0.7877629399299622 
38.0, 0.7927852272987366 
39.0, 0.7972620129585266 
40.0, 0.801737904548645 
41.0, 0.8062146902084351 
42.0, 0.8106905221939087 
43.0, 0.8151673674583435 
44.0, 0.8207460045814514 
45.0, 0.8264021873474121 
46.0, 0.8314611911773682 
47.0, 0.8346434831619263 
48.0, 0.8378247618675232 
49.0, 0.8413577079772949 
50.0, 0.8449552655220032 
51.0, 0.8485528230667114 
52.0, 0.8521493673324585 
53.0, 0.8557469248771667 
54.0, 0.8597568273544312 
55.0, 0.8638928532600403 
56.0, 0.8680289387702942 
57.0, 0.8721649646759033 
58.0, 0.8733492493629456 
59.0, 0.875834047794342 
60.0, 0.8794286251068115 
61.0, 0.8830222487449646 
62.0, 0.8866168260574341 
63.0, 0.8902114033699036 
64.0, 0.8932535648345947 
65.0, 0.8959370851516724 
66.0, 0.89862060546875 
67.0, 0.9013031125068665 
68.0, 0.9039866328239441 
69.0, 0.9072652459144592 
70.0, 0.9111509323120117 
71.0, 0.915035605430603 
72.0, 0.9174807071685791 
73.0, 0.9194498658180237 
74.0, 0.9221144914627075 
75.0, 0.9257060885429382 
76.0, 0.9292986989021301 
77.0, 0.9328902959823608 
78.0, 0.9364818930625916 
79.0, 0.9396681189537048 
80.0, 0.9420654773712158 
81.0, 0.9444628953933716 
82.0, 0.9468602538108826 
83.0, 0.9492576122283936 
84.0, 0.9520902037620544 
85.0, 0.9561834931373596 
86.0, 0.9594035148620605 
87.0, 0.9612922072410583 
88.0, 0.9631799459457397 
89.0, 0.965201735496521 
90.0, 0.967890202999115 
91.0, 0.9705787301063538 
92.0, 0.9732671976089478 
93.0, 0.9759556651115417 
94.0, 0.9786451458930969 
95.0, 0.9813505411148071 
96.0, 0.9840558767318726 
97.0, 0.9867602586746216 
98.0, 0.9894656538963318 
99.0, 0.9921700358390808 
100.0, 0.4144073173535912 
