Time(Seconds), Inputs 
0.0, 0.12364830821752548 
1.0, 0.2868906259536743 
2.0, 0.3252377510070801 
3.0, 0.3566470742225647 
4.0, 0.3812924921512604 
5.0, 0.40404823422431946 
6.0, 0.4247562885284424 
7.0, 0.44583195447921753 
8.0, 0.4634700417518616 
9.0, 0.4811080992221832 
10.0, 0.4971396327018738 
11.0, 0.51265949010849 
12.0, 0.5297412276268005 
13.0, 0.5440549254417419 
14.0, 0.5583686828613281 
15.0, 0.5723356604576111 
16.0, 0.5843891501426697 
17.0, 0.5964425802230835 
18.0, 0.6084970235824585 
19.0, 0.6208584904670715 
20.0, 0.6315577626228333 
21.0, 0.642257034778595 
22.0, 0.6529563069343567 
23.0, 0.6644077301025391 
24.0, 0.6761065125465393 
25.0, 0.6863427758216858 
26.0, 0.6945125460624695 
27.0, 0.702538251876831 
28.0, 0.7104477286338806 
29.0, 0.718356192111969 
30.0, 0.7262656688690186 
31.0, 0.7341750860214233 
32.0, 0.7419295907020569 
33.0, 0.7486090660095215 
34.0, 0.7552875280380249 
35.0, 0.7619660496711731 
36.0, 0.7686445116996765 
37.0, 0.7753229737281799 
38.0, 0.7815355062484741 
39.0, 0.7866501808166504 
40.0, 0.7914966344833374 
41.0, 0.7963430285453796 
42.0, 0.8011904358863831 
43.0, 0.8060368895530701 
44.0, 0.8110154271125793 
45.0, 0.818331778049469 
46.0, 0.825649082660675 
47.0, 0.8302083611488342 
48.0, 0.8346990942955017 
49.0, 0.8391908407211304 
50.0, 0.843682587146759 
51.0, 0.8479795455932617 
52.0, 0.8521354794502258 
53.0, 0.8562904000282288 
54.0, 0.8604453206062317 
55.0, 0.8646012544631958 
56.0, 0.8686697483062744 
57.0, 0.8718887567520142 
58.0, 0.8751832842826843 
59.0, 0.8784778118133545 
60.0, 0.8817723989486694 
61.0, 0.8850669264793396 
62.0, 0.8883614540100098 
63.0, 0.8916549682617188 
64.0, 0.895197868347168 
65.0, 0.8988540768623352 
66.0, 0.9025112390518188 
67.0, 0.9061673879623413 
68.0, 0.9098246097564697 
69.0, 0.9131171107292175 
70.0, 0.9160609245300293 
71.0, 0.9184056520462036 
72.0, 0.9207513928413391 
73.0, 0.9230970740318298 
74.0, 0.9254418015480042 
75.0, 0.9277875423431396 
76.0, 0.930132269859314 
77.0, 0.9332082271575928 
78.0, 0.9365127086639404 
79.0, 0.9398181438446045 
80.0, 0.9431226253509521 
81.0, 0.9464280605316162 
82.0, 0.949733555316925 
83.0, 0.9541676640510559 
84.0, 0.9565312266349792 
85.0, 0.9588958621025085 
86.0, 0.9612594246864319 
87.0, 0.9636240005493164 
88.0, 0.9659876227378845 
89.0, 0.968352198600769 
90.0, 0.9707108736038208 
91.0, 0.9730684757232666 
92.0, 0.9754261374473572 
93.0, 0.977783739566803 
94.0, 0.9801414012908936 
95.0, 0.9824990630149841 
96.0, 0.9853524565696716 
97.0, 0.9889172315597534 
98.0, 0.9924820065498352 
99.0, 0.9960477352142334 
100.0, 0.3265535111289011 
