Time(Seconds), Inputs 
0.0, 0.13032083213329315 
1.0, 0.31124889850616455 
2.0, 0.34157925844192505 
3.0, 0.3672400712966919 
4.0, 0.3902173340320587 
5.0, 0.40916189551353455 
6.0, 0.427676260471344 
7.0, 0.4440346658229828 
8.0, 0.46039408445358276 
9.0, 0.4752969741821289 
10.0, 0.4891457259654999 
11.0, 0.5029944777488708 
12.0, 0.5168522000312805 
13.0, 0.5292603373527527 
14.0, 0.5404494404792786 
15.0, 0.5516394972801208 
16.0, 0.5626368522644043 
17.0, 0.573631227016449 
18.0, 0.5846245884895325 
19.0, 0.5954381227493286 
20.0, 0.6050624251365662 
21.0, 0.6146857142448425 
22.0, 0.6243100166320801 
23.0, 0.6339333057403564 
24.0, 0.6435943245887756 
25.0, 0.6532673239707947 
26.0, 0.6629412770271301 
27.0, 0.6726152300834656 
28.0, 0.681629478931427 
29.0, 0.6894803643226624 
30.0, 0.6973311901092529 
31.0, 0.7051810622215271 
32.0, 0.7130318880081177 
33.0, 0.7208827137947083 
34.0, 0.7253645062446594 
35.0, 0.7328060269355774 
36.0, 0.7405635118484497 
37.0, 0.7483209371566772 
38.0, 0.756079375743866 
39.0, 0.7638368606567383 
40.0, 0.7694383263587952 
41.0, 0.7746930718421936 
42.0, 0.7799468636512756 
43.0, 0.7852016091346741 
44.0, 0.7904554009437561 
45.0, 0.7960350513458252 
46.0, 0.804251492023468 
47.0, 0.8106040954589844 
48.0, 0.815902590751648 
49.0, 0.8212010264396667 
50.0, 0.8264995217323303 
51.0, 0.8317980170249939 
52.0, 0.8370964527130127 
53.0, 0.8423959612846375 
54.0, 0.8476943969726562 
55.0, 0.8509382605552673 
56.0, 0.8536456227302551 
57.0, 0.857959508895874 
58.0, 0.8622734546661377 
59.0, 0.8665873408317566 
60.0, 0.8709002137184143 
61.0, 0.8752140998840332 
62.0, 0.8795279860496521 
63.0, 0.8838409185409546 
64.0, 0.8881548047065735 
65.0, 0.8926147222518921 
66.0, 0.897922158241272 
67.0, 0.9024993181228638 
68.0, 0.9061455726623535 
69.0, 0.9097917675971985 
70.0, 0.9134380221366882 
71.0, 0.917084276676178 
72.0, 0.9207305312156677 
73.0, 0.9243757724761963 
74.0, 0.928022027015686 
75.0, 0.931668221950531 
76.0, 0.9344213008880615 
77.0, 0.9352986216545105 
78.0, 0.9375012516975403 
79.0, 0.9405851364135742 
80.0, 0.9436690807342529 
81.0, 0.946753978729248 
82.0, 0.949837863445282 
83.0, 0.9529227614402771 
84.0, 0.956006646156311 
85.0, 0.9590905904769897 
86.0, 0.9621754884719849 
87.0, 0.9652593731880188 
88.0, 0.9683432579040527 
89.0, 0.971138060092926 
90.0, 0.973869264125824 
91.0, 0.9765836000442505 
92.0, 0.9790216684341431 
93.0, 0.9814597964286804 
94.0, 0.9838979244232178 
95.0, 0.986335039138794 
96.0, 0.9887731671333313 
97.0, 0.9912112951278687 
98.0, 0.9936493635177612 
99.0, 0.9960874915122986 
100.0, 0.1947185092765682 
