Time(Seconds), Inputs 
0.0, 0.004706333391368389 
1.0, 0.2592795491218567 
2.0, 0.29895302653312683 
3.0, 0.33213183283805847 
4.0, 0.3612431287765503 
5.0, 0.38608428835868835 
6.0, 0.41017329692840576 
7.0, 0.43277403712272644 
8.0, 0.45481839776039124 
9.0, 0.47255581617355347 
10.0, 0.4923548102378845 
11.0, 0.5097137093544006 
12.0, 0.526587724685669 
13.0, 0.5426779389381409 
14.0, 0.5570671558380127 
15.0, 0.5722144246101379 
16.0, 0.5872703194618225 
17.0, 0.6004306077957153 
18.0, 0.6135898232460022 
19.0, 0.6264073252677917 
20.0, 0.6381915211677551 
21.0, 0.6508788466453552 
22.0, 0.66396164894104 
23.0, 0.6731944680213928 
24.0, 0.6816513538360596 
25.0, 0.6901072859764099 
26.0, 0.6987389922142029 
27.0, 0.7101993560791016 
28.0, 0.7182459235191345 
29.0, 0.7262934446334839 
30.0, 0.734341025352478 
31.0, 0.7423886060714722 
32.0, 0.7504898309707642 
33.0, 0.7569189071655273 
34.0, 0.7625611424446106 
35.0, 0.7682023644447327 
36.0, 0.7738445997238159 
37.0, 0.7794868350028992 
38.0, 0.786001443862915 
39.0, 0.7926997542381287 
40.0, 0.7982038855552673 
41.0, 0.8027373552322388 
42.0, 0.8072708249092102 
43.0, 0.8118877410888672 
44.0, 0.8168643116950989 
45.0, 0.8218398690223694 
46.0, 0.8268164396286011 
47.0, 0.8317930102348328 
48.0, 0.8367695808410645 
49.0, 0.8392216563224792 
50.0, 0.8432950973510742 
51.0, 0.8473685383796692 
52.0, 0.8514419794082642 
53.0, 0.8555154800415039 
54.0, 0.8595889210700989 
55.0, 0.8636454939842224 
56.0, 0.867702066898346 
57.0, 0.8717576265335083 
58.0, 0.8758141994476318 
59.0, 0.8798707723617554 
60.0, 0.8805702328681946 
61.0, 0.8835428357124329 
62.0, 0.8865154385566711 
63.0, 0.889487087726593 
64.0, 0.8924597501754761 
65.0, 0.8954323530197144 
66.0, 0.8984169363975525 
67.0, 0.9014074206352234 
68.0, 0.9043979644775391 
69.0, 0.90738844871521 
70.0, 0.9103789925575256 
71.0, 0.9135214686393738 
72.0, 0.9179674983024597 
73.0, 0.9224145412445068 
74.0, 0.9250523447990417 
75.0, 0.9269320964813232 
76.0, 0.9288128614425659 
77.0, 0.9312052726745605 
78.0, 0.9341957569122314 
79.0, 0.9371852874755859 
80.0, 0.9401758313179016 
81.0, 0.9431663155555725 
82.0, 0.946155846118927 
83.0, 0.94889897108078 
84.0, 0.9516003727912903 
85.0, 0.9543017745018005 
86.0, 0.9570031762123108 
87.0, 0.959704577922821 
88.0, 0.9626215696334839 
89.0, 0.9663333892822266 
90.0, 0.9687933325767517 
91.0, 0.9712294936180115 
92.0, 0.9736666083335876 
93.0, 0.9761027097702026 
94.0, 0.9785457849502563 
95.0, 0.9809938669204712 
96.0, 0.9834429025650024 
97.0, 0.9858909249305725 
98.0, 0.9883390069007874 
99.0, 0.9907870292663574 
100.0, 0.37497604741972157 
