Time(Seconds), Inputs 
0.0, 0.22243958711624146 
1.0, 0.29041963815689087 
2.0, 0.3243892788887024 
3.0, 0.3555442690849304 
4.0, 0.37999197840690613 
5.0, 0.4016130864620209 
6.0, 0.4201900362968445 
7.0, 0.4386288821697235 
8.0, 0.4564785957336426 
9.0, 0.47432729601860046 
10.0, 0.49018198251724243 
11.0, 0.505451500415802 
12.0, 0.5206742882728577 
13.0, 0.534115731716156 
14.0, 0.5475581288337708 
15.0, 0.5610005259513855 
16.0, 0.5737375020980835 
17.0, 0.5863592624664307 
18.0, 0.5992195010185242 
19.0, 0.6113554239273071 
20.0, 0.6222593784332275 
21.0, 0.6331623196601868 
22.0, 0.6440662741661072 
23.0, 0.6535782814025879 
24.0, 0.6616984009742737 
25.0, 0.670487105846405 
26.0, 0.6812459826469421 
27.0, 0.692004919052124 
28.0, 0.7003524899482727 
29.0, 0.7086842060089111 
30.0, 0.7170169353485107 
31.0, 0.7253486514091492 
32.0, 0.7336803674697876 
33.0, 0.7417904734611511 
34.0, 0.748428225517273 
35.0, 0.755066990852356 
36.0, 0.7617047429084778 
37.0, 0.768343448638916 
38.0, 0.7749812006950378 
39.0, 0.7796319127082825 
40.0, 0.7841653823852539 
41.0, 0.7898940443992615 
42.0, 0.7956237196922302 
43.0, 0.8013523817062378 
44.0, 0.8070810437202454 
45.0, 0.8128107190132141 
46.0, 0.8185393810272217 
47.0, 0.8257335424423218 
48.0, 0.8302769064903259 
49.0, 0.834785521030426 
50.0, 0.8392931818962097 
51.0, 0.8438007831573486 
52.0, 0.8483084440231323 
53.0, 0.8528160452842712 
54.0, 0.8573237061500549 
55.0, 0.8623638153076172 
56.0, 0.8659047484397888 
57.0, 0.8694456815719604 
58.0, 0.8729866147041321 
59.0, 0.8765275478363037 
60.0, 0.8800684809684753 
61.0, 0.883609414100647 
62.0, 0.8871890902519226 
63.0, 0.8909833431243896 
64.0, 0.8947766423225403 
65.0, 0.8985708951950073 
66.0, 0.9023652076721191 
67.0, 0.905650794506073 
68.0, 0.9079657196998596 
69.0, 0.9102805852890015 
70.0, 0.913286030292511 
71.0, 0.9165626764297485 
72.0, 0.9198393225669861 
73.0, 0.9231159687042236 
74.0, 0.9263926148414612 
75.0, 0.9296692609786987 
76.0, 0.9329459071159363 
77.0, 0.9361480474472046 
78.0, 0.9391713738441467 
79.0, 0.9421946406364441 
80.0, 0.9452179670333862 
81.0, 0.9479004740715027 
82.0, 0.9496808648109436 
83.0, 0.9514612555503845 
84.0, 0.9532417058944702 
85.0, 0.9557900428771973 
86.0, 0.9584636688232422 
87.0, 0.9611382484436035 
88.0, 0.9638118147850037 
89.0, 0.9664853811264038 
90.0, 0.969158947467804 
91.0, 0.9718335270881653 
92.0, 0.9742110371589661 
93.0, 0.9762547016143799 
94.0, 0.9782984256744385 
95.0, 0.9803420901298523 
96.0, 0.9823857545852661 
97.0, 0.9844304323196411 
98.0, 0.9864741563796997 
99.0, 0.9899673461914062 
100.0, 0.2839647588347762 
