Time(Seconds), Inputs 
0.0, 0.023422379046678543 
1.0, 0.3386125862598419 
2.0, 0.3656712770462036 
3.0, 0.3885899484157562 
4.0, 0.4082697033882141 
5.0, 0.4264373481273651 
6.0, 0.44213801622390747 
7.0, 0.4578387141227722 
8.0, 0.4720759391784668 
9.0, 0.4855114221572876 
10.0, 0.498946875333786 
11.0, 0.5114712715148926 
12.0, 0.5222023129463196 
13.0, 0.5331639051437378 
14.0, 0.5441970229148865 
15.0, 0.5548148155212402 
16.0, 0.5648196339607239 
17.0, 0.5748244524002075 
18.0, 0.58482825756073 
19.0, 0.5947267413139343 
20.0, 0.6037867069244385 
21.0, 0.6128457188606262 
22.0, 0.6219056844711304 
23.0, 0.6309656500816345 
24.0, 0.6394920945167542 
25.0, 0.647452175617218 
26.0, 0.6559637188911438 
27.0, 0.6644743084907532 
28.0, 0.672985851764679 
29.0, 0.6814099550247192 
30.0, 0.6881122589111328 
31.0, 0.6948145627975464 
32.0, 0.7015159130096436 
33.0, 0.7082182765007019 
34.0, 0.7149195671081543 
35.0, 0.7216219305992126 
36.0, 0.7282000780105591 
37.0, 0.7347106337547302 
38.0, 0.74139803647995 
39.0, 0.7480854988098145 
40.0, 0.7547739148139954 
41.0, 0.7614623308181763 
42.0, 0.768149733543396 
43.0, 0.7732107639312744 
44.0, 0.7781893014907837 
45.0, 0.7831678986549377 
46.0, 0.788146436214447 
47.0, 0.7931249737739563 
48.0, 0.7981035709381104 
49.0, 0.8030821084976196 
50.0, 0.808965802192688 
51.0, 0.8144232034683228 
52.0, 0.8192209601402283 
53.0, 0.8240187168121338 
54.0, 0.8288174271583557 
55.0, 0.8336151838302612 
56.0, 0.838412880897522 
57.0, 0.8432106375694275 
58.0, 0.848008394241333 
59.0, 0.8528060913085938 
60.0, 0.857684314250946 
61.0, 0.8626002669334412 
62.0, 0.8673463463783264 
63.0, 0.8713632225990295 
64.0, 0.8753809928894043 
65.0, 0.8793988227844238 
66.0, 0.8834156394004822 
67.0, 0.8874334692955017 
68.0, 0.8914512991905212 
69.0, 0.8954681158065796 
70.0, 0.8992305994033813 
71.0, 0.9027904272079468 
72.0, 0.9063512086868286 
73.0, 0.909911036491394 
74.0, 0.9134708046913147 
75.0, 0.9166292548179626 
76.0, 0.9197002053260803 
77.0, 0.9227712154388428 
78.0, 0.925841212272644 
79.0, 0.9289122223854065 
80.0, 0.9319831728935242 
81.0, 0.9350541830062866 
82.0, 0.9381241798400879 
83.0, 0.9413392543792725 
84.0, 0.9448384046554565 
85.0, 0.9483386278152466 
86.0, 0.9518378376960754 
87.0, 0.9551204442977905 
88.0, 0.9580642580986023 
89.0, 0.9610090851783752 
90.0, 0.9639538526535034 
91.0, 0.9668976664543152 
92.0, 0.9698424935340881 
93.0, 0.9727873206138611 
94.0, 0.9757311344146729 
95.0, 0.9786759614944458 
96.0, 0.9816207885742188 
97.0, 0.9840131998062134 
98.0, 0.9858521819114685 
99.0, 0.9876921772956848 
100.0, 0.17007822380439364 
