Time(Seconds), Inputs 
0.0, 0.1158958226442337 
1.0, 0.20510752499103546 
2.0, 0.2587420344352722 
3.0, 0.3009122610092163 
4.0, 0.33788731694221497 
5.0, 0.3730412721633911 
6.0, 0.40107858180999756 
7.0, 0.42874032258987427 
8.0, 0.4530985951423645 
9.0, 0.4758940637111664 
10.0, 0.4966597557067871 
11.0, 0.5163444876670837 
12.0, 0.5342597365379333 
13.0, 0.5512957572937012 
14.0, 0.5665175914764404 
15.0, 0.5790638327598572 
16.0, 0.5918276309967041 
17.0, 0.6053793430328369 
18.0, 0.6151626110076904 
19.0, 0.6249468326568604 
20.0, 0.6334494352340698 
21.0, 0.6422739624977112 
22.0, 0.6510984301567078 
23.0, 0.6597937941551208 
24.0, 0.667964518070221 
25.0, 0.6754795908927917 
26.0, 0.679875910282135 
27.0, 0.6866726279258728 
28.0, 0.6934703588485718 
29.0, 0.6997097134590149 
30.0, 0.7049028277397156 
31.0, 0.7100970149040222 
32.0, 0.7167426943778992 
33.0, 0.7216944098472595 
34.0, 0.7261474132537842 
35.0, 0.7314667701721191 
36.0, 0.7377150654792786 
37.0, 0.743963360786438 
38.0, 0.7495012283325195 
39.0, 0.7544539570808411 
40.0, 0.7594076991081238 
41.0, 0.7606615424156189 
42.0, 0.765872597694397 
43.0, 0.7710826396942139 
44.0, 0.7752335667610168 
45.0, 0.7788867950439453 
46.0, 0.7825389504432678 
47.0, 0.7865836024284363 
48.0, 0.7907564043998718 
49.0, 0.7949292659759521 
50.0, 0.800495982170105 
51.0, 0.8057447671890259 
52.0, 0.8104292154312134 
53.0, 0.8151196837425232 
54.0, 0.8198111057281494 
55.0, 0.8245025277137756 
56.0, 0.8286882638931274 
57.0, 0.8328531384468079 
58.0, 0.8370249271392822 
59.0, 0.841467022895813 
60.0, 0.845909059047699 
61.0, 0.8479964733123779 
62.0, 0.852175235748291 
63.0, 0.8563539981842041 
64.0, 0.8605307936668396 
65.0, 0.8646976351737976 
66.0, 0.8688654899597168 
67.0, 0.8732807040214539 
68.0, 0.8784917593002319 
69.0, 0.88370281457901 
70.0, 0.8881041407585144 
71.0, 0.8911691308021545 
72.0, 0.8944348692893982 
73.0, 0.8980364203453064 
74.0, 0.9022022485733032 
75.0, 0.9063690900802612 
76.0, 0.9105359315872192 
77.0, 0.9147047996520996 
78.0, 0.9188726544380188 
79.0, 0.9233474731445312 
80.0, 0.9281184077262878 
81.0, 0.9322137236595154 
82.0, 0.9352737665176392 
83.0, 0.9389249682426453 
84.0, 0.9425771832466125 
85.0, 0.9462224245071411 
86.0, 0.9498636722564697 
87.0, 0.9535039663314819 
88.0, 0.9567776322364807 
89.0, 0.959906280040741 
90.0, 0.9630348682403564 
91.0, 0.9671282172203064 
92.0, 0.9714818000793457 
93.0, 0.9754519462585449 
94.0, 0.9785865545272827 
95.0, 0.9817091822624207 
96.0, 0.9848328232765198 
97.0, 0.9889330863952637 
98.0, 0.9931178689002991 
99.0, 0.9973035454750061 
100.0, 0.7191224626233291 
