Time(Seconds), Inputs 
0.0, 0.2094065099954605 
1.0, 0.2805171608924866 
2.0, 0.32185181975364685 
3.0, 0.35530582070350647 
4.0, 0.38490694761276245 
5.0, 0.4103938639163971 
6.0, 0.43576157093048096 
7.0, 0.4599131941795349 
8.0, 0.480251669883728 
9.0, 0.49920618534088135 
10.0, 0.5172674655914307 
11.0, 0.5343879461288452 
12.0, 0.5529003143310547 
13.0, 0.5678936243057251 
14.0, 0.5828601121902466 
15.0, 0.5976705551147461 
16.0, 0.6115948557853699 
17.0, 0.6256294250488281 
18.0, 0.6403594017028809 
19.0, 0.6522032618522644 
20.0, 0.6640480756759644 
21.0, 0.6758928894996643 
22.0, 0.686246395111084 
23.0, 0.6955448389053345 
24.0, 0.7053201198577881 
25.0, 0.7150964140892029 
26.0, 0.7248618006706238 
27.0, 0.7328984141349792 
28.0, 0.7408695220947266 
29.0, 0.7483378052711487 
30.0, 0.7558061480522156 
31.0, 0.7632744908332825 
32.0, 0.770426869392395 
33.0, 0.7771947979927063 
34.0, 0.7834291458129883 
35.0, 0.7893784046173096 
36.0, 0.7953286170959473 
37.0, 0.8012788891792297 
38.0, 0.8072291016578674 
39.0, 0.8092807531356812 
40.0, 0.8137118816375732 
41.0, 0.8181419968605042 
42.0, 0.8225721120834351 
43.0, 0.827002227306366 
44.0, 0.8314333558082581 
45.0, 0.8362976908683777 
46.0, 0.8413487672805786 
47.0, 0.8463988900184631 
48.0, 0.8514499664306641 
49.0, 0.8548517823219299 
50.0, 0.8578969240188599 
51.0, 0.8612192869186401 
52.0, 0.8645406365394592 
53.0, 0.8678619861602783 
54.0, 0.8711843490600586 
55.0, 0.8745056986808777 
56.0, 0.8781976699829102 
57.0, 0.882010817527771 
58.0, 0.8858239650726318 
59.0, 0.8896371126174927 
60.0, 0.8934502601623535 
61.0, 0.8945252895355225 
62.0, 0.8978685140609741 
63.0, 0.9012126922607422 
64.0, 0.9045559167861938 
65.0, 0.9079000949859619 
66.0, 0.9112433195114136 
67.0, 0.9141116738319397 
68.0, 0.9168816208839417 
69.0, 0.9196515679359436 
70.0, 0.9224205017089844 
71.0, 0.9251904487609863 
72.0, 0.9280865788459778 
73.0, 0.9312301278114319 
74.0, 0.9343736171722412 
75.0, 0.9375171661376953 
76.0, 0.9390611052513123 
77.0, 0.9405274987220764 
78.0, 0.9431474804878235 
79.0, 0.9459283351898193 
80.0, 0.9487082362174988 
81.0, 0.9514890909194946 
82.0, 0.9542689919471741 
83.0, 0.9572803378105164 
84.0, 0.9606245756149292 
85.0, 0.9639687538146973 
86.0, 0.9673119783401489 
87.0, 0.9706562161445618 
88.0, 0.9739994406700134 
89.0, 0.9762159585952759 
90.0, 0.9783778786659241 
91.0, 0.9806351661682129 
92.0, 0.9834736585617065 
93.0, 0.986312210559845 
94.0, 0.9887383580207825 
95.0, 0.9906867146492004 
96.0, 0.9926350116729736 
97.0, 0.9945833086967468 
98.0, 0.99653160572052 
99.0, 0.998478889465332 
100.0, 0.38527246326206466 
