Time(Seconds), Inputs 
0.0, 0.267001211643219 
1.0, 0.3261229693889618 
2.0, 0.35664111375808716 
3.0, 0.3798687756061554 
4.0, 0.4019210934638977 
5.0, 0.42117562890052795 
6.0, 0.4401112496852875 
7.0, 0.455601304769516 
8.0, 0.4710923731327057 
9.0, 0.4859475791454315 
10.0, 0.499549925327301 
11.0, 0.5131533145904541 
12.0, 0.5269802212715149 
13.0, 0.5390843152999878 
14.0, 0.5511884689331055 
15.0, 0.5632935762405396 
16.0, 0.5746963024139404 
17.0, 0.5858456492424011 
18.0, 0.5969939827919006 
19.0, 0.6081433296203613 
20.0, 0.6182087659835815 
21.0, 0.628173828125 
22.0, 0.6380146741867065 
23.0, 0.647242546081543 
24.0, 0.6561415791511536 
25.0, 0.6644474864006042 
26.0, 0.6727533340454102 
27.0, 0.6810592412948608 
28.0, 0.6893650889396667 
29.0, 0.697343111038208 
30.0, 0.7042351961135864 
31.0, 0.7111272811889648 
32.0, 0.7180193662643433 
33.0, 0.7260321974754333 
34.0, 0.7341373562812805 
35.0, 0.7414507269859314 
36.0, 0.7479255199432373 
37.0, 0.7543993592262268 
38.0, 0.7608731389045715 
39.0, 0.767346978187561 
40.0, 0.7738207578659058 
41.0, 0.7802945971488953 
42.0, 0.7853516340255737 
43.0, 0.7911041378974915 
44.0, 0.7972660064697266 
45.0, 0.8034278750419617 
46.0, 0.8095906972885132 
47.0, 0.8157525658607483 
48.0, 0.8219144344329834 
49.0, 0.826610803604126 
50.0, 0.8308203816413879 
51.0, 0.8350299596786499 
52.0, 0.8392395377159119 
53.0, 0.8436954617500305 
54.0, 0.8484942317008972 
55.0, 0.8532929420471191 
56.0, 0.8580926656723022 
57.0, 0.8628913760185242 
58.0, 0.8674427270889282 
59.0, 0.8715311288833618 
60.0, 0.8756184577941895 
61.0, 0.8797058463096619 
62.0, 0.8837931752204895 
63.0, 0.8878030776977539 
64.0, 0.8913331031799316 
65.0, 0.8948630690574646 
66.0, 0.8983940482139587 
67.0, 0.9019240736961365 
68.0, 0.9054540395736694 
69.0, 0.9089562296867371 
70.0, 0.9122378826141357 
71.0, 0.9155194759368896 
72.0, 0.9188010692596436 
73.0, 0.9220827221870422 
74.0, 0.925220251083374 
75.0, 0.9283488988876343 
76.0, 0.9314764738082886 
77.0, 0.9346051216125488 
78.0, 0.9377337098121643 
79.0, 0.9408623576164246 
80.0, 0.94399094581604 
81.0, 0.9471195936203003 
82.0, 0.9502471685409546 
83.0, 0.9501021504402161 
84.0, 0.9515824913978577 
85.0, 0.9543931484222412 
86.0, 0.9572028517723083 
87.0, 0.9600125551223755 
88.0, 0.9628232717514038 
89.0, 0.9656329154968262 
90.0, 0.9684426188468933 
91.0, 0.9712523221969604 
92.0, 0.974062979221344 
93.0, 0.9768726825714111 
94.0, 0.9796823859214783 
95.0, 0.9824920892715454 
96.0, 0.9853017926216125 
97.0, 0.9881114363670349 
98.0, 0.990921139717102 
99.0, 0.9937308430671692 
100.0, 0.2056344985287793 
