Time(Seconds), Inputs 
0.0, 0.029417317360639572 
1.0, 0.31119129061698914 
2.0, 0.3445131480693817 
3.0, 0.37062400579452515 
4.0, 0.3928084671497345 
5.0, 0.41497501730918884 
6.0, 0.43493396043777466 
7.0, 0.4515516757965088 
8.0, 0.4681704044342041 
9.0, 0.48337432742118835 
10.0, 0.4983845353126526 
11.0, 0.513261616230011 
12.0, 0.5252743363380432 
13.0, 0.5382815599441528 
14.0, 0.5539395213127136 
15.0, 0.5658389925956726 
16.0, 0.5773847699165344 
17.0, 0.5889305472373962 
18.0, 0.6000878214836121 
19.0, 0.6099317073822021 
20.0, 0.6197745203971863 
21.0, 0.6296184062957764 
22.0, 0.6390092372894287 
23.0, 0.6486732363700867 
24.0, 0.6584246754646301 
25.0, 0.6681761741638184 
26.0, 0.6779276132583618 
27.0, 0.686576247215271 
28.0, 0.6940515637397766 
29.0, 0.7015268802642822 
30.0, 0.709071695804596 
31.0, 0.7190446853637695 
32.0, 0.7281344532966614 
33.0, 0.7355948686599731 
34.0, 0.7430562376976013 
35.0, 0.7505166530609131 
36.0, 0.7579780220985413 
37.0, 0.7654383778572083 
38.0, 0.7702222466468811 
39.0, 0.7734959125518799 
40.0, 0.7797938585281372 
41.0, 0.7860918045043945 
42.0, 0.7923898100852966 
43.0, 0.7986867427825928 
44.0, 0.8049847483634949 
45.0, 0.8112826943397522 
46.0, 0.8153005242347717 
47.0, 0.8189566731452942 
48.0, 0.8235746026039124 
49.0, 0.8284558057785034 
50.0, 0.8333369493484497 
51.0, 0.8382181525230408 
52.0, 0.8430993556976318 
53.0, 0.8479805588722229 
54.0, 0.852861762046814 
55.0, 0.857254147529602 
56.0, 0.8613216280937195 
57.0, 0.8652053475379944 
58.0, 0.8690900206565857 
59.0, 0.872974693775177 
60.0, 0.8768584132194519 
61.0, 0.8807430863380432 
62.0, 0.8846267461776733 
63.0, 0.8885114789009094 
64.0, 0.8923961520195007 
65.0, 0.8977581858634949 
66.0, 0.9010686278343201 
67.0, 0.9043800830841064 
68.0, 0.9076904654502869 
69.0, 0.9110019207000732 
70.0, 0.9143123626708984 
71.0, 0.9176227450370789 
72.0, 0.9209342002868652 
73.0, 0.9242446422576904 
74.0, 0.9278709888458252 
75.0, 0.9315361380577087 
76.0, 0.9352022409439087 
77.0, 0.9388683438301086 
78.0, 0.9418191313743591 
79.0, 0.9433044195175171 
80.0, 0.9447897672653198 
81.0, 0.9462750554084778 
82.0, 0.9480336308479309 
83.0, 0.9506863355636597 
84.0, 0.9533390402793884 
85.0, 0.9559907913208008 
86.0, 0.9586434960365295 
87.0, 0.9612962007522583 
88.0, 0.9639478921890259 
89.0, 0.9666006565093994 
90.0, 0.9692533612251282 
91.0, 0.97219318151474 
92.0, 0.9752959609031677 
93.0, 0.978397786617279 
94.0, 0.9815005660057068 
95.0, 0.9843847751617432 
96.0, 0.986540675163269 
97.0, 0.9886966347694397 
98.0, 0.990851640701294 
99.0, 0.9930075407028198 
100.0, 0.24429928589373998 
