Time(Seconds), Inputs 
0.0, 0.026962313801050186 
1.0, 0.21228574216365814 
2.0, 0.2620077431201935 
3.0, 0.3059464395046234 
4.0, 0.34215155243873596 
5.0, 0.3746408522129059 
6.0, 0.40415453910827637 
7.0, 0.43164342641830444 
8.0, 0.45439019799232483 
9.0, 0.47620803117752075 
10.0, 0.4968336224555969 
11.0, 0.516741931438446 
12.0, 0.534678041934967 
13.0, 0.5517229437828064 
14.0, 0.56562739610672 
15.0, 0.5789127945899963 
16.0, 0.5917282700538635 
17.0, 0.6039546132087708 
18.0, 0.6157944798469543 
19.0, 0.6259980201721191 
20.0, 0.6357445120811462 
21.0, 0.6456350684165955 
22.0, 0.6538087725639343 
23.0, 0.6611430048942566 
24.0, 0.6684762239456177 
25.0, 0.6767721772193909 
26.0, 0.6844034194946289 
27.0, 0.68990558385849 
28.0, 0.6955756545066833 
29.0, 0.7014433741569519 
30.0, 0.7073111534118652 
31.0, 0.7135246992111206 
32.0, 0.7203840017318726 
33.0, 0.7257817983627319 
34.0, 0.7289243340492249 
35.0, 0.7333316206932068 
36.0, 0.7377398610115051 
37.0, 0.7422147393226624 
38.0, 0.7471078634262085 
39.0, 0.7520009875297546 
40.0, 0.7569417953491211 
41.0, 0.763339102268219 
42.0, 0.7685451507568359 
43.0, 0.7717055678367615 
44.0, 0.7755663990974426 
45.0, 0.7794848680496216 
46.0, 0.7834033370018005 
47.0, 0.787716269493103 
48.0, 0.7921145558357239 
49.0, 0.7965129017829895 
50.0, 0.8014666438102722 
51.0, 0.8066478967666626 
52.0, 0.8099533319473267 
53.0, 0.8120099306106567 
54.0, 0.8154395818710327 
55.0, 0.8188692331314087 
56.0, 0.8227857351303101 
57.0, 0.8271949887275696 
58.0, 0.8316052556037903 
59.0, 0.835817813873291 
60.0, 0.8397243618965149 
61.0, 0.8436319231987 
62.0, 0.8480719923973083 
63.0, 0.8528677225112915 
64.0, 0.8543470501899719 
65.0, 0.8562595844268799 
66.0, 0.8601770997047424 
67.0, 0.8640945553779602 
68.0, 0.8680477738380432 
69.0, 0.8724570870399475 
70.0, 0.876866340637207 
71.0, 0.8812755942344666 
72.0, 0.8847141861915588 
73.0, 0.8881229758262634 
74.0, 0.891531765460968 
75.0, 0.8975625038146973 
76.0, 0.9011809229850769 
77.0, 0.9047993421554565 
78.0, 0.9086472392082214 
79.0, 0.9125746488571167 
80.0, 0.9165030717849731 
81.0, 0.9201076030731201 
82.0, 0.9235342741012573 
83.0, 0.9269618988037109 
84.0, 0.9316543340682983 
85.0, 0.9374316930770874 
86.0, 0.9405314922332764 
87.0, 0.9437068104743958 
88.0, 0.9471305012702942 
89.0, 0.9505541920661926 
90.0, 0.9541319012641907 
91.0, 0.9580334424972534 
92.0, 0.9619350433349609 
93.0, 0.9658405780792236 
94.0, 0.9697630405426025 
95.0, 0.9736854434013367 
96.0, 0.9801473617553711 
97.0, 0.9832690358161926 
98.0, 0.9863131642341614 
99.0, 0.9893573522567749 
100.0, 0.6783732684945857 
