Time(Seconds), Inputs 
0.0, 0.1846369057893753 
1.0, 0.2603624761104584 
2.0, 0.3030284643173218 
3.0, 0.33821022510528564 
4.0, 0.3691695034503937 
5.0, 0.3957602381706238 
6.0, 0.4209570586681366 
7.0, 0.44531235098838806 
8.0, 0.46559616923332214 
9.0, 0.48556604981422424 
10.0, 0.5053461790084839 
11.0, 0.5251262784004211 
12.0, 0.542174220085144 
13.0, 0.5586915612220764 
14.0, 0.575555682182312 
15.0, 0.5901803970336914 
16.0, 0.6048051118850708 
17.0, 0.6189211010932922 
18.0, 0.6322055459022522 
19.0, 0.645171046257019 
20.0, 0.6575195789337158 
21.0, 0.6678453087806702 
22.0, 0.6781710386276245 
23.0, 0.6884967684745789 
24.0, 0.7012456655502319 
25.0, 0.7090885639190674 
26.0, 0.7169314622879028 
27.0, 0.7247743606567383 
28.0, 0.7326172590255737 
29.0, 0.7422962188720703 
30.0, 0.7488316297531128 
31.0, 0.7553670406341553 
32.0, 0.7619034647941589 
33.0, 0.7684388756752014 
34.0, 0.7745927572250366 
35.0, 0.7800034880638123 
36.0, 0.7853794693946838 
37.0, 0.7903609871864319 
38.0, 0.7953425645828247 
39.0, 0.80008864402771 
40.0, 0.8043369650840759 
41.0, 0.8085862398147583 
42.0, 0.8128355741500854 
43.0, 0.8170838952064514 
44.0, 0.8220187425613403 
45.0, 0.8282769322395325 
46.0, 0.8322083353996277 
47.0, 0.8361406922340393 
48.0, 0.8400731086730957 
49.0, 0.8439359068870544 
50.0, 0.8475940823554993 
51.0, 0.8512532114982605 
52.0, 0.8549113869667053 
53.0, 0.8585695624351501 
54.0, 0.8626291155815125 
55.0, 0.8679574131965637 
56.0, 0.8721928000450134 
57.0, 0.8754177689552307 
58.0, 0.8786437511444092 
59.0, 0.8818309903144836 
60.0, 0.8848682045936584 
61.0, 0.8879063725471497 
62.0, 0.8909446001052856 
63.0, 0.8939828276634216 
64.0, 0.8970796465873718 
65.0, 0.9004526734352112 
66.0, 0.9038246870040894 
67.0, 0.9071967005729675 
68.0, 0.9105697274208069 
69.0, 0.9122179746627808 
70.0, 0.9149472117424011 
71.0, 0.9176764488220215 
72.0, 0.9204056262969971 
73.0, 0.9231358170509338 
74.0, 0.925945520401001 
75.0, 0.9292907118797302 
76.0, 0.9326359629631042 
77.0, 0.9359821677207947 
78.0, 0.9393273591995239 
79.0, 0.9426953792572021 
80.0, 0.9462472796440125 
81.0, 0.949799120426178 
82.0, 0.9533519744873047 
83.0, 0.9560583233833313 
84.0, 0.9563077092170715 
85.0, 0.9596667885780334 
86.0, 0.963024914264679 
87.0, 0.9663840532302856 
88.0, 0.9697431325912476 
89.0, 0.9730575680732727 
90.0, 0.9757897257804871 
91.0, 0.9785229563713074 
92.0, 0.9812551140785217 
93.0, 0.9839873313903809 
94.0, 0.9867404103279114 
95.0, 0.9899713397026062 
96.0, 0.9932032823562622 
97.0, 0.996434211730957 
98.0, 0.9988306164741516 
99.0, 0.9988306164741516 
100.0, 0.4194533275989082 
