Time(Seconds), Inputs 
0.0, 0.26380008459091187 
1.0, 0.3181837201118469 
2.0, 0.3475344777107239 
3.0, 0.37109991908073425 
4.0, 0.3942103385925293 
5.0, 0.41087275743484497 
6.0, 0.427344411611557 
7.0, 0.4431295692920685 
8.0, 0.45779699087142944 
9.0, 0.4724644124507904 
10.0, 0.4859793484210968 
11.0, 0.49820271134376526 
12.0, 0.5104250907897949 
13.0, 0.523306131362915 
14.0, 0.5344157218933105 
15.0, 0.5455243587493896 
16.0, 0.5566339492797852 
17.0, 0.5676034688949585 
18.0, 0.5779947638511658 
19.0, 0.5883870720863342 
20.0, 0.5987783670425415 
21.0, 0.6090673208236694 
22.0, 0.6183021664619446 
23.0, 0.627536952495575 
24.0, 0.6367717981338501 
25.0, 0.6463066935539246 
26.0, 0.6550705432891846 
27.0, 0.6628538370132446 
28.0, 0.6706381440162659 
29.0, 0.6784213781356812 
30.0, 0.6862046718597412 
31.0, 0.693979024887085 
32.0, 0.7015924453735352 
33.0, 0.7092058062553406 
34.0, 0.7168192267417908 
35.0, 0.7244336009025574 
36.0, 0.7320469617843628 
37.0, 0.7385704517364502 
38.0, 0.7447144389152527 
39.0, 0.7508593797683716 
40.0, 0.7570043802261353 
41.0, 0.763148307800293 
42.0, 0.7692933082580566 
43.0, 0.7754382491111755 
44.0, 0.7815911769866943 
45.0, 0.787755012512207 
46.0, 0.7939198017120361 
47.0, 0.8000836372375488 
48.0, 0.8059921264648438 
49.0, 0.8110273480415344 
50.0, 0.8160625100135803 
51.0, 0.821097731590271 
52.0, 0.8259074091911316 
53.0, 0.8306912183761597 
54.0, 0.8354740738868713 
55.0, 0.8402578830718994 
56.0, 0.8450407385826111 
57.0, 0.8498245477676392 
58.0, 0.8546083569526672 
59.0, 0.8593912124633789 
60.0, 0.8643389940261841 
61.0, 0.8684968948364258 
62.0, 0.8726557493209839 
63.0, 0.8768146634101868 
64.0, 0.8809725642204285 
65.0, 0.8851314783096313 
66.0, 0.8892903923988342 
67.0, 0.8934493064880371 
68.0, 0.8976072072982788 
69.0, 0.9017661213874817 
70.0, 0.9059249758720398 
71.0, 0.9083452224731445 
72.0, 0.911516547203064 
73.0, 0.914799153804779 
74.0, 0.9180808067321777 
75.0, 0.9213624000549316 
76.0, 0.9246439933776855 
77.0, 0.9279256463050842 
78.0, 0.9312082529067993 
79.0, 0.9344898462295532 
80.0, 0.9377714991569519 
81.0, 0.9410530924797058 
82.0, 0.9443356990814209 
83.0, 0.9489009380340576 
84.0, 0.9519630074501038 
85.0, 0.9545471668243408 
86.0, 0.9571313261985779 
87.0, 0.9597154855728149 
88.0, 0.962299644947052 
89.0, 0.9648838043212891 
90.0, 0.9674679636955261 
91.0, 0.9700521230697632 
92.0, 0.9726362824440002 
93.0, 0.9752194881439209 
94.0, 0.977803647518158 
95.0, 0.9806222915649414 
96.0, 0.9835452437400818 
97.0, 0.986467182636261 
98.0, 0.9893891215324402 
99.0, 0.9923111200332642 
100.0, 0.1811900919353259 
