Time(Seconds), Inputs 
0.0, 0.13929137587547302 
1.0, 0.29707029461860657 
2.0, 0.33439409732818604 
3.0, 0.36511191725730896 
4.0, 0.39077869057655334 
5.0, 0.4139944016933441 
6.0, 0.43398913741111755 
7.0, 0.4537424147129059 
8.0, 0.4729403257369995 
9.0, 0.490147203207016 
10.0, 0.5063029527664185 
11.0, 0.5224834680557251 
12.0, 0.5380182862281799 
13.0, 0.5523319840431213 
14.0, 0.5666457414627075 
15.0, 0.5802371501922607 
16.0, 0.5925896763801575 
17.0, 0.6049243211746216 
18.0, 0.6172589659690857 
19.0, 0.6284609436988831 
20.0, 0.6395695805549622 
21.0, 0.6506781578063965 
22.0, 0.6618702411651611 
23.0, 0.6726658940315247 
24.0, 0.6825951933860779 
25.0, 0.6925244927406311 
26.0, 0.7024528384208679 
27.0, 0.7104954123497009 
28.0, 0.7183512449264526 
29.0, 0.7262070178985596 
30.0, 0.7341433167457581 
31.0, 0.742128312587738 
32.0, 0.7495211362838745 
33.0, 0.7563794255256653 
34.0, 0.763237714767456 
35.0, 0.7700970768928528 
36.0, 0.7769553661346436 
37.0, 0.782835066318512 
38.0, 0.7881871461868286 
39.0, 0.7936684489250183 
40.0, 0.7991576790809631 
41.0, 0.804646909236908 
42.0, 0.8101361393928528 
43.0, 0.8156253695487976 
44.0, 0.8220862746238708 
45.0, 0.8289982676506042 
46.0, 0.8340533375740051 
47.0, 0.8383215069770813 
48.0, 0.8425906896591187 
49.0, 0.846859872341156 
50.0, 0.8511280417442322 
51.0, 0.8552114367485046 
52.0, 0.8592203259468079 
53.0, 0.8632292151451111 
54.0, 0.8672381043434143 
55.0, 0.8712479472160339 
56.0, 0.8751435875892639 
57.0, 0.878876268863678 
58.0, 0.8820783495903015 
59.0, 0.8851284980773926 
60.0, 0.8881796002388 
61.0, 0.8912297487258911 
62.0, 0.8942808508872986 
63.0, 0.8973309993743896 
64.0, 0.9003810882568359 
65.0, 0.9037491679191589 
66.0, 0.9071947336196899 
67.0, 0.9106402397155762 
68.0, 0.9140868186950684 
69.0, 0.9168855547904968 
70.0, 0.9186669588088989 
71.0, 0.9204493761062622 
72.0, 0.9231179356575012 
73.0, 0.9259703755378723 
74.0, 0.9288218021392822 
75.0, 0.9316741824150085 
76.0, 0.9345256090164185 
77.0, 0.9373780488967896 
78.0, 0.9402294754981995 
79.0, 0.943435549736023 
80.0, 0.9466814398765564 
81.0, 0.9499262571334839 
82.0, 0.9531721472740173 
83.0, 0.9564169645309448 
84.0, 0.9587627053260803 
85.0, 0.9587627053260803 
86.0, 0.961189866065979 
87.0, 0.9638108015060425 
88.0, 0.966431736946106 
89.0, 0.9690526723861694 
90.0, 0.9716735482215881 
91.0, 0.9742944836616516 
92.0, 0.9769154191017151 
93.0, 0.9791131019592285 
94.0, 0.9812958836555481 
95.0, 0.9834786653518677 
96.0, 0.9856614470481873 
97.0, 0.9878451824188232 
98.0, 0.9900279641151428 
99.0, 0.9922107458114624 
100.0, 0.302847908567146 
