Time(Seconds), Inputs 
0.0, 0.036474332213401794 
1.0, 0.27601945400238037 
2.0, 0.3137257695198059 
3.0, 0.34426775574684143 
4.0, 0.3726925253868103 
5.0, 0.3971690535545349 
6.0, 0.4199913442134857 
7.0, 0.44084346294403076 
8.0, 0.4613041281700134 
9.0, 0.47758010029792786 
10.0, 0.4947442412376404 
11.0, 0.5125253796577454 
12.0, 0.5292176008224487 
13.0, 0.5459098219871521 
14.0, 0.5607869029045105 
15.0, 0.5746585130691528 
16.0, 0.5892166495323181 
17.0, 0.6025696396827698 
18.0, 0.614625096321106 
19.0, 0.6266805529594421 
20.0, 0.6386157870292664 
21.0, 0.649694561958313 
22.0, 0.6607744097709656 
23.0, 0.6716247200965881 
24.0, 0.6821520924568176 
25.0, 0.6916700601577759 
26.0, 0.7011890411376953 
27.0, 0.7107070088386536 
28.0, 0.7202250361442566 
29.0, 0.725111186504364 
30.0, 0.7331080436706543 
31.0, 0.7411049604415894 
32.0, 0.7491018772125244 
33.0, 0.7570987343788147 
34.0, 0.7650956511497498 
35.0, 0.7720036506652832 
36.0, 0.7782260775566101 
37.0, 0.784448504447937 
38.0, 0.7906709909439087 
39.0, 0.7968934178352356 
40.0, 0.8031159043312073 
41.0, 0.8086398839950562 
42.0, 0.8126537203788757 
43.0, 0.8171921968460083 
44.0, 0.8217306137084961 
45.0, 0.8262690305709839 
46.0, 0.8308074474334717 
47.0, 0.8353458642959595 
48.0, 0.8403085470199585 
49.0, 0.8462697267532349 
50.0, 0.8516039252281189 
51.0, 0.8550792932510376 
52.0, 0.8585536479949951 
53.0, 0.8620290160179138 
54.0, 0.8655033707618713 
55.0, 0.8690572381019592 
56.0, 0.872622013092041 
57.0, 0.8761877417564392 
58.0, 0.8797535300254822 
59.0, 0.8833193182945251 
60.0, 0.8868850469589233 
61.0, 0.8913797736167908 
62.0, 0.8955168128013611 
63.0, 0.8988023996353149 
64.0, 0.9020879864692688 
65.0, 0.9053735733032227 
66.0, 0.9086591601371765 
67.0, 0.9118990898132324 
68.0, 0.914516031742096 
69.0, 0.9171329736709595 
70.0, 0.9197509288787842 
71.0, 0.9223678708076477 
72.0, 0.9249848127365112 
73.0, 0.9276017546653748 
74.0, 0.9332380294799805 
75.0, 0.937313437461853 
76.0, 0.9393064975738525 
77.0, 0.9412994980812073 
78.0, 0.9432935118675232 
79.0, 0.9452865123748779 
80.0, 0.9473719000816345 
81.0, 0.9497434496879578 
82.0, 0.952114999294281 
83.0, 0.9544865489006042 
84.0, 0.9568571448326111 
85.0, 0.9592286944389343 
86.0, 0.9616001844406128 
87.0, 0.9639856815338135 
88.0, 0.9663740992546082 
89.0, 0.9687625169754028 
90.0, 0.9711509943008423 
91.0, 0.9735404253005981 
92.0, 0.9759288430213928 
93.0, 0.9787296056747437 
94.0, 0.9810524582862854 
95.0, 0.9833495020866394 
96.0, 0.9856465458869934 
97.0, 0.9879435300827026 
98.0, 0.9902396202087402 
99.0, 0.9925366044044495 
100.0, 0.3288934120823202 
