Time(Seconds), Inputs 
0.0, 0.16164472699165344 
1.0, 0.23828235268592834 
2.0, 0.28494927287101746 
3.0, 0.32328546047210693 
4.0, 0.35724321007728577 
5.0, 0.3877663016319275 
6.0, 0.41466107964515686 
7.0, 0.43877196311950684 
8.0, 0.46439898014068604 
9.0, 0.48541802167892456 
10.0, 0.5062959790229797 
11.0, 0.5250378251075745 
12.0, 0.543779730796814 
13.0, 0.5602046847343445 
14.0, 0.5760951638221741 
15.0, 0.5917551517486572 
16.0, 0.6046202778816223 
17.0, 0.617484450340271 
18.0, 0.6312199831008911 
19.0, 0.6426832675933838 
20.0, 0.6533735990524292 
21.0, 0.6640649437904358 
22.0, 0.6739793419837952 
23.0, 0.6820577383041382 
24.0, 0.6893929243087769 
25.0, 0.6968324184417725 
26.0, 0.7046375870704651 
27.0, 0.7124426960945129 
28.0, 0.7199607491493225 
29.0, 0.7255672216415405 
30.0, 0.7317221164703369 
31.0, 0.7378770112991333 
32.0, 0.7440319061279297 
33.0, 0.7500317692756653 
34.0, 0.7559939622879028 
35.0, 0.7619560956954956 
36.0, 0.7654473185539246 
37.0, 0.7707945108413696 
38.0, 0.7761406898498535 
39.0, 0.7814878225326538 
40.0, 0.7861961722373962 
41.0, 0.78987717628479 
42.0, 0.7935571670532227 
43.0, 0.7972372174263 
44.0, 0.8024919629096985 
45.0, 0.806393563747406 
46.0, 0.8091922998428345 
47.0, 0.8119920492172241 
48.0, 0.8168116807937622 
49.0, 0.8217484951019287 
50.0, 0.8266853094100952 
51.0, 0.831305205821991 
52.0, 0.8349802494049072 
53.0, 0.8386552929878235 
54.0, 0.8423303961753845 
55.0, 0.8464048504829407 
56.0, 0.8492274284362793 
57.0, 0.8517509698867798 
58.0, 0.8542735576629639 
59.0, 0.8574170470237732 
60.0, 0.8606867790222168 
61.0, 0.8639564514160156 
62.0, 0.8673175573348999 
63.0, 0.8714009523391724 
64.0, 0.8754833340644836 
65.0, 0.8795667290687561 
66.0, 0.8840852975845337 
67.0, 0.8892834186553955 
68.0, 0.8915387392044067 
69.0, 0.8935645222663879 
70.0, 0.8967199921607971 
71.0, 0.9004099369049072 
72.0, 0.9041008949279785 
73.0, 0.9077908396720886 
74.0, 0.9106869697570801 
75.0, 0.9135602712631226 
76.0, 0.9164335131645203 
77.0, 0.9197141528129578 
78.0, 0.924098551273346 
79.0, 0.9284840226173401 
80.0, 0.9314427375793457 
81.0, 0.9314596056938171 
82.0, 0.9355459809303284 
83.0, 0.9396333694458008 
84.0, 0.9437206983566284 
85.0, 0.9471235275268555 
86.0, 0.9503962397575378 
87.0, 0.9536699056625366 
88.0, 0.9569435715675354 
89.0, 0.9602231979370117 
90.0, 0.9635038375854492 
91.0, 0.9667844176292419 
92.0, 0.9704058170318604 
93.0, 0.9745021462440491 
94.0, 0.9773207902908325 
95.0, 0.9800509810447693 
96.0, 0.983169674873352 
97.0, 0.9864493012428284 
98.0, 0.9897279143333435 
99.0, 0.9930075407028198 
100.0, 0.5680231988724189 
