Time(Seconds), Inputs 
0.0, 0.2630966603755951 
1.0, 0.334223210811615 
2.0, 0.3622933030128479 
3.0, 0.38508179783821106 
4.0, 0.4052921235561371 
5.0, 0.4237101078033447 
6.0, 0.43960949778556824 
7.0, 0.4533132016658783 
8.0, 0.46701592206954956 
9.0, 0.4801553189754486 
10.0, 0.4917149841785431 
11.0, 0.5032756328582764 
12.0, 0.5148353576660156 
13.0, 0.5259896516799927 
14.0, 0.5368558764457703 
15.0, 0.5477230548858643 
16.0, 0.5585902333259583 
17.0, 0.5676174163818359 
18.0, 0.5757603645324707 
19.0, 0.5839033126831055 
20.0, 0.594387948513031 
21.0, 0.6050952076911926 
22.0, 0.6140270233154297 
23.0, 0.6229597926139832 
24.0, 0.6318916082382202 
25.0, 0.6408243775367737 
26.0, 0.6492713689804077 
27.0, 0.6565618515014648 
28.0, 0.663852334022522 
29.0, 0.6711428165435791 
30.0, 0.6784332990646362 
31.0, 0.6857238411903381 
32.0, 0.6927073001861572 
33.0, 0.6993371248245239 
34.0, 0.7063066959381104 
35.0, 0.7137750387191772 
36.0, 0.7212443947792053 
37.0, 0.7287127375602722 
38.0, 0.7357637882232666 
39.0, 0.7420030832290649 
40.0, 0.7482424378395081 
41.0, 0.7544828057289124 
42.0, 0.7607221603393555 
43.0, 0.7669614553451538 
44.0, 0.7732018232345581 
45.0, 0.7787794470787048 
46.0, 0.783769965171814 
47.0, 0.7887594699859619 
48.0, 0.7937489151954651 
49.0, 0.7992828488349915 
50.0, 0.8048923015594482 
51.0, 0.810501754283905 
52.0, 0.8161102533340454 
53.0, 0.8214256167411804 
54.0, 0.8259769082069397 
55.0, 0.8305282592773438 
56.0, 0.8350796103477478 
57.0, 0.8396309614181519 
58.0, 0.8441823124885559 
59.0, 0.84873366355896 
60.0, 0.853285014629364 
61.0, 0.8578363656997681 
62.0, 0.8623867034912109 
63.0, 0.8644840121269226 
64.0, 0.8689946532249451 
65.0, 0.8735052347183228 
66.0, 0.8780158758163452 
67.0, 0.8825264573097229 
68.0, 0.8870370388031006 
69.0, 0.891547679901123 
70.0, 0.8960582613945007 
71.0, 0.9005689024925232 
72.0, 0.9050804972648621 
73.0, 0.9084107875823975 
74.0, 0.9117212295532227 
75.0, 0.9150306582450867 
76.0, 0.9183400869369507 
77.0, 0.9216495156288147 
78.0, 0.9252768754959106 
79.0, 0.928925096988678 
80.0, 0.9325723648071289 
81.0, 0.9362205862998962 
82.0, 0.9398688077926636 
83.0, 0.9435170292854309 
84.0, 0.9471642971038818 
85.0, 0.9501408934593201 
86.0, 0.953011155128479 
87.0, 0.9558814764022827 
88.0, 0.9587517976760864 
89.0, 0.9616220593452454 
90.0, 0.9644923806190491 
91.0, 0.967362642288208 
92.0, 0.9703164100646973 
93.0, 0.9733685255050659 
94.0, 0.9764206409454346 
95.0, 0.979471743106842 
96.0, 0.9825238585472107 
97.0, 0.9855759739875793 
98.0, 0.988628089427948 
99.0, 0.9916802048683167 
100.0, 0.14556781454528422 
