Time(Seconds), Inputs 
0.0, 0.1327708661556244 
1.0, 0.2160969078540802 
2.0, 0.26850342750549316 
3.0, 0.3098917305469513 
4.0, 0.34447044134140015 
5.0, 0.377102792263031 
6.0, 0.40579086542129517 
7.0, 0.43195340037345886 
8.0, 0.4549495577812195 
9.0, 0.47852790355682373 
10.0, 0.5001887679100037 
11.0, 0.519166111946106 
12.0, 0.536920428276062 
13.0, 0.5546747446060181 
14.0, 0.5709636211395264 
15.0, 0.5864556431770325 
16.0, 0.6015473008155823 
17.0, 0.6124303936958313 
18.0, 0.6235420107841492 
19.0, 0.6348413825035095 
20.0, 0.6453667879104614 
21.0, 0.6537243127822876 
22.0, 0.6622179746627808 
23.0, 0.6707106232643127 
24.0, 0.6792042851448059 
25.0, 0.6891782879829407 
26.0, 0.6959064602851868 
27.0, 0.7026346325874329 
28.0, 0.7094919681549072 
29.0, 0.7165857553482056 
30.0, 0.7236785292625427 
31.0, 0.7282606363296509 
32.0, 0.7334389090538025 
33.0, 0.7388108968734741 
34.0, 0.7441819310188293 
35.0, 0.7495469450950623 
36.0, 0.7549070119857788 
37.0, 0.760266125202179 
38.0, 0.7659093141555786 
39.0, 0.7720781564712524 
40.0, 0.7762807607650757 
41.0, 0.7804833650588989 
42.0, 0.7845399379730225 
43.0, 0.788553774356842 
44.0, 0.7925676107406616 
45.0, 0.7967543601989746 
46.0, 0.8012391328811646 
47.0, 0.8057228922843933 
48.0, 0.8102076649665833 
49.0, 0.8153968453407288 
50.0, 0.818295955657959 
51.0, 0.8211941123008728 
52.0, 0.8247380256652832 
53.0, 0.828771710395813 
54.0, 0.8328054547309875 
55.0, 0.8368352055549622 
56.0, 0.8408520221710205 
57.0, 0.8448678255081177 
58.0, 0.8488836884498596 
59.0, 0.8559715151786804 
60.0, 0.8594269752502441 
61.0, 0.862883448600769 
62.0, 0.8662077784538269 
63.0, 0.869331419467926 
64.0, 0.8724541068077087 
65.0, 0.8755767345428467 
66.0, 0.8800376653671265 
67.0, 0.8845155239105225 
68.0, 0.8889933228492737 
69.0, 0.8930707573890686 
70.0, 0.8968769311904907 
71.0, 0.899687647819519 
72.0, 0.9021784067153931 
73.0, 0.9062051773071289 
74.0, 0.9102319478988647 
75.0, 0.9142587184906006 
76.0, 0.9175800681114197 
77.0, 0.9207116365432739 
78.0, 0.9238442182540894 
79.0, 0.9277348518371582 
80.0, 0.9327958822250366 
81.0, 0.937856912612915 
82.0, 0.9424659013748169 
83.0, 0.9451484084129333 
84.0, 0.9478309154510498 
85.0, 0.9505144357681274 
86.0, 0.9534632563591003 
87.0, 0.9565848708152771 
88.0, 0.9597065448760986 
89.0, 0.9629225730895996 
90.0, 0.9665111899375916 
91.0, 0.9700998067855835 
92.0, 0.9736884236335754 
93.0, 0.9781314730644226 
94.0, 0.9827702641487122 
95.0, 0.9852669835090637 
96.0, 0.987980306148529 
97.0, 0.9915411472320557 
98.0, 0.9951019287109375 
99.0, 0.9986616969108582 
100.0, 0.6203611836194158 
