Time(Seconds), Inputs 
0.0, 0.012467759661376476 
1.0, 0.2663067579269409 
2.0, 0.3082653284072876 
3.0, 0.34221014380455017 
4.0, 0.37283560633659363 
5.0, 0.3977055549621582 
6.0, 0.4218919575214386 
7.0, 0.44523483514785767 
8.0, 0.46768656373023987 
9.0, 0.48963552713394165 
10.0, 0.5080604553222656 
11.0, 0.52535080909729 
12.0, 0.5423768758773804 
13.0, 0.558620035648346 
14.0, 0.5748631954193115 
15.0, 0.5895832777023315 
16.0, 0.6040917634963989 
17.0, 0.6185992360115051 
18.0, 0.6314862370491028 
19.0, 0.6436936855316162 
20.0, 0.6559001803398132 
21.0, 0.6689292788505554 
22.0, 0.6790642142295837 
23.0, 0.6892001628875732 
24.0, 0.6993351578712463 
25.0, 0.70930415391922 
26.0, 0.7171112895011902 
27.0, 0.7258801460266113 
28.0, 0.7346490025520325 
29.0, 0.7434179186820984 
30.0, 0.7519065737724304 
31.0, 0.7579799890518188 
32.0, 0.7642809748649597 
33.0, 0.7705828547477722 
34.0, 0.7768847942352295 
35.0, 0.7831867337226868 
36.0, 0.7895423173904419 
37.0, 0.7953068017959595 
38.0, 0.7992391586303711 
39.0, 0.8031725287437439 
40.0, 0.8071048855781555 
41.0, 0.8110382556915283 
42.0, 0.8161450028419495 
43.0, 0.8215129971504211 
44.0, 0.8268800377845764 
45.0, 0.8322480916976929 
46.0, 0.8359280824661255 
47.0, 0.8378257155418396 
48.0, 0.8412832021713257 
49.0, 0.8447416424751282 
50.0, 0.8481991291046143 
51.0, 0.8516575694084167 
52.0, 0.8552035093307495 
53.0, 0.8589481115341187 
54.0, 0.8626936674118042 
55.0, 0.8664382696151733 
56.0, 0.8701838850975037 
57.0, 0.8739761710166931 
58.0, 0.8784072995185852 
59.0, 0.8812428116798401 
60.0, 0.8840793371200562 
61.0, 0.8869158625602722 
62.0, 0.8897513747215271 
63.0, 0.8926117420196533 
64.0, 0.8954780697822571 
65.0, 0.8983443975448608 
66.0, 0.9012107253074646 
67.0, 0.9040770530700684 
68.0, 0.907272219657898 
69.0, 0.9107624888420105 
70.0, 0.9142537117004395 
71.0, 0.917743980884552 
72.0, 0.9205407500267029 
73.0, 0.9213206768035889 
74.0, 0.9241929650306702 
75.0, 0.9270652532577515 
76.0, 0.9299375414848328 
77.0, 0.9328098297119141 
78.0, 0.9356850981712341 
79.0, 0.9388603568077087 
80.0, 0.9420347213745117 
81.0, 0.9452100396156311 
82.0, 0.9483852982521057 
83.0, 0.9515596628189087 
84.0, 0.9546445608139038 
85.0, 0.9577035903930664 
86.0, 0.9607626795768738 
87.0, 0.9631133675575256 
88.0, 0.9639489054679871 
89.0, 0.9656805992126465 
90.0, 0.9682638049125671 
91.0, 0.970846951007843 
92.0, 0.9734301567077637 
93.0, 0.9760133028030396 
94.0, 0.9786700010299683 
95.0, 0.9815482497215271 
96.0, 0.9844274520874023 
97.0, 0.9873067140579224 
98.0, 0.9901859760284424 
99.0, 0.9930651783943176 
100.0, 0.40100664710716705 
