Time(Seconds), Inputs 
0.0, 0.1709948033094406 
1.0, 0.24614909291267395 
2.0, 0.2908945381641388 
3.0, 0.32774341106414795 
4.0, 0.3600360155105591 
5.0, 0.390423983335495 
6.0, 0.4162854850292206 
7.0, 0.44103023409843445 
8.0, 0.4643920361995697 
9.0, 0.48612043261528015 
10.0, 0.5075746178627014 
11.0, 0.5262420177459717 
12.0, 0.5437241196632385 
13.0, 0.5621510148048401 
14.0, 0.5779540538787842 
15.0, 0.5937570929527283 
16.0, 0.607001781463623 
17.0, 0.619858980178833 
18.0, 0.6334872245788574 
19.0, 0.6457393765449524 
20.0, 0.6560511589050293 
21.0, 0.6665030717849731 
22.0, 0.6774845123291016 
23.0, 0.6878638863563538 
24.0, 0.6973808407783508 
25.0, 0.7068968415260315 
26.0, 0.7151033878326416 
27.0, 0.7230952978134155 
28.0, 0.7307047247886658 
29.0, 0.7380369305610657 
30.0, 0.7449747323989868 
31.0, 0.7515349984169006 
32.0, 0.7580962181091309 
33.0, 0.7646564841270447 
34.0, 0.7682868242263794 
35.0, 0.7735366225242615 
36.0, 0.7787854075431824 
37.0, 0.7840352058410645 
38.0, 0.7892850041389465 
39.0, 0.7944126129150391 
40.0, 0.7995153665542603 
41.0, 0.8046181201934814 
42.0, 0.8097208738327026 
43.0, 0.8119165301322937 
44.0, 0.8161032795906067 
45.0, 0.8202890157699585 
46.0, 0.8244747519493103 
47.0, 0.8286624550819397 
48.0, 0.8328670263290405 
49.0, 0.8370716571807861 
50.0, 0.841276228427887 
51.0, 0.8454798460006714 
52.0, 0.8495791554450989 
53.0, 0.8536515831947327 
54.0, 0.8573415875434875 
55.0, 0.8610026836395264 
56.0, 0.8645853400230408 
57.0, 0.8680696487426758 
58.0, 0.8715529441833496 
59.0, 0.8750372529029846 
60.0, 0.8784609436988831 
61.0, 0.8812666535377502 
62.0, 0.884071409702301 
63.0, 0.8868771195411682 
64.0, 0.8896828293800354 
65.0, 0.8943325281143188 
66.0, 0.8981357216835022 
67.0, 0.9009901285171509 
68.0, 0.9038445353507996 
69.0, 0.906531035900116 
70.0, 0.9089741110801697 
71.0, 0.9114171862602234 
72.0, 0.9138602614402771 
73.0, 0.9163252115249634 
74.0, 0.9191170334815979 
75.0, 0.9219078421592712 
76.0, 0.9246996641159058 
77.0, 0.9274904727935791 
78.0, 0.9317507147789001 
79.0, 0.9366021156311035 
80.0, 0.9396581649780273 
81.0, 0.9410759210586548 
82.0, 0.9432845711708069 
83.0, 0.9467698335647583 
84.0, 0.9502561092376709 
85.0, 0.9537414312362671 
86.0, 0.9572177529335022 
87.0, 0.9603562951087952 
88.0, 0.9634948968887329 
89.0, 0.9666334390640259 
90.0, 0.9697719812393188 
91.0, 0.9732533097267151 
92.0, 0.9768985509872437 
93.0, 0.9805447459220886 
94.0, 0.9822168946266174 
95.0, 0.9838482737541199 
96.0, 0.9866529703140259 
97.0, 0.9894576668739319 
98.0, 0.9922634363174438 
99.0, 0.9950681328773499 
100.0, 0.48515578758213074 
