Time(Seconds), Inputs 
0.0, 0.26707375049591064 
1.0, 0.32410016655921936 
2.0, 0.35412055253982544 
3.0, 0.37659212946891785 
4.0, 0.3983493447303772 
5.0, 0.4157102406024933 
6.0, 0.4330720901489258 
7.0, 0.4493192434310913 
8.0, 0.46507754921913147 
9.0, 0.4808299243450165 
10.0, 0.4932738244533539 
11.0, 0.5067569613456726 
12.0, 0.5202401280403137 
13.0, 0.5314540266990662 
14.0, 0.5420122742652893 
15.0, 0.5525714159011841 
16.0, 0.5631296634674072 
17.0, 0.5736252665519714 
18.0, 0.5841010212898254 
19.0, 0.5945757627487183 
20.0, 0.6050514578819275 
21.0, 0.6136276125907898 
22.0, 0.6228961944580078 
23.0, 0.632165789604187 
24.0, 0.6414344310760498 
25.0, 0.6506900787353516 
26.0, 0.658850908279419 
27.0, 0.6670117378234863 
28.0, 0.6751725673675537 
29.0, 0.6833333969116211 
30.0, 0.6914942264556885 
31.0, 0.6986903548240662 
32.0, 0.7057473659515381 
33.0, 0.7130189538002014 
34.0, 0.7202906012535095 
35.0, 0.7275621891021729 
36.0, 0.734833836555481 
37.0, 0.7413473725318909 
38.0, 0.7477854490280151 
39.0, 0.7542244791984558 
40.0, 0.7606624960899353 
41.0, 0.7671005725860596 
42.0, 0.7735396027565002 
43.0, 0.779285192489624 
44.0, 0.784568727016449 
45.0, 0.7898523211479187 
46.0, 0.7951359152793884 
47.0, 0.8004194498062134 
48.0, 0.8057030439376831 
49.0, 0.8109866380691528 
50.0, 0.8162701725959778 
51.0, 0.8213858604431152 
52.0, 0.8259173035621643 
53.0, 0.8304497599601746 
54.0, 0.8350349068641663 
55.0, 0.8398207426071167 
56.0, 0.844605565071106 
57.0, 0.8493903875350952 
58.0, 0.8541761636734009 
59.0, 0.8589609861373901 
60.0, 0.8635898232460022 
61.0, 0.867565929889679 
62.0, 0.8715430498123169 
63.0, 0.8755201101303101 
64.0, 0.8794962167739868 
65.0, 0.8835200071334839 
66.0, 0.8876937627792358 
67.0, 0.8918675780296326 
68.0, 0.8960413932800293 
69.0, 0.9002161622047424 
70.0, 0.9043899774551392 
71.0, 0.9078415036201477 
72.0, 0.9111002683639526 
73.0, 0.9143600463867188 
74.0, 0.9176197648048401 
75.0, 0.920878529548645 
76.0, 0.9240697622299194 
77.0, 0.9270006418228149 
78.0, 0.9299325346946716 
79.0, 0.9328634738922119 
80.0, 0.9357943534851074 
81.0, 0.9387262463569641 
82.0, 0.9416571855545044 
83.0, 0.9445880651473999 
84.0, 0.9475199580192566 
85.0, 0.9508492946624756 
86.0, 0.9542073607444763 
87.0, 0.9574273824691772 
88.0, 0.9601764678955078 
89.0, 0.962924599647522 
90.0, 0.9656736850738525 
91.0, 0.9684227705001831 
92.0, 0.9711718559265137 
93.0, 0.9739209413528442 
94.0, 0.9766700267791748 
95.0, 0.9794191122055054 
96.0, 0.9821681976318359 
97.0, 0.9849172830581665 
98.0, 0.9876236319541931 
99.0, 0.9901551604270935 
100.0, 0.19148863689591591 
