Time(Seconds), Inputs 
0.0, 0.16223785281181335 
1.0, 0.24043233692646027 
2.0, 0.2863580882549286 
3.0, 0.32349810004234314 
4.0, 0.35506242513656616 
5.0, 0.3846784234046936 
6.0, 0.4121365249156952 
7.0, 0.4362652897834778 
8.0, 0.4603046476840973 
9.0, 0.48197245597839355 
10.0, 0.5031832456588745 
11.0, 0.5211760401725769 
12.0, 0.5392919778823853 
13.0, 0.5567551851272583 
14.0, 0.5725979804992676 
15.0, 0.5884407162666321 
16.0, 0.6028438806533813 
17.0, 0.6158978343009949 
18.0, 0.6289517283439636 
19.0, 0.6406922340393066 
20.0, 0.651813805103302 
21.0, 0.6625826358795166 
22.0, 0.6733514666557312 
23.0, 0.6818242073059082 
24.0, 0.6898201107978821 
25.0, 0.6980047821998596 
26.0, 0.7061884999275208 
27.0, 0.7143731713294983 
28.0, 0.721642792224884 
29.0, 0.7282010316848755 
30.0, 0.7347583174705505 
31.0, 0.741316556930542 
32.0, 0.7480079531669617 
33.0, 0.7549636363983154 
34.0, 0.7615547180175781 
35.0, 0.7658973932266235 
36.0, 0.7703444361686707 
37.0, 0.7749583721160889 
38.0, 0.7795723080635071 
39.0, 0.7841872572898865 
40.0, 0.7888498306274414 
41.0, 0.7935830354690552 
42.0, 0.7983161807060242 
43.0, 0.8030493259429932 
44.0, 0.8069747686386108 
45.0, 0.8108455538749695 
46.0, 0.8147153258323669 
47.0, 0.8185861110687256 
48.0, 0.8222512006759644 
49.0, 0.825714647769928 
50.0, 0.8291770815849304 
51.0, 0.832640528678894 
52.0, 0.836558997631073 
53.0, 0.8408758640289307 
54.0, 0.8451917171478271 
55.0, 0.8483719825744629 
56.0, 0.8512889742851257 
57.0, 0.8543719053268433 
58.0, 0.8574548363685608 
59.0, 0.8605367541313171 
60.0, 0.8640945553779602 
61.0, 0.8679583668708801 
62.0, 0.8718231916427612 
63.0, 0.8756870031356812 
64.0, 0.8797416090965271 
65.0, 0.8838975429534912 
66.0, 0.8880524635314941 
67.0, 0.8881736397743225 
68.0, 0.8903822898864746 
69.0, 0.8942381739616394 
70.0, 0.8980939984321594 
71.0, 0.9019498825073242 
72.0, 0.905239462852478 
73.0, 0.9083223938941956 
74.0, 0.9114043116569519 
75.0, 0.9144871830940247 
76.0, 0.9175701141357422 
77.0, 0.9206539988517761 
78.0, 0.9237379431724548 
79.0, 0.9268218278884888 
80.0, 0.9322256445884705 
81.0, 0.9350621104240417 
82.0, 0.937899649143219 
83.0, 0.9407361745834351 
84.0, 0.943451464176178 
85.0, 0.9461439251899719 
86.0, 0.948837399482727 
87.0, 0.951529860496521 
88.0, 0.9549098014831543 
89.0, 0.9583861827850342 
90.0, 0.9618614912033081 
91.0, 0.965337872505188 
92.0, 0.9688698649406433 
93.0, 0.972406804561615 
94.0, 0.9755055904388428 
95.0, 0.97772216796875 
96.0, 0.9800350666046143 
97.0, 0.9823529720306396 
98.0, 0.984670877456665 
99.0, 0.9869887828826904 
100.0, 0.5321496855292349 
