Time(Seconds), Inputs 
0.0, 0.035585127770900726 
1.0, 0.3259073793888092 
2.0, 0.35983631014823914 
3.0, 0.38508281111717224 
4.0, 0.4074808657169342 
5.0, 0.4281163811683655 
6.0, 0.4471414387226105 
7.0, 0.4648619592189789 
8.0, 0.48225560784339905 
9.0, 0.49705418944358826 
10.0, 0.5118169784545898 
11.0, 0.5263065695762634 
12.0, 0.5400639176368713 
13.0, 0.5538203120231628 
14.0, 0.5669964551925659 
15.0, 0.5774165391921997 
16.0, 0.5878366827964783 
17.0, 0.5999586582183838 
18.0, 0.6123588681221008 
19.0, 0.6221451163291931 
20.0, 0.6319313645362854 
21.0, 0.6417165994644165 
22.0, 0.6514104008674622 
23.0, 0.6603700518608093 
24.0, 0.6693296432495117 
25.0, 0.6782892942428589 
26.0, 0.6878052353858948 
27.0, 0.6969168782234192 
28.0, 0.7049018740653992 
29.0, 0.712885856628418 
30.0, 0.7208707928657532 
31.0, 0.7288557887077332 
32.0, 0.7368407249450684 
33.0, 0.7425227165222168 
34.0, 0.7485584020614624 
35.0, 0.7555190324783325 
36.0, 0.7624796628952026 
37.0, 0.7694403529167175 
38.0, 0.7763999700546265 
39.0, 0.7821047902107239 
40.0, 0.7866342663764954 
41.0, 0.791164755821228 
42.0, 0.7956942319869995 
43.0, 0.8012887835502625 
44.0, 0.8071158528327942 
45.0, 0.8129428625106812 
46.0, 0.8187708854675293 
47.0, 0.8237882256507874 
48.0, 0.8274900913238525 
49.0, 0.8311929702758789 
50.0, 0.8348948359489441 
51.0, 0.8389623165130615 
52.0, 0.8440133929252625 
53.0, 0.849063515663147 
54.0, 0.8541145920753479 
55.0, 0.8591656684875488 
56.0, 0.8642157912254333 
57.0, 0.8679166436195374 
58.0, 0.8713741302490234 
59.0, 0.8748316168785095 
60.0, 0.8786457180976868 
61.0, 0.8825691938400269 
62.0, 0.8864926099777222 
63.0, 0.8904160261154175 
64.0, 0.8943395018577576 
65.0, 0.8982629179954529 
66.0, 0.9021863341331482 
67.0, 0.9061087965965271 
68.0, 0.906717836856842 
69.0, 0.9099298715591431 
70.0, 0.9131409525871277 
71.0, 0.9163520336151123 
72.0, 0.9195631146430969 
73.0, 0.9227741956710815 
74.0, 0.9259852766990662 
75.0, 0.9291963577270508 
76.0, 0.9324074387550354 
77.0, 0.9356622099876404 
78.0, 0.9389388561248779 
79.0, 0.9422145485877991 
80.0, 0.9454911947250366 
81.0, 0.9487678408622742 
82.0, 0.9514563083648682 
83.0, 0.9536818265914917 
84.0, 0.9559082984924316 
85.0, 0.958249032497406 
86.0, 0.961287260055542 
87.0, 0.9643254280090332 
88.0, 0.9673646688461304 
89.0, 0.9704028367996216 
90.0, 0.9734410643577576 
91.0, 0.97648024559021 
92.0, 0.979518473148346 
93.0, 0.9825566411018372 
94.0, 0.9847086668014526 
95.0, 0.986331045627594 
96.0, 0.9879544973373413 
97.0, 0.9895769357681274 
98.0, 0.9911993741989136 
99.0, 0.9928227663040161 
100.0, 0.24701816989511963 
