Time(Seconds), Inputs 
0.0, 0.25294679403305054 
1.0, 0.3148544132709503 
2.0, 0.3450864255428314 
3.0, 0.3711625039577484 
4.0, 0.3956588804721832 
5.0, 0.4165090322494507 
6.0, 0.43638649582862854 
7.0, 0.45377519726753235 
8.0, 0.47116389870643616 
9.0, 0.4871596693992615 
10.0, 0.5028235912322998 
11.0, 0.5182501077651978 
12.0, 0.5314024090766907 
13.0, 0.5445547103881836 
14.0, 0.5577069520950317 
15.0, 0.5702741146087646 
16.0, 0.5820861458778381 
17.0, 0.5938981771469116 
18.0, 0.6054170727729797 
19.0, 0.6156484484672546 
20.0, 0.6258797645568848 
21.0, 0.6361110806465149 
22.0, 0.6463016867637634 
23.0, 0.6555643677711487 
24.0, 0.6661474108695984 
25.0, 0.6767314076423645 
26.0, 0.6873144507408142 
27.0, 0.6955438256263733 
28.0, 0.7034751772880554 
29.0, 0.7114054560661316 
30.0, 0.7193357944488525 
31.0, 0.7272671461105347 
32.0, 0.7344880700111389 
33.0, 0.7415152788162231 
34.0, 0.7485435009002686 
35.0, 0.7555707097053528 
36.0, 0.7625989317893982 
37.0, 0.7696261405944824 
38.0, 0.7761039137840271 
39.0, 0.7807774543762207 
40.0, 0.7858583331108093 
41.0, 0.7919595837593079 
42.0, 0.7980608344078064 
43.0, 0.8041620850563049 
44.0, 0.8102623224258423 
45.0, 0.8163635730743408 
46.0, 0.8215805888175964 
47.0, 0.8265939354896545 
48.0, 0.831608235836029 
49.0, 0.8363285064697266 
50.0, 0.8409702181816101 
51.0, 0.8456119894981384 
52.0, 0.8502527475357056 
53.0, 0.8548945188522339 
54.0, 0.859535276889801 
55.0, 0.8626877069473267 
56.0, 0.8656752705574036 
57.0, 0.8690890073776245 
58.0, 0.8732618093490601 
59.0, 0.8774346113204956 
60.0, 0.8816074728965759 
61.0, 0.8857802748680115 
62.0, 0.889953076839447 
63.0, 0.8941258788108826 
64.0, 0.8982986807823181 
65.0, 0.9024714827537537 
66.0, 0.90372633934021 
67.0, 0.9069662094116211 
68.0, 0.9102060794830322 
69.0, 0.9134460091590881 
70.0, 0.9166858792304993 
71.0, 0.9199257493019104 
72.0, 0.9231656789779663 
73.0, 0.9264055490493774 
74.0, 0.9297060370445251 
75.0, 0.9330909848213196 
76.0, 0.936475932598114 
77.0, 0.9398618340492249 
78.0, 0.9432467818260193 
79.0, 0.9458190202713013 
80.0, 0.9475308656692505 
81.0, 0.9492437243461609 
82.0, 0.9509555697441101 
83.0, 0.9534175395965576 
84.0, 0.9559261798858643 
85.0, 0.9584358334541321 
86.0, 0.9609444737434387 
87.0, 0.9634531140327454 
88.0, 0.9659627676010132 
89.0, 0.9684714674949646 
90.0, 0.9709801077842712 
91.0, 0.9734042882919312 
92.0, 0.9757331013679504 
93.0, 0.9780609607696533 
94.0, 0.9803897738456726 
95.0, 0.9827185869216919 
96.0, 0.985047459602356 
97.0, 0.9873762726783752 
98.0, 0.9897040724754333 
99.0, 0.9920328855514526 
100.0, 0.2489343763173919 
