Time(Seconds), Inputs 
0.0, 0.09145507961511612 
1.0, 0.22369937598705292 
2.0, 0.2709365785121918 
3.0, 0.3084193468093872 
4.0, 0.3424684703350067 
5.0, 0.3712827265262604 
6.0, 0.40132397413253784 
7.0, 0.42636480927467346 
8.0, 0.4508711099624634 
9.0, 0.473182737827301 
10.0, 0.49376264214515686 
11.0, 0.5127598643302917 
12.0, 0.5317004323005676 
13.0, 0.5479754209518433 
14.0, 0.5646944642066956 
15.0, 0.5801527500152588 
16.0, 0.5939607620239258 
17.0, 0.6085665822029114 
18.0, 0.6225743293762207 
19.0, 0.6338021159172058 
20.0, 0.6450299620628357 
21.0, 0.6564962863922119 
22.0, 0.6663828492164612 
23.0, 0.6750354766845703 
24.0, 0.6836881041526794 
25.0, 0.6929258704185486 
26.0, 0.7025660872459412 
27.0, 0.7093369364738464 
28.0, 0.7156021595001221 
29.0, 0.7218613624572754 
30.0, 0.7281156182289124 
31.0, 0.7343708276748657 
32.0, 0.7406250834465027 
33.0, 0.7484928369522095 
34.0, 0.7527550458908081 
35.0, 0.7570182681083679 
36.0, 0.7612804770469666 
37.0, 0.7668273448944092 
38.0, 0.7726603746414185 
39.0, 0.7784923315048218 
40.0, 0.784325361251831 
41.0, 0.789139986038208 
42.0, 0.7934637665748596 
43.0, 0.7975302934646606 
44.0, 0.8015968203544617 
45.0, 0.8051327466964722 
46.0, 0.8086438775062561 
47.0, 0.8121559619903564 
48.0, 0.8156830072402954 
49.0, 0.819580614566803 
50.0, 0.8234782218933105 
51.0, 0.8273758292198181 
52.0, 0.8322967290878296 
53.0, 0.8371004462242126 
54.0, 0.8408182263374329 
55.0, 0.8445360064506531 
56.0, 0.8482865691184998 
57.0, 0.8521901369094849 
58.0, 0.8560926914215088 
59.0, 0.8599962592124939 
60.0, 0.8635908365249634 
61.0, 0.866313099861145 
62.0, 0.8690363764762878 
63.0, 0.8717586398124695 
64.0, 0.8754456043243408 
65.0, 0.878410279750824 
66.0, 0.8806725144386292 
67.0, 0.8829337954521179 
68.0, 0.8860276341438293 
69.0, 0.8903067708015442 
70.0, 0.894585907459259 
71.0, 0.8988649845123291 
72.0, 0.9029553532600403 
73.0, 0.9068470001220703 
74.0, 0.9107376337051392 
75.0, 0.914628267288208 
76.0, 0.9183440804481506 
77.0, 0.9211527705192566 
78.0, 0.9236405491828918 
79.0, 0.9261273741722107 
80.0, 0.9295083284378052 
81.0, 0.9334039688110352 
82.0, 0.9372985363006592 
83.0, 0.941193163394928 
84.0, 0.9448016881942749 
85.0, 0.9482949376106262 
86.0, 0.9517871737480164 
87.0, 0.9552803635597229 
88.0, 0.9599817395210266 
89.0, 0.9641993045806885 
90.0, 0.966101884841919 
91.0, 0.9680044651031494 
92.0, 0.9702826142311096 
93.0, 0.9726243615150452 
94.0, 0.9749661087989807 
95.0, 0.9773078560829163 
96.0, 0.9810941815376282 
97.0, 0.9849699139595032 
98.0, 0.9888446927070618 
99.0, 0.9927204251289368 
100.0, 0.5369955586593368 
