Time(Seconds), Inputs 
0.0, 0.1866438239812851 
1.0, 0.26262474060058594 
2.0, 0.3064610958099365 
3.0, 0.34110039472579956 
4.0, 0.37185797095298767 
5.0, 0.40058180689811707 
6.0, 0.42569416761398315 
7.0, 0.4484548568725586 
8.0, 0.47198256850242615 
9.0, 0.49328476190567017 
10.0, 0.5115864872932434 
11.0, 0.5291361212730408 
12.0, 0.5451170206069946 
13.0, 0.563656210899353 
14.0, 0.5797553062438965 
15.0, 0.5939935445785522 
16.0, 0.6080241203308105 
17.0, 0.6205196976661682 
18.0, 0.6323198080062866 
19.0, 0.6441189050674438 
20.0, 0.6559180617332458 
21.0, 0.6663719415664673 
22.0, 0.6762148141860962 
23.0, 0.6860566735267639 
24.0, 0.6958995461463928 
25.0, 0.7055277824401855 
26.0, 0.7131650447845459 
27.0, 0.7208032608032227 
28.0, 0.7284414768218994 
29.0, 0.736191987991333 
30.0, 0.7439553737640381 
31.0, 0.7500755190849304 
32.0, 0.756195604801178 
33.0, 0.7623157501220703 
34.0, 0.7683136463165283 
35.0, 0.7742569446563721 
36.0, 0.7802011966705322 
37.0, 0.7854182124137878 
38.0, 0.7870893478393555 
39.0, 0.7922844886779785 
40.0, 0.7974796295166016 
41.0, 0.8026747703552246 
42.0, 0.8078699111938477 
43.0, 0.8120665550231934 
44.0, 0.816205620765686 
45.0, 0.8203446269035339 
46.0, 0.8244826793670654 
47.0, 0.8295347690582275 
48.0, 0.8330637812614441 
49.0, 0.8365927338600159 
50.0, 0.840120792388916 
51.0, 0.8436388373374939 
52.0, 0.8471062779426575 
53.0, 0.8505736589431763 
54.0, 0.8540410399436951 
55.0, 0.8575084805488586 
56.0, 0.8616534471511841 
57.0, 0.8659623861312866 
58.0, 0.8702713251113892 
59.0, 0.8741093277931213 
60.0, 0.8775081634521484 
61.0, 0.8802821040153503 
62.0, 0.8830550312995911 
63.0, 0.8858289122581482 
64.0, 0.8886287212371826 
65.0, 0.8920990824699402 
66.0, 0.8955704569816589 
67.0, 0.8990418314933777 
68.0, 0.90251225233078 
69.0, 0.9061366319656372 
70.0, 0.9098355174064636 
71.0, 0.9132483005523682 
72.0, 0.9155910015106201 
73.0, 0.9181443452835083 
74.0, 0.9212650656700134 
75.0, 0.9243857264518738 
76.0, 0.9275063872337341 
77.0, 0.9306270480155945 
78.0, 0.9334397315979004 
79.0, 0.9362186193466187 
80.0, 0.9389975070953369 
81.0, 0.941775381565094 
82.0, 0.9449496865272522 
83.0, 0.9484677910804749 
84.0, 0.9519868493080139 
85.0, 0.9553360342979431 
86.0, 0.9571710824966431 
87.0, 0.9606464505195618 
88.0, 0.9641208052635193 
89.0, 0.9675951600074768 
90.0, 0.9710695147514343 
91.0, 0.9737271666526794 
92.0, 0.9761404395103455 
93.0, 0.9785527586936951 
94.0, 0.9809650182723999 
95.0, 0.9837687611579895 
96.0, 0.9872371554374695 
97.0, 0.9907055497169495 
98.0, 0.9941739439964294 
99.0, 0.9976423382759094 
100.0, 0.48125098471718925 
