Time(Seconds), Inputs 
0.0, 0.18043726682662964 
1.0, 0.253154456615448 
2.0, 0.29493221640586853 
3.0, 0.3299957513809204 
4.0, 0.36069273948669434 
5.0, 0.38758647441864014 
6.0, 0.41301679611206055 
7.0, 0.43742573261260986 
8.0, 0.4593468904495239 
9.0, 0.48072361946105957 
10.0, 0.4987263083457947 
11.0, 0.5182331800460815 
12.0, 0.5356835126876831 
13.0, 0.5527711510658264 
14.0, 0.5691315531730652 
15.0, 0.5839072465896606 
16.0, 0.5984574556350708 
17.0, 0.6122446060180664 
18.0, 0.6251286864280701 
19.0, 0.638012707233429 
20.0, 0.6507506966590881 
21.0, 0.660577654838562 
22.0, 0.6704046726226807 
23.0, 0.6802316308021545 
24.0, 0.6925225257873535 
25.0, 0.7016927599906921 
26.0, 0.7108629941940308 
27.0, 0.720032274723053 
28.0, 0.7292025089263916 
29.0, 0.7371328473091125 
30.0, 0.7436265349388123 
31.0, 0.7501212358474731 
32.0, 0.7566149234771729 
33.0, 0.763109564781189 
34.0, 0.7709365487098694 
35.0, 0.7783880233764648 
36.0, 0.7840431928634644 
37.0, 0.7896993160247803 
38.0, 0.7953236699104309 
39.0, 0.8005177974700928 
40.0, 0.8057109713554382 
41.0, 0.8109051585197449 
42.0, 0.8160992860794067 
43.0, 0.8207857608795166 
44.0, 0.8246535658836365 
45.0, 0.8285213708877563 
46.0, 0.8323891758918762 
47.0, 0.8362569212913513 
48.0, 0.8401406407356262 
49.0, 0.8440333008766174 
50.0, 0.8479259014129639 
51.0, 0.8518185615539551 
52.0, 0.8557111620903015 
53.0, 0.8599555492401123 
54.0, 0.863415002822876 
55.0, 0.8662077784538269 
56.0, 0.8689996004104614 
57.0, 0.8720070123672485 
58.0, 0.8755757212638855 
59.0, 0.8791455030441284 
60.0, 0.8827142119407654 
61.0, 0.8862839937210083 
62.0, 0.8894632458686829 
63.0, 0.8923683166503906 
64.0, 0.8952733874320984 
65.0, 0.8981784582138062 
66.0, 0.9010835289955139 
67.0, 0.9061535000801086 
68.0, 0.9089075326919556 
69.0, 0.9116616249084473 
70.0, 0.9144156575202942 
71.0, 0.9171398878097534 
72.0, 0.9197320342063904 
73.0, 0.9223241209983826 
74.0, 0.9249172210693359 
75.0, 0.9275093674659729 
76.0, 0.9300954937934875 
77.0, 0.9326766729354858 
78.0, 0.935256838798523 
79.0, 0.9378380179405212 
80.0, 0.9404182434082031 
81.0, 0.9459114670753479 
82.0, 0.9484081864356995 
83.0, 0.9500385522842407 
84.0, 0.9516679048538208 
85.0, 0.9534046053886414 
86.0, 0.9563305377960205 
87.0, 0.9592564702033997 
88.0, 0.96218341588974 
89.0, 0.9651093482971191 
90.0, 0.9681555032730103 
91.0, 0.97137850522995 
92.0, 0.974602460861206 
93.0, 0.9778254628181458 
94.0, 0.9810494780540466 
95.0, 0.9839903116226196 
96.0, 0.9868000149726868 
97.0, 0.9896106719970703 
98.0, 0.9919276237487793 
99.0, 0.9942335486412048 
100.0, 0.44869463760278316 
