Time(Seconds), Inputs 
0.0, 0.05110102519392967 
1.0, 0.28954434394836426 
2.0, 0.32632267475128174 
3.0, 0.3551448881626129 
4.0, 0.3789229393005371 
5.0, 0.40217939019203186 
6.0, 0.4228357970714569 
7.0, 0.4433590769767761 
8.0, 0.46073684096336365 
9.0, 0.47811558842658997 
10.0, 0.49281084537506104 
11.0, 0.5093669891357422 
12.0, 0.5259230732917786 
13.0, 0.5402467250823975 
14.0, 0.5543131232261658 
15.0, 0.5683804154396057 
16.0, 0.5806415677070618 
17.0, 0.5926453471183777 
18.0, 0.6054012179374695 
19.0, 0.6174447536468506 
20.0, 0.6282523274421692 
21.0, 0.6390608549118042 
22.0, 0.6498684287071228 
23.0, 0.6602835655212402 
24.0, 0.6703281402587891 
25.0, 0.6806359887123108 
26.0, 0.6913392543792725 
27.0, 0.700904905796051 
28.0, 0.7088590860366821 
29.0, 0.7168132662773132 
30.0, 0.7247673869132996 
31.0, 0.7327215671539307 
32.0, 0.7403210401535034 
33.0, 0.7476006150245667 
34.0, 0.7548792362213135 
35.0, 0.7621577978134155 
36.0, 0.7694373726844788 
37.0, 0.7767159342765808 
38.0, 0.7837381362915039 
39.0, 0.7896754741668701 
40.0, 0.7953862547874451 
41.0, 0.8009788393974304 
42.0, 0.806571364402771 
43.0, 0.8121649622917175 
44.0, 0.8177574872970581 
45.0, 0.8233500719070435 
46.0, 0.8288114666938782 
47.0, 0.8338496088981628 
48.0, 0.837966799736023 
49.0, 0.8420850038528442 
50.0, 0.8462031483650208 
51.0, 0.8503212928771973 
52.0, 0.8544384837150574 
53.0, 0.8585566282272339 
54.0, 0.8626748323440552 
55.0, 0.8685187101364136 
56.0, 0.872160017490387 
57.0, 0.8758012652397156 
58.0, 0.8794415593147278 
59.0, 0.8830828070640564 
60.0, 0.8867241144180298 
61.0, 0.890364408493042 
62.0, 0.8938298225402832 
63.0, 0.8971710205078125 
64.0, 0.9005122780799866 
65.0, 0.9038534760475159 
66.0, 0.9071947336196899 
67.0, 0.9102925062179565 
68.0, 0.9118503928184509 
69.0, 0.9136953353881836 
70.0, 0.9167921543121338 
71.0, 0.9198880195617676 
72.0, 0.9229838252067566 
73.0, 0.9260796904563904 
74.0, 0.9291754961013794 
75.0, 0.9322713017463684 
76.0, 0.9353671669960022 
77.0, 0.9383208751678467 
78.0, 0.9412468075752258 
79.0, 0.9441727995872498 
80.0, 0.9470987319946289 
81.0, 0.9500256180763245 
82.0, 0.9528104662895203 
83.0, 0.9546465277671814 
84.0, 0.9567846059799194 
85.0, 0.9592564702033997 
86.0, 0.9617283940315247 
87.0, 0.9642002582550049 
88.0, 0.9666721820831299 
89.0, 0.9691440463066101 
90.0, 0.9716159701347351 
91.0, 0.9740659594535828 
92.0, 0.9763332009315491 
93.0, 0.9786004424095154 
94.0, 0.9808676838874817 
95.0, 0.9831348657608032 
96.0, 0.9854021072387695 
97.0, 0.9876693487167358 
98.0, 0.989935576915741 
99.0, 0.9950681328773499 
100.0, 0.2862833686057256 
