Time(Seconds), Inputs 
0.0, 0.07032476365566254 
1.0, 0.25157374143600464 
2.0, 0.2941443622112274 
3.0, 0.3290906548500061 
4.0, 0.35992076992988586 
5.0, 0.38572263717651367 
6.0, 0.40952354669570923 
7.0, 0.43227729201316833 
8.0, 0.453965961933136 
9.0, 0.47502872347831726 
10.0, 0.4950542151927948 
11.0, 0.5145114660263062 
12.0, 0.5326631665229797 
13.0, 0.5488020181655884 
14.0, 0.564940869808197 
15.0, 0.5799212455749512 
16.0, 0.5945638418197632 
17.0, 0.608930230140686 
18.0, 0.6216582655906677 
19.0, 0.6341568231582642 
20.0, 0.6466553807258606 
21.0, 0.656201183795929 
22.0, 0.6670961976051331 
23.0, 0.6780110597610474 
24.0, 0.6889269351959229 
25.0, 0.6986714601516724 
26.0, 0.7065054178237915 
27.0, 0.7152891755104065 
28.0, 0.7242676615715027 
29.0, 0.7332451939582825 
30.0, 0.7412996888160706 
31.0, 0.7482196092605591 
32.0, 0.7550501227378845 
33.0, 0.7618418335914612 
34.0, 0.7686325907707214 
35.0, 0.7754243612289429 
36.0, 0.7816776037216187 
37.0, 0.7867207527160645 
38.0, 0.792340099811554 
39.0, 0.7979595065116882 
40.0, 0.8035788536071777 
41.0, 0.8091992735862732 
42.0, 0.8141658902168274 
43.0, 0.8181539177894592 
44.0, 0.8221409320831299 
45.0, 0.8254354596138 
46.0, 0.82848060131073 
47.0, 0.831794023513794 
48.0, 0.8359400033950806 
49.0, 0.8400869965553284 
50.0, 0.844232976436615 
51.0, 0.8483799695968628 
52.0, 0.8526064157485962 
53.0, 0.8574289679527283 
54.0, 0.8622515797615051 
55.0, 0.8666240572929382 
56.0, 0.8698699474334717 
57.0, 0.8731157779693604 
58.0, 0.8760844469070435 
59.0, 0.8790372014045715 
60.0, 0.8819899559020996 
61.0, 0.8849427103996277 
62.0, 0.8878964781761169 
63.0, 0.890853226184845 
64.0, 0.8938099145889282 
65.0, 0.8967676758766174 
66.0, 0.8997253775596619 
67.0, 0.9026831388473511 
68.0, 0.9073367714881897 
69.0, 0.9109830260276794 
70.0, 0.9132274389266968 
71.0, 0.9154717922210693 
72.0, 0.9177161455154419 
73.0, 0.9201721549034119 
74.0, 0.9228338003158569 
75.0, 0.9254944920539856 
76.0, 0.9281551241874695 
77.0, 0.9308167695999146 
78.0, 0.9335857629776001 
79.0, 0.9365355372428894 
80.0, 0.9394853115081787 
81.0, 0.9424360990524292 
82.0, 0.9453858733177185 
83.0, 0.9482680559158325 
84.0, 0.9509227871894836 
85.0, 0.9537950754165649 
86.0, 0.9568740129470825 
87.0, 0.9599529504776001 
88.0, 0.9629504084587097 
89.0, 0.9647238850593567 
90.0, 0.9664973020553589 
91.0, 0.9682707190513611 
92.0, 0.9700431823730469 
93.0, 0.9718166589736938 
94.0, 0.9755076169967651 
95.0, 0.9793495535850525 
96.0, 0.983192503452301 
97.0, 0.9870354533195496 
98.0, 0.9908774495124817 
99.0, 0.9947164058685303 
100.0, 0.40948692508484535 
