Time(Seconds), Inputs 
0.0, 0.1297326683998108 
1.0, 0.2136230319738388 
2.0, 0.2619660198688507 
3.0, 0.30363550782203674 
4.0, 0.34242475032806396 
5.0, 0.3721301853656769 
6.0, 0.4020601809024811 
7.0, 0.4293314814567566 
8.0, 0.45293766260147095 
9.0, 0.4772730767726898 
10.0, 0.49898460507392883 
11.0, 0.5185928344726562 
12.0, 0.5349542498588562 
13.0, 0.552944004535675 
14.0, 0.5692011117935181 
15.0, 0.5843613147735596 
16.0, 0.5976576805114746 
17.0, 0.6099873185157776 
18.0, 0.6221888065338135 
19.0, 0.6340574622154236 
20.0, 0.644085168838501 
21.0, 0.6508162617683411 
22.0, 0.6592423915863037 
23.0, 0.6681503057479858 
24.0, 0.6770572662353516 
25.0, 0.6856930255889893 
26.0, 0.691868782043457 
27.0, 0.6980435252189636 
28.0, 0.7041994333267212 
29.0, 0.7103046774864197 
30.0, 0.7164098620414734 
31.0, 0.7226770520210266 
32.0, 0.7295025587081909 
33.0, 0.734503984451294 
34.0, 0.739505410194397 
35.0, 0.7446290254592896 
36.0, 0.749779462814331 
37.0, 0.7549299001693726 
38.0, 0.7596272826194763 
39.0, 0.7639888525009155 
40.0, 0.7683504223823547 
41.0, 0.771009087562561 
42.0, 0.7761456370353699 
43.0, 0.7812821865081787 
44.0, 0.7862637042999268 
45.0, 0.7895512580871582 
46.0, 0.7928378582000732 
47.0, 0.7961254715919495 
48.0, 0.8010821342468262 
49.0, 0.806334912776947 
50.0, 0.8115876913070679 
51.0, 0.8138370513916016 
52.0, 0.817108690738678 
53.0, 0.8203794360160828 
54.0, 0.8240028023719788 
55.0, 0.8282312154769897 
56.0, 0.8324586749076843 
57.0, 0.8368093371391296 
58.0, 0.8419548273086548 
59.0, 0.8470993041992188 
60.0, 0.8522437810897827 
61.0, 0.8551309704780579 
62.0, 0.8586848378181458 
63.0, 0.8622386455535889 
64.0, 0.8656046986579895 
65.0, 0.8688714504241943 
66.0, 0.8721391558647156 
67.0, 0.8756065368652344 
68.0, 0.8793730139732361 
69.0, 0.8831394910812378 
70.0, 0.8871781229972839 
71.0, 0.8925083875656128 
72.0, 0.897317111492157 
73.0, 0.8997423052787781 
74.0, 0.9025221467018127 
75.0, 0.9053288698196411 
76.0, 0.9081366062164307 
77.0, 0.9119119644165039 
78.0, 0.9161424040794373 
79.0, 0.9203738570213318 
80.0, 0.9239644408226013 
81.0, 0.9267681837081909 
82.0, 0.9295719265937805 
83.0, 0.9330671429634094 
84.0, 0.9393661022186279 
85.0, 0.9423844218254089 
86.0, 0.945375919342041 
87.0, 0.9490996599197388 
88.0, 0.9528532028198242 
89.0, 0.9566067457199097 
90.0, 0.9596837162971497 
91.0, 0.9625023603439331 
92.0, 0.9653199911117554 
93.0, 0.9692155718803406 
94.0, 0.9742368459701538 
95.0, 0.9792591333389282 
96.0, 0.982509970664978 
97.0, 0.9848556518554688 
98.0, 0.9872013926506042 
99.0, 0.9895471334457397 
100.0, 0.6504988524052648 
