Time(Seconds), Inputs 
0.0, 0.23373199999332428 
1.0, 0.29760977625846863 
2.0, 0.33418941497802734 
3.0, 0.36415913701057434 
4.0, 0.3890191614627838 
5.0, 0.41224879026412964 
6.0, 0.4349379539489746 
7.0, 0.45498430728912354 
8.0, 0.47224485874176025 
9.0, 0.48948153853416443 
10.0, 0.5056343078613281 
11.0, 0.5217860341072083 
12.0, 0.5359557271003723 
13.0, 0.550608217716217 
14.0, 0.5652607679367065 
15.0, 0.579292356967926 
16.0, 0.591722309589386 
17.0, 0.6041533350944519 
18.0, 0.6165843605995178 
19.0, 0.6256870031356812 
20.0, 0.6375020146369934 
21.0, 0.6493160724639893 
22.0, 0.661098301410675 
23.0, 0.6706877946853638 
24.0, 0.6802772879600525 
25.0, 0.689866840839386 
26.0, 0.6994712352752686 
27.0, 0.7086633443832397 
28.0, 0.7173765897750854 
29.0, 0.72608882188797 
30.0, 0.7348010540008545 
31.0, 0.7435142397880554 
32.0, 0.7499006390571594 
33.0, 0.7553083896636963 
34.0, 0.7618100643157959 
35.0, 0.7687060832977295 
36.0, 0.7756021618843079 
37.0, 0.7824982404708862 
38.0, 0.7893943190574646 
39.0, 0.794633150100708 
40.0, 0.79965740442276 
41.0, 0.8049310445785522 
42.0, 0.8104948401451111 
43.0, 0.8160585761070251 
44.0, 0.8216223120689392 
45.0, 0.8271860480308533 
46.0, 0.8327497839927673 
47.0, 0.8368749022483826 
48.0, 0.8410020470619202 
49.0, 0.8451579213142395 
50.0, 0.8493148684501648 
51.0, 0.8534708023071289 
52.0, 0.8576266765594482 
53.0, 0.8617836236953735 
54.0, 0.8659395575523376 
55.0, 0.870095431804657 
56.0, 0.8744292259216309 
57.0, 0.8780257701873779 
58.0, 0.8814226388931274 
59.0, 0.884819507598877 
60.0, 0.8882153630256653 
61.0, 0.8916122317314148 
62.0, 0.8950091004371643 
63.0, 0.8985083103179932 
64.0, 0.9020999073982239 
65.0, 0.9056915044784546 
66.0, 0.9092820882797241 
67.0, 0.9128736853599548 
68.0, 0.9164652824401855 
69.0, 0.918558657169342 
70.0, 0.9200936555862427 
71.0, 0.9232282638549805 
72.0, 0.9263617992401123 
73.0, 0.9294964075088501 
74.0, 0.9326309561729431 
75.0, 0.9357645511627197 
76.0, 0.9388991594314575 
77.0, 0.9420326948165894 
78.0, 0.9448881149291992 
79.0, 0.9477246403694153 
80.0, 0.9505611658096313 
81.0, 0.9533976316452026 
82.0, 0.9562351703643799 
83.0, 0.959071695804596 
84.0, 0.9604705572128296 
85.0, 0.9621098637580872 
86.0, 0.9648231863975525 
87.0, 0.967537522315979 
88.0, 0.9702508449554443 
89.0, 0.9729651808738708 
90.0, 0.9756785035133362 
91.0, 0.9783927798271179 
92.0, 0.9809014201164246 
93.0, 0.982978880405426 
94.0, 0.9850553870201111 
95.0, 0.9871318340301514 
96.0, 0.9892083406448364 
97.0, 0.9912847876548767 
98.0, 0.9933622479438782 
99.0, 0.9954386949539185 
100.0, 0.28860197837667506 
