Time(Seconds), Inputs 
0.0, 0.06479479372501373 
1.0, 0.31251466274261475 
2.0, 0.3465081453323364 
3.0, 0.3733929693698883 
4.0, 0.3955734372138977 
5.0, 0.41636794805526733 
6.0, 0.43423354625701904 
7.0, 0.45098936557769775 
8.0, 0.46811872720718384 
9.0, 0.48524415493011475 
10.0, 0.4996214807033539 
11.0, 0.5133460164070129 
12.0, 0.5263393521308899 
13.0, 0.5393326878547668 
14.0, 0.5521214008331299 
15.0, 0.564063549041748 
16.0, 0.5760067105293274 
17.0, 0.5879489183425903 
18.0, 0.599202573299408 
19.0, 0.6096733808517456 
20.0, 0.6201441287994385 
21.0, 0.6306149363517761 
22.0, 0.6403107643127441 
23.0, 0.6494640707969666 
24.0, 0.6586164832115173 
25.0, 0.6677697896957397 
26.0, 0.6769231557846069 
27.0, 0.6844501495361328 
28.0, 0.6928265690803528 
29.0, 0.7012019753456116 
30.0, 0.7095773816108704 
31.0, 0.7179538011550903 
32.0, 0.7246084809303284 
33.0, 0.7306828498840332 
34.0, 0.7367563247680664 
35.0, 0.7428306937217712 
36.0, 0.7495032548904419 
37.0, 0.758046567440033 
38.0, 0.765496015548706 
39.0, 0.7716757655143738 
40.0, 0.7778555154800415 
41.0, 0.7840352058410645 
42.0, 0.7902149558067322 
43.0, 0.7963947057723999 
44.0, 0.8025734424591064 
45.0, 0.8078053593635559 
46.0, 0.8127153515815735 
47.0, 0.8176243305206299 
48.0, 0.8225343823432922 
49.0, 0.8274443745613098 
50.0, 0.832353413105011 
51.0, 0.8372634053230286 
52.0, 0.8421733975410461 
53.0, 0.8470824360847473 
54.0, 0.8485150933265686 
55.0, 0.8523868322372437 
56.0, 0.8562576174736023 
57.0, 0.8601294159889221 
58.0, 0.8640002012252808 
59.0, 0.8678719401359558 
60.0, 0.8717437386512756 
61.0, 0.8756145238876343 
62.0, 0.8794862627983093 
63.0, 0.8833779096603394 
64.0, 0.8873768448829651 
65.0, 0.8911711573600769 
66.0, 0.8943732380867004 
67.0, 0.8975744247436523 
68.0, 0.9007765650749207 
69.0, 0.9039776921272278 
70.0, 0.9071798324584961 
71.0, 0.9103819727897644 
72.0, 0.9136486649513245 
73.0, 0.9173346757888794 
74.0, 0.9210206270217896 
75.0, 0.9247066378593445 
76.0, 0.9283925890922546 
77.0, 0.9320785999298096 
78.0, 0.9349339604377747 
79.0, 0.9363139867782593 
80.0, 0.9376940131187439 
81.0, 0.9391465187072754 
82.0, 0.9418429732322693 
83.0, 0.9445393681526184 
84.0, 0.9472358226776123 
85.0, 0.9499322175979614 
86.0, 0.9526286721229553 
87.0, 0.9553251266479492 
88.0, 0.9580215215682983 
89.0, 0.9607179760932922 
90.0, 0.963413417339325 
91.0, 0.9660859704017639 
92.0, 0.9687585830688477 
93.0, 0.9714301824569702 
94.0, 0.9741027355194092 
95.0, 0.9767753481864929 
96.0, 0.9784265756607056 
97.0, 0.97998046875 
98.0, 0.9815343022346497 
99.0, 0.9830881953239441 
100.0, 0.23321935453651224 
