Time(Seconds), Inputs 
0.0, 0.11444030702114105 
1.0, 0.20481343567371368 
2.0, 0.2557833194732666 
3.0, 0.29887354373931885 
4.0, 0.33503788709640503 
5.0, 0.37017494440078735 
6.0, 0.3993895649909973 
7.0, 0.4272480607032776 
8.0, 0.45099928975105286 
9.0, 0.474701851606369 
10.0, 0.4954407215118408 
11.0, 0.5133987069129944 
12.0, 0.5309870839118958 
13.0, 0.5475362539291382 
14.0, 0.5609090924263 
15.0, 0.5739978551864624 
16.0, 0.5866295099258423 
17.0, 0.5976049900054932 
18.0, 0.6080111861228943 
19.0, 0.618202805519104 
20.0, 0.6284381151199341 
21.0, 0.6364151239395142 
22.0, 0.6440026760101318 
23.0, 0.6516866087913513 
24.0, 0.6603660583496094 
25.0, 0.6690455079078674 
26.0, 0.6741840243339539 
27.0, 0.6812072396278381 
28.0, 0.6882305145263672 
29.0, 0.6945264935493469 
30.0, 0.6999481320381165 
31.0, 0.7053688168525696 
32.0, 0.7119439840316772 
33.0, 0.7170954346656799 
34.0, 0.7217232584953308 
35.0, 0.7265468239784241 
36.0, 0.7314140796661377 
37.0, 0.7362803816795349 
38.0, 0.7411476969718933 
39.0, 0.7460139989852905 
40.0, 0.7509974837303162 
41.0, 0.7564151883125305 
42.0, 0.760851263999939 
43.0, 0.7652506232261658 
44.0, 0.7695863842964172 
45.0, 0.7739211320877075 
46.0, 0.7779528498649597 
47.0, 0.7817332148551941 
48.0, 0.7855135798454285 
49.0, 0.7911319732666016 
50.0, 0.7974568009376526 
51.0, 0.8014974594116211 
52.0, 0.805241048336029 
53.0, 0.8090124726295471 
54.0, 0.8128325939178467 
55.0, 0.8171733021736145 
56.0, 0.8215140104293823 
57.0, 0.8258497714996338 
58.0, 0.830172598361969 
59.0, 0.8344964385032654 
60.0, 0.8401654958724976 
61.0, 0.8448758125305176 
62.0, 0.8490465879440308 
63.0, 0.8516009449958801 
64.0, 0.8532243967056274 
65.0, 0.8548468351364136 
66.0, 0.8595601320266724 
67.0, 0.8649649024009705 
68.0, 0.8703706860542297 
69.0, 0.8741530179977417 
70.0, 0.8779323697090149 
71.0, 0.8828414082527161 
72.0, 0.8872884511947632 
73.0, 0.8909207582473755 
74.0, 0.8946107029914856 
75.0, 0.898402988910675 
76.0, 0.9021962881088257 
77.0, 0.9059836268424988 
78.0, 0.9097659587860107 
79.0, 0.9135473370552063 
80.0, 0.917941689491272 
81.0, 0.9225665330886841 
82.0, 0.9260150790214539 
83.0, 0.9286985993385315 
84.0, 0.9324859380722046 
85.0, 0.9362722635269165 
86.0, 0.9400506019592285 
87.0, 0.9438280463218689 
88.0, 0.9474643468856812 
89.0, 0.9507191181182861 
90.0, 0.9539729356765747 
91.0, 0.9577165246009827 
92.0, 0.9620363712310791 
93.0, 0.9663552045822144 
94.0, 0.970990002155304 
95.0, 0.9744842648506165 
96.0, 0.9779784679412842 
97.0, 0.9817062020301819 
98.0, 0.9854846000671387 
99.0, 0.9892629384994507 
100.0, 0.7480103389982072 
