Time(Seconds), Inputs 
0.0, 0.02889969013631344 
1.0, 0.21688875555992126 
2.0, 0.2654523253440857 
3.0, 0.3086051344871521 
4.0, 0.3442111313343048 
5.0, 0.37584996223449707 
6.0, 0.404911607503891 
7.0, 0.431395024061203 
8.0, 0.45636531710624695 
9.0, 0.4798741340637207 
10.0, 0.5003109574317932 
11.0, 0.521149218082428 
12.0, 0.5385020971298218 
13.0, 0.5555570125579834 
14.0, 0.5700187683105469 
15.0, 0.5839509963989258 
16.0, 0.5979626774787903 
17.0, 0.6105049252510071 
18.0, 0.6213184595108032 
19.0, 0.632131040096283 
20.0, 0.6444746255874634 
21.0, 0.6529046893119812 
22.0, 0.6612741351127625 
23.0, 0.6696187853813171 
24.0, 0.6779484748840332 
25.0, 0.6862772107124329 
26.0, 0.6917564868927002 
27.0, 0.6988770961761475 
28.0, 0.7059987187385559 
29.0, 0.7129424810409546 
30.0, 0.719333827495575 
31.0, 0.7257251739501953 
32.0, 0.7299298048019409 
33.0, 0.7356197237968445 
34.0, 0.7413105964660645 
35.0, 0.7470015287399292 
36.0, 0.751873791217804 
37.0, 0.7566149234771729 
38.0, 0.761355996131897 
39.0, 0.7673727869987488 
40.0, 0.7730398774147034 
41.0, 0.7763642072677612 
42.0, 0.7801396250724792 
43.0, 0.7844147682189941 
44.0, 0.788689911365509 
45.0, 0.7928308844566345 
46.0, 0.7966271638870239 
47.0, 0.8004224300384521 
48.0, 0.8043578267097473 
49.0, 0.8098062872886658 
50.0, 0.8148464560508728 
51.0, 0.8172915577888489 
52.0, 0.8209566473960876 
53.0, 0.824763834476471 
54.0, 0.8285720348358154 
55.0, 0.8327001333236694 
56.0, 0.8369593620300293 
57.0, 0.8412196040153503 
58.0, 0.8456417918205261 
59.0, 0.8502229452133179 
60.0, 0.8548051118850708 
61.0, 0.8565298318862915 
62.0, 0.8598502278327942 
63.0, 0.8631705641746521 
64.0, 0.8666091561317444 
65.0, 0.8708813190460205 
66.0, 0.8751525282859802 
67.0, 0.8794236779212952 
68.0, 0.8832626342773438 
69.0, 0.8870678544044495 
70.0, 0.8908730745315552 
71.0, 0.8959469795227051 
72.0, 0.9000532627105713 
73.0, 0.9017153978347778 
74.0, 0.9045360684394836 
75.0, 0.908339262008667 
76.0, 0.9121434688568115 
77.0, 0.9159436821937561 
78.0, 0.9197379946708679 
79.0, 0.923532247543335 
80.0, 0.9275113344192505 
81.0, 0.9325137138366699 
82.0, 0.937515139579773 
83.0, 0.9407132863998413 
84.0, 0.9445294737815857 
85.0, 0.9488025903701782 
86.0, 0.9530757665634155 
87.0, 0.9562441110610962 
88.0, 0.9590885639190674 
89.0, 0.9619340300559998 
90.0, 0.9656060934066772 
91.0, 0.9698901772499084 
92.0, 0.9741742610931396 
93.0, 0.9781533479690552 
94.0, 0.9816515445709229 
95.0, 0.985027551651001 
96.0, 0.9879544973373413 
97.0, 0.9908059239387512 
98.0, 0.9936583042144775 
99.0, 0.9965097308158875 
100.0, 0.6600905301078611 
