Time(Seconds), Inputs 
0.0, 0.069071926176548 
1.0, 0.2763095796108246 
2.0, 0.31592145562171936 
3.0, 0.34824681282043457 
4.0, 0.37401890754699707 
5.0, 0.3979191482067108 
6.0, 0.4206937551498413 
7.0, 0.4409636855125427 
8.0, 0.4605778753757477 
9.0, 0.4793863296508789 
10.0, 0.4967958927154541 
11.0, 0.5141269564628601 
12.0, 0.5295435190200806 
13.0, 0.5449610352516174 
14.0, 0.5624540448188782 
15.0, 0.5762958526611328 
16.0, 0.5901376605033875 
17.0, 0.6034797430038452 
18.0, 0.6152858138084412 
19.0, 0.6270918846130371 
20.0, 0.6395189166069031 
21.0, 0.6507874727249146 
22.0, 0.6610019207000732 
23.0, 0.6712173223495483 
24.0, 0.681431770324707 
25.0, 0.690937876701355 
26.0, 0.6999987959861755 
27.0, 0.7097969651222229 
28.0, 0.7195951342582703 
29.0, 0.7292531728744507 
30.0, 0.7364194989204407 
31.0, 0.7435848116874695 
32.0, 0.7507550716400146 
33.0, 0.7579780220985413 
34.0, 0.7652019262313843 
35.0, 0.7722222208976746 
36.0, 0.7775812745094299 
37.0, 0.7829413414001465 
38.0, 0.788301408290863 
39.0, 0.7941930294036865 
40.0, 0.8000985383987427 
41.0, 0.80600506067276 
42.0, 0.8119105696678162 
43.0, 0.8164877891540527 
44.0, 0.8200952410697937 
45.0, 0.8247072100639343 
46.0, 0.8294492959976196 
47.0, 0.8341923952102661 
48.0, 0.8389354944229126 
49.0, 0.8436775803565979 
50.0, 0.8484206795692444 
51.0, 0.8543967604637146 
52.0, 0.8591060638427734 
53.0, 0.8625436425209045 
54.0, 0.8659812808036804 
55.0, 0.8694188594818115 
56.0, 0.8728564381599426 
57.0, 0.8763368129730225 
58.0, 0.8798389434814453 
59.0, 0.8833401799201965 
60.0, 0.8868423104286194 
61.0, 0.8903435468673706 
62.0, 0.8938456773757935 
63.0, 0.8982073068618774 
64.0, 0.9016706943511963 
65.0, 0.904323399066925 
66.0, 0.9069751501083374 
67.0, 0.9096278548240662 
68.0, 0.9122805595397949 
69.0, 0.9151021838188171 
70.0, 0.9181135892868042 
71.0, 0.9211249351501465 
72.0, 0.9241363406181335 
73.0, 0.9271476864814758 
74.0, 0.9301590919494629 
75.0, 0.9333721399307251 
76.0, 0.9369041323661804 
77.0, 0.9404351115226746 
78.0, 0.9432348608970642 
79.0, 0.944732129573822 
80.0, 0.9462293982505798 
81.0, 0.9481001496315002 
82.0, 0.9508492946624756 
83.0, 0.9535983800888062 
84.0, 0.9563474655151367 
85.0, 0.9590965509414673 
86.0, 0.9618456363677979 
87.0, 0.9645479917526245 
88.0, 0.967048704624176 
89.0, 0.9695484042167664 
90.0, 0.9720481634140015 
91.0, 0.9745478630065918 
92.0, 0.9770475625991821 
93.0, 0.9796108603477478 
94.0, 0.9829192757606506 
95.0, 0.9860469102859497 
96.0, 0.988573431968689 
97.0, 0.991100013256073 
98.0, 0.9936265349388123 
99.0, 0.9961530566215515 
100.0, 0.34563466885823907 
