Time(Seconds), Inputs 
0.0, 0.15480130910873413 
1.0, 0.3555452525615692 
2.0, 0.38281458616256714 
3.0, 0.4018167555332184 
4.0, 0.4199247658252716 
5.0, 0.4368872344493866 
6.0, 0.4520583748817444 
7.0, 0.46722954511642456 
8.0, 0.48117268085479736 
9.0, 0.49426138401031494 
10.0, 0.5073511004447937 
11.0, 0.519798994064331 
12.0, 0.5300760269165039 
13.0, 0.5403530597686768 
14.0, 0.5506290793418884 
15.0, 0.5607501268386841 
16.0, 0.5693680047988892 
17.0, 0.5779848694801331 
18.0, 0.5867775678634644 
19.0, 0.5971480011940002 
20.0, 0.6067325472831726 
21.0, 0.6155014038085938 
22.0, 0.6242712736129761 
23.0, 0.6330401301383972 
24.0, 0.6418099403381348 
25.0, 0.6494472026824951 
26.0, 0.6564635038375854 
27.0, 0.663479745388031 
28.0, 0.6704960465431213 
29.0, 0.6775133013725281 
30.0, 0.6845296025276184 
31.0, 0.691500186920166 
32.0, 0.6984399557113647 
33.0, 0.7053797245025635 
34.0, 0.7123185396194458 
35.0, 0.7186005711555481 
36.0, 0.7247862815856934 
37.0, 0.7309213280677795 
38.0, 0.7368149161338806 
39.0, 0.7427085041999817 
40.0, 0.7486020922660828 
41.0, 0.7544956803321838 
42.0, 0.7603893280029297 
43.0, 0.7662829160690308 
44.0, 0.7721765041351318 
45.0, 0.7774789333343506 
46.0, 0.7827615141868591 
47.0, 0.7880440950393677 
48.0, 0.793325662612915 
49.0, 0.7986082434654236 
50.0, 0.8038908243179321 
51.0, 0.8090144395828247 
52.0, 0.814051628112793 
53.0, 0.8189417719841003 
54.0, 0.8238050937652588 
55.0, 0.828667402267456 
56.0, 0.8335297107696533 
57.0, 0.8383930325508118 
58.0, 0.843255341053009 
59.0, 0.8481176495552063 
60.0, 0.8529809713363647 
61.0, 0.8577826619148254 
62.0, 0.8620508909225464 
63.0, 0.8663190603256226 
64.0, 0.8705862760543823 
65.0, 0.8748544454574585 
66.0, 0.8791226148605347 
67.0, 0.8832894563674927 
68.0, 0.8873152732849121 
69.0, 0.8913400173187256 
70.0, 0.8953657746315002 
71.0, 0.8993905782699585 
72.0, 0.9029672741889954 
73.0, 0.906488299369812 
74.0, 0.9100083708763123 
75.0, 0.9135294556617737 
76.0, 0.9170495271682739 
77.0, 0.9205705523490906 
78.0, 0.924091637134552 
79.0, 0.9276117086410522 
80.0, 0.9311327338218689 
81.0, 0.9346538186073303 
82.0, 0.9381738305091858 
83.0, 0.9422205090522766 
84.0, 0.9456203579902649 
85.0, 0.9489784836769104 
86.0, 0.9523375630378723 
87.0, 0.955696702003479 
88.0, 0.9590548276901245 
89.0, 0.9624139070510864 
90.0, 0.9657730460166931 
91.0, 0.969132125377655 
92.0, 0.9724902510643005 
93.0, 0.9758493900299072 
94.0, 0.9792084693908691 
95.0, 0.9825676083564758 
96.0, 0.9855660796165466 
97.0, 0.9878422021865845 
98.0, 0.9901193976402283 
99.0, 0.9923955798149109 
100.0, 0.12991027895707272 
