Time(Seconds), Inputs 
0.0, 0.2320171743631363 
1.0, 0.2882626950740814 
2.0, 0.32347720861434937 
3.0, 0.35119858384132385 
4.0, 0.3755966126918793 
5.0, 0.3984546661376953 
6.0, 0.41562777757644653 
7.0, 0.43680280447006226 
8.0, 0.45543837547302246 
9.0, 0.4717997610569 
10.0, 0.4881601631641388 
11.0, 0.5031455159187317 
12.0, 0.5180116295814514 
13.0, 0.5327546000480652 
14.0, 0.5452173352241516 
15.0, 0.5587283372879028 
16.0, 0.5729854106903076 
17.0, 0.5850974917411804 
18.0, 0.59690260887146 
19.0, 0.6087076663970947 
20.0, 0.6203597187995911 
21.0, 0.6310103535652161 
22.0, 0.6416599154472351 
23.0, 0.6521148085594177 
24.0, 0.6612502932548523 
25.0, 0.6712064146995544 
26.0, 0.6811953186988831 
27.0, 0.6911842226982117 
28.0, 0.7011731266975403 
29.0, 0.7091551423072815 
30.0, 0.7162419557571411 
31.0, 0.7233278155326843 
32.0, 0.7316604852676392 
33.0, 0.7405754327774048 
34.0, 0.7488753199577332 
35.0, 0.7556620836257935 
36.0, 0.7624498605728149 
37.0, 0.7692366242408752 
38.0, 0.7760244011878967 
39.0, 0.7828112244606018 
40.0, 0.7892392873764038 
41.0, 0.7951061129570007 
42.0, 0.8010155558586121 
43.0, 0.8069250583648682 
44.0, 0.8128355741500854 
45.0, 0.8187450766563416 
46.0, 0.8246545791625977 
47.0, 0.8305650353431702 
48.0, 0.8337413668632507 
49.0, 0.8376618027687073 
50.0, 0.8427109122276306 
51.0, 0.847760021686554 
52.0, 0.8528090715408325 
53.0, 0.8578581809997559 
54.0, 0.8629072904586792 
55.0, 0.8679563999176025 
56.0, 0.8730055093765259 
57.0, 0.874398410320282 
58.0, 0.8781906962394714 
59.0, 0.8819829821586609 
60.0, 0.8857752680778503 
61.0, 0.8895675539970398 
62.0, 0.8933588862419128 
63.0, 0.8971511721611023 
64.0, 0.9009434580802917 
65.0, 0.9047357439994812 
66.0, 0.9092731475830078 
67.0, 0.9139527082443237 
68.0, 0.9186311960220337 
69.0, 0.9213107228279114 
70.0, 0.9237935543060303 
71.0, 0.9262773990631104 
72.0, 0.9287601709365845 
73.0, 0.9312430024147034 
74.0, 0.9338828325271606 
75.0, 0.9367660284042358 
76.0, 0.9396502375602722 
77.0, 0.9425334334373474 
78.0, 0.9454176425933838 
79.0, 0.9483008980751038 
80.0, 0.9511851072311401 
81.0, 0.9540683031082153 
82.0, 0.9569525122642517 
83.0, 0.9624775052070618 
84.0, 0.9649960994720459 
85.0, 0.9675156474113464 
86.0, 0.9700352549552917 
87.0, 0.9725548624992371 
88.0, 0.9750744104385376 
89.0, 0.9775940179824829 
90.0, 0.9801135659217834 
91.0, 0.982393741607666 
92.0, 0.9843778014183044 
93.0, 0.9863608479499817 
94.0, 0.9883449673652649 
95.0, 0.9903290271759033 
96.0, 0.9923120737075806 
97.0, 0.9942961931228638 
98.0, 0.9962802529335022 
99.0, 0.9982632994651794 
100.0, 0.2491834831522873 
