Time(Seconds), Inputs 
0.0, 0.26205942034721375 
1.0, 0.3233947455883026 
2.0, 0.35612449049949646 
3.0, 0.3830420970916748 
4.0, 0.40392401814460754 
5.0, 0.42322227358818054 
6.0, 0.4425314664840698 
7.0, 0.46185752749443054 
8.0, 0.4802546501159668 
9.0, 0.4936732351779938 
10.0, 0.507091760635376 
11.0, 0.5205103754997253 
12.0, 0.5331330895423889 
13.0, 0.5457220673561096 
14.0, 0.5579166412353516 
15.0, 0.5698498487472534 
16.0, 0.5815714597702026 
17.0, 0.5932931303977966 
18.0, 0.6050147414207458 
19.0, 0.6152957081794739 
20.0, 0.6253055334091187 
21.0, 0.6353152990341187 
22.0, 0.6453240513801575 
23.0, 0.6543899774551392 
24.0, 0.6632124781608582 
25.0, 0.6720359921455383 
26.0, 0.6808585524559021 
27.0, 0.6896820068359375 
28.0, 0.6978945136070251 
29.0, 0.7057910561561584 
30.0, 0.7136866450309753 
31.0, 0.7215831875801086 
32.0, 0.7294787168502808 
33.0, 0.7372480630874634 
34.0, 0.7440805435180664 
35.0, 0.7509130239486694 
36.0, 0.7577465176582336 
37.0, 0.7645789980888367 
38.0, 0.7714114785194397 
39.0, 0.7782439589500427 
40.0, 0.7828817367553711 
41.0, 0.7874281406402588 
42.0, 0.7924414277076721 
43.0, 0.7987582683563232 
44.0, 0.8050751090049744 
45.0, 0.8113919496536255 
46.0, 0.8177087903022766 
47.0, 0.8233103156089783 
48.0, 0.8278884887695312 
49.0, 0.832465648651123 
50.0, 0.837043821811676 
51.0, 0.8416209816932678 
52.0, 0.8462011814117432 
53.0, 0.8507813215255737 
54.0, 0.8553614616394043 
55.0, 0.859942615032196 
56.0, 0.8644909858703613 
57.0, 0.8682832717895508 
58.0, 0.8720755577087402 
59.0, 0.8758678436279297 
60.0, 0.8796601295471191 
61.0, 0.883543848991394 
62.0, 0.887811005115509 
63.0, 0.8920772075653076 
64.0, 0.8963444232940674 
65.0, 0.9006116390228271 
66.0, 0.9048787951469421 
67.0, 0.908145546913147 
68.0, 0.9101623892784119 
69.0, 0.9121802449226379 
70.0, 0.9141970872879028 
71.0, 0.9168825745582581 
72.0, 0.9199337363243103 
73.0, 0.9229848384857178 
74.0, 0.9260359406471252 
75.0, 0.9290870428085327 
76.0, 0.932138204574585 
77.0, 0.9351893067359924 
78.0, 0.9382394552230835 
79.0, 0.941290557384491 
80.0, 0.9447788000106812 
81.0, 0.9507608413696289 
82.0, 0.9530439376831055 
83.0, 0.9553270936012268 
84.0, 0.9576112031936646 
85.0, 0.9598942995071411 
86.0, 0.9621774554252625 
87.0, 0.9644615650177002 
88.0, 0.9667447209358215 
89.0, 0.9690278172492981 
90.0, 0.9714311361312866 
91.0, 0.9739358425140381 
92.0, 0.976441502571106 
93.0, 0.9789462089538574 
94.0, 0.9814518690109253 
95.0, 0.983956515789032 
96.0, 0.9864622354507446 
97.0, 0.9889668822288513 
98.0, 0.9914725422859192 
99.0, 0.9915361404418945 
100.0, 0.22081511162966969 
