Time(Seconds), Inputs 
0.0, 0.22097811102867126 
1.0, 0.28429651260375977 
2.0, 0.318311870098114 
3.0, 0.34742021560668945 
4.0, 0.3717566430568695 
5.0, 0.3951273560523987 
6.0, 0.41513895988464355 
7.0, 0.43504026532173157 
8.0, 0.4519113600254059 
9.0, 0.46873173117637634 
10.0, 0.48427942395210266 
11.0, 0.49955588579177856 
12.0, 0.5148323774337769 
13.0, 0.5290864706039429 
14.0, 0.5428418517112732 
15.0, 0.5565962195396423 
16.0, 0.5697057843208313 
17.0, 0.5821536779403687 
18.0, 0.5933318734169006 
19.0, 0.6045089960098267 
20.0, 0.6157189607620239 
21.0, 0.6269299387931824 
22.0, 0.6381418704986572 
23.0, 0.6491252779960632 
24.0, 0.6585419178009033 
25.0, 0.6678999662399292 
26.0, 0.6770006418228149 
27.0, 0.6861023306846619 
28.0, 0.6945920586585999 
29.0, 0.7024796605110168 
30.0, 0.7103662490844727 
31.0, 0.7182528376579285 
32.0, 0.7261404395103455 
33.0, 0.7340648174285889 
34.0, 0.741134762763977 
35.0, 0.748203694820404 
36.0, 0.7552736401557922 
37.0, 0.7623435854911804 
38.0, 0.7694135308265686 
39.0, 0.7763661742210388 
40.0, 0.7816785573959351 
41.0, 0.787020742893219 
42.0, 0.7924185991287231 
43.0, 0.7978164553642273 
44.0, 0.8032132387161255 
45.0, 0.8086110949516296 
46.0, 0.814008891582489 
47.0, 0.8192805647850037 
48.0, 0.8237057328224182 
49.0, 0.8282034397125244 
50.0, 0.8328074216842651 
51.0, 0.837412416934967 
52.0, 0.8420163989067078 
53.0, 0.8466213941574097 
54.0, 0.8512254357337952 
55.0, 0.8558294177055359 
56.0, 0.8604344129562378 
57.0, 0.8631298542022705 
58.0, 0.8667870163917542 
59.0, 0.8704431653022766 
60.0, 0.8740993738174438 
61.0, 0.8777555227279663 
62.0, 0.8814117312431335 
63.0, 0.885067880153656 
64.0, 0.8887240886688232 
65.0, 0.8925322890281677 
66.0, 0.8964646458625793 
67.0, 0.9003960490226746 
68.0, 0.9042598605155945 
69.0, 0.9070168733596802 
70.0, 0.9097738862037659 
71.0, 0.9125309586524963 
72.0, 0.9152889847755432 
73.0, 0.9180002808570862 
74.0, 0.9206858277320862 
75.0, 0.9233713150024414 
76.0, 0.9260568022727966 
77.0, 0.9287422895431519 
78.0, 0.9314278364181519 
79.0, 0.9341133236885071 
80.0, 0.9367988109588623 
81.0, 0.9402672052383423 
82.0, 0.9440932869911194 
83.0, 0.9475259184837341 
84.0, 0.9500187039375305 
85.0, 0.9525114297866821 
86.0, 0.9550042152404785 
87.0, 0.9574969410896301 
88.0, 0.9599897265434265 
89.0, 0.9621863961219788 
90.0, 0.9643045663833618 
91.0, 0.9664217829704285 
92.0, 0.9685400128364563 
93.0, 0.9706581830978394 
94.0, 0.9727764129638672 
95.0, 0.9748935699462891 
96.0, 0.9770117998123169 
97.0, 0.9809839129447937 
98.0, 0.9852352142333984 
99.0, 0.9894875288009644 
100.0, 0.2658566081443031 
