Time(Seconds), Inputs 
0.0, 0.07475986331701279 
1.0, 0.2754909098148346 
2.0, 0.31488025188446045 
3.0, 0.34764474630355835 
4.0, 0.3745434880256653 
5.0, 0.3979708254337311 
6.0, 0.4213047921657562 
7.0, 0.44196614623069763 
8.0, 0.4617641568183899 
9.0, 0.48053285479545593 
10.0, 0.49881869554519653 
11.0, 0.5151850581169128 
12.0, 0.5300541520118713 
13.0, 0.5460002422332764 
14.0, 0.5608842968940735 
15.0, 0.5749078989028931 
16.0, 0.5889325141906738 
17.0, 0.6024027466773987 
18.0, 0.6146648526191711 
19.0, 0.6267709732055664 
20.0, 0.6387727856636047 
21.0, 0.6490805745124817 
22.0, 0.6593874096870422 
23.0, 0.669695258140564 
24.0, 0.6814606189727783 
25.0, 0.6900923848152161 
26.0, 0.698724091053009 
27.0, 0.7073558568954468 
28.0, 0.7159886360168457 
29.0, 0.7227644920349121 
30.0, 0.7310882210731506 
31.0, 0.7394120097160339 
32.0, 0.7477357387542725 
33.0, 0.7560604810714722 
34.0, 0.7643842697143555 
35.0, 0.7687816023826599 
36.0, 0.7745093107223511 
37.0, 0.7802369594573975 
38.0, 0.7859646677970886 
39.0, 0.7916913628578186 
40.0, 0.797419011592865 
41.0, 0.8027353882789612 
42.0, 0.8075142502784729 
43.0, 0.8124908208847046 
44.0, 0.8175051212310791 
45.0, 0.8225184679031372 
46.0, 0.8275318145751953 
47.0, 0.8321616053581238 
48.0, 0.836539089679718 
49.0, 0.8409175872802734 
50.0, 0.8452950716018677 
51.0, 0.8496725559234619 
52.0, 0.8530187010765076 
53.0, 0.8566917777061462 
54.0, 0.8606112599372864 
55.0, 0.8645297288894653 
56.0, 0.8684492111206055 
57.0, 0.8723676800727844 
58.0, 0.8762871026992798 
59.0, 0.8799780607223511 
60.0, 0.8836491703987122 
61.0, 0.8873212337493896 
62.0, 0.8909932971000671 
63.0, 0.8937294483184814 
64.0, 0.8950011730194092 
65.0, 0.8981297612190247 
66.0, 0.9012594223022461 
67.0, 0.9043880105018616 
68.0, 0.907516598701477 
69.0, 0.9106452465057373 
70.0, 0.9136496782302856 
71.0, 0.9162437319755554 
72.0, 0.91883784532547 
73.0, 0.9214319586753845 
74.0, 0.9240270256996155 
75.0, 0.92662113904953 
76.0, 0.9305972456932068 
77.0, 0.9362404346466064 
78.0, 0.9388543963432312 
79.0, 0.9414684176445007 
80.0, 0.9440833330154419 
81.0, 0.9466972947120667 
82.0, 0.9491721987724304 
83.0, 0.951513946056366 
84.0, 0.9538556933403015 
85.0, 0.9561983942985535 
86.0, 0.958540141582489 
87.0, 0.9608829021453857 
88.0, 0.9638316631317139 
89.0, 0.9670695662498474 
90.0, 0.970307469367981 
91.0, 0.9735453724861145 
92.0, 0.976783275604248 
93.0, 0.9783421158790588 
94.0, 0.9803301692008972 
95.0, 0.9826659560203552 
96.0, 0.9850017428398132 
97.0, 0.9873375296592712 
98.0, 0.9896742701530457 
99.0, 0.9920100569725037 
100.0, 0.36067050191833555 
