Time(Seconds), Inputs 
0.0, 0.04137738421559334 
1.0, 0.2672754228115082 
2.0, 0.3098788261413574 
3.0, 0.342848002910614 
4.0, 0.37266671657562256 
5.0, 0.396694153547287 
6.0, 0.4251616597175598 
7.0, 0.4465532600879669 
8.0, 0.4678485095500946 
9.0, 0.4889301359653473 
10.0, 0.5087141990661621 
11.0, 0.525436282157898 
12.0, 0.5440569519996643 
13.0, 0.5610531568527222 
14.0, 0.5775198936462402 
15.0, 0.5932881236076355 
16.0, 0.6050405502319336 
17.0, 0.6190264225006104 
18.0, 0.6330699324607849 
19.0, 0.6446564197540283 
20.0, 0.6559736728668213 
21.0, 0.6672899127006531 
22.0, 0.6788396835327148 
23.0, 0.6887391805648804 
24.0, 0.6986376643180847 
25.0, 0.7085362076759338 
26.0, 0.7184346914291382 
27.0, 0.7249701023101807 
28.0, 0.7326610088348389 
29.0, 0.7403518557548523 
30.0, 0.7480427622795105 
31.0, 0.7557346224784851 
32.0, 0.7647657990455627 
33.0, 0.7708501219749451 
34.0, 0.776933491230011 
35.0, 0.7830168604850769 
36.0, 0.7891002297401428 
37.0, 0.7951498031616211 
38.0, 0.8010791540145874 
39.0, 0.8067055344581604 
40.0, 0.8106527924537659 
41.0, 0.8145990967750549 
42.0, 0.8185821175575256 
43.0, 0.8233103156089783 
44.0, 0.8280375003814697 
45.0, 0.8327656984329224 
46.0, 0.8374928832054138 
47.0, 0.8422210812568665 
48.0, 0.8466998934745789 
49.0, 0.8503590822219849 
50.0, 0.8531707525253296 
51.0, 0.8559824228286743 
52.0, 0.8587951064109802 
53.0, 0.8621055483818054 
54.0, 0.8656682968139648 
55.0, 0.8692320585250854 
56.0, 0.8727948665618896 
57.0, 0.8763586282730103 
58.0, 0.8800565600395203 
59.0, 0.8838895559310913 
60.0, 0.8877226114273071 
61.0, 0.8915556073188782 
62.0, 0.8953667879104614 
63.0, 0.8988381624221802 
64.0, 0.9015008211135864 
65.0, 0.9041624665260315 
66.0, 0.9068251252174377 
67.0, 0.9094867706298828 
68.0, 0.9122170209884644 
69.0, 0.9154688119888306 
70.0, 0.9187206029891968 
71.0, 0.9219724535942078 
72.0, 0.925224244594574 
73.0, 0.9284760355949402 
74.0, 0.9311197996139526 
75.0, 0.9337179064750671 
76.0, 0.9363735914230347 
77.0, 0.9390720129013062 
78.0, 0.9417704343795776 
79.0, 0.9442324042320251 
80.0, 0.9466069340705872 
81.0, 0.9489824175834656 
82.0, 0.9513569474220276 
83.0, 0.9537314772605896 
84.0, 0.9566007852554321 
85.0, 0.959843635559082 
86.0, 0.9630874991416931 
87.0, 0.9663313627243042 
88.0, 0.9695742726325989 
89.0, 0.9728946089744568 
90.0, 0.9763441681861877 
91.0, 0.9793475866317749 
92.0, 0.9820469617843628 
93.0, 0.9847463965415955 
94.0, 0.9873275756835938 
95.0, 0.9893950819969177 
96.0, 0.9914626479148865 
97.0, 0.9935311675071716 
98.0, 0.9955986738204956 
99.0, 0.9976661801338196 
100.0, 0.4064486733464203 
