Time(Seconds), Inputs 
0.0, 0.18919917941093445 
1.0, 0.26060688495635986 
2.0, 0.3034815192222595 
3.0, 0.3375823199748993 
4.0, 0.3693542778491974 
5.0, 0.3957751393318176 
6.0, 0.42066097259521484 
7.0, 0.44496360421180725 
8.0, 0.466115802526474 
9.0, 0.486797034740448 
10.0, 0.5062194466590881 
11.0, 0.5255266427993774 
12.0, 0.541999340057373 
13.0, 0.5575370788574219 
14.0, 0.5755765438079834 
15.0, 0.5902459621429443 
16.0, 0.6049153804779053 
17.0, 0.6188555359840393 
18.0, 0.6300297379493713 
19.0, 0.6422808766365051 
20.0, 0.6545320749282837 
21.0, 0.6662209033966064 
22.0, 0.677501380443573 
23.0, 0.6875161528587341 
24.0, 0.696485698223114 
25.0, 0.705234706401825 
26.0, 0.7135425806045532 
27.0, 0.7218503952026367 
28.0, 0.7296178340911865 
29.0, 0.7372133135795593 
30.0, 0.7448098063468933 
31.0, 0.7503377795219421 
32.0, 0.7557435631752014 
33.0, 0.762698233127594 
34.0, 0.7697066068649292 
35.0, 0.7767159342765808 
36.0, 0.7837252616882324 
37.0, 0.7872701287269592 
38.0, 0.791735053062439 
39.0, 0.7961999773979187 
40.0, 0.8006648421287537 
41.0, 0.8051307797431946 
42.0, 0.8098102807998657 
43.0, 0.8148285746574402 
44.0, 0.8198468685150146 
45.0, 0.8248651623725891 
46.0, 0.8298844695091248 
47.0, 0.8357860445976257 
48.0, 0.838991105556488 
49.0, 0.8421952724456787 
50.0, 0.8454003930091858 
51.0, 0.8486055135726929 
52.0, 0.852609395980835 
53.0, 0.8567633032798767 
54.0, 0.860916256904602 
55.0, 0.8650702238082886 
56.0, 0.8691178560256958 
57.0, 0.871550977230072 
58.0, 0.8740198612213135 
59.0, 0.8766517639160156 
60.0, 0.8792825937271118 
61.0, 0.8820674419403076 
62.0, 0.8852556943893433 
63.0, 0.8884438872337341 
64.0, 0.8916311264038086 
65.0, 0.8948193788528442 
66.0, 0.8983165621757507 
67.0, 0.9021406769752502 
68.0, 0.9059657454490662 
69.0, 0.9097908139228821 
70.0, 0.913615882396698 
71.0, 0.9172114729881287 
72.0, 0.9196048378944397 
73.0, 0.9219982624053955 
74.0, 0.9243906736373901 
75.0, 0.926784098148346 
76.0, 0.9293304681777954 
77.0, 0.9318917989730835 
78.0, 0.934454083442688 
79.0, 0.9370164275169373 
80.0, 0.9396621584892273 
81.0, 0.9428474307060242 
82.0, 0.9460316300392151 
83.0, 0.949216902256012 
84.0, 0.9524021744728088 
85.0, 0.9575496315956116 
86.0, 0.9608689546585083 
87.0, 0.9630129933357239 
88.0, 0.9651560187339783 
89.0, 0.9673000574111938 
90.0, 0.969850480556488 
91.0, 0.9727317094802856 
92.0, 0.9756128787994385 
93.0, 0.9784951210021973 
94.0, 0.9813763499259949 
95.0, 0.9845019578933716 
96.0, 0.987697184085846 
97.0, 0.9908923506736755 
98.0, 0.9940875172615051 
99.0, 0.9972826838493347 
100.0, 0.44060824650079417 
