Time(Seconds), Inputs 
0.0, 0.23049409687519073 
1.0, 0.2890127897262573 
2.0, 0.3226267695426941 
3.0, 0.3516824245452881 
4.0, 0.3748455047607422 
5.0, 0.39686304330825806 
6.0, 0.41767045855522156 
7.0, 0.43804866075515747 
8.0, 0.4564765989780426 
9.0, 0.47383150458335876 
10.0, 0.490847647190094 
11.0, 0.5063893795013428 
12.0, 0.5214253664016724 
13.0, 0.5359000563621521 
14.0, 0.5495640635490417 
15.0, 0.5632280111312866 
16.0, 0.5767787098884583 
17.0, 0.5900184512138367 
18.0, 0.6032581925392151 
19.0, 0.6163707375526428 
20.0, 0.6267908215522766 
21.0, 0.6372109055519104 
22.0, 0.647631049156189 
23.0, 0.6580511331558228 
24.0, 0.6674041748046875 
25.0, 0.676702618598938 
26.0, 0.6860000491142273 
27.0, 0.6954643726348877 
28.0, 0.704784631729126 
29.0, 0.7129682898521423 
30.0, 0.7211509943008423 
31.0, 0.7293346524238586 
32.0, 0.7375173568725586 
33.0, 0.7454814314842224 
34.0, 0.7526904940605164 
35.0, 0.7597842216491699 
36.0, 0.7666345834732056 
37.0, 0.7734859585762024 
38.0, 0.780336320400238 
39.0, 0.7870843410491943 
40.0, 0.792883574962616 
41.0, 0.7986828088760376 
42.0, 0.8044819831848145 
43.0, 0.8102822303771973 
44.0, 0.8160853981971741 
45.0, 0.8218885660171509 
46.0, 0.8276907801628113 
47.0, 0.8324288725852966 
48.0, 0.8368024230003357 
49.0, 0.84117591381073 
50.0, 0.8455483913421631 
51.0, 0.8502070307731628 
52.0, 0.8550843000411987 
53.0, 0.8599615097045898 
54.0, 0.864838719367981 
55.0, 0.8697159290313721 
56.0, 0.8736105561256409 
57.0, 0.8767550587654114 
58.0, 0.8799005746841431 
59.0, 0.8835289478302002 
60.0, 0.8874027132987976 
61.0, 0.8912774324417114 
62.0, 0.8951511979103088 
63.0, 0.8990259766578674 
64.0, 0.9028996825218201 
65.0, 0.9067744612693787 
66.0, 0.9106482267379761 
67.0, 0.9146759510040283 
68.0, 0.9174538850784302 
69.0, 0.9202327728271484 
70.0, 0.9230106472969055 
71.0, 0.9257895350456238 
72.0, 0.928568422794342 
73.0, 0.9313463568687439 
74.0, 0.9341252446174622 
75.0, 0.937103807926178 
76.0, 0.9400953650474548 
77.0, 0.9430858492851257 
78.0, 0.9460773468017578 
79.0, 0.9490678906440735 
80.0, 0.9520593881607056 
81.0, 0.9550498723983765 
82.0, 0.9573011994361877 
83.0, 0.9594204425811768 
84.0, 0.961539626121521 
85.0, 0.9636588096618652 
86.0, 0.9657790064811707 
87.0, 0.9678981900215149 
88.0, 0.9700173735618591 
89.0, 0.9721365571022034 
90.0, 0.9743590950965881 
91.0, 0.9770724177360535 
92.0, 0.9797866940498352 
93.0, 0.9825000166893005 
94.0, 0.985214352607727 
95.0, 0.9879286289215088 
96.0, 0.9906419515609741 
97.0, 0.9933562874794006 
98.0, 0.9963100552558899 
99.0, 0.9997873902320862 
100.0, 0.267662100417733 
