Time(Seconds), Inputs 
0.0, 0.20369473099708557 
1.0, 0.27425792813301086 
2.0, 0.3136313855648041 
3.0, 0.3458583950996399 
4.0, 0.3745703101158142 
5.0, 0.396480530500412 
6.0, 0.42028045654296875 
7.0, 0.44148826599121094 
8.0, 0.4622519612312317 
9.0, 0.4799198508262634 
10.0, 0.49758872389793396 
11.0, 0.5137622952461243 
12.0, 0.5307347178459167 
13.0, 0.5472530722618103 
14.0, 0.5607610940933228 
15.0, 0.5742700695991516 
16.0, 0.5877790451049805 
17.0, 0.6014876961708069 
18.0, 0.6134139895439148 
19.0, 0.6252796649932861 
20.0, 0.6367430090904236 
21.0, 0.6478416919708252 
22.0, 0.6589413285255432 
23.0, 0.6700400114059448 
24.0, 0.6797964572906494 
25.0, 0.6889070868492126 
26.0, 0.6980167031288147 
27.0, 0.7071263790130615 
28.0, 0.7162359952926636 
29.0, 0.7238682508468628 
30.0, 0.731322705745697 
31.0, 0.7385227680206299 
32.0, 0.7457228899002075 
33.0, 0.7529229521751404 
34.0, 0.7599263191223145 
35.0, 0.7657454013824463 
36.0, 0.7715902924537659 
37.0, 0.7779995799064636 
38.0, 0.7844088077545166 
39.0, 0.7908170223236084 
40.0, 0.7972262501716614 
41.0, 0.8029539585113525 
42.0, 0.8069588541984558 
43.0, 0.8116006255149841 
44.0, 0.8164450526237488 
45.0, 0.8212894797325134 
46.0, 0.8261339068412781 
47.0, 0.8309783339500427 
48.0, 0.8358227610588074 
49.0, 0.8414551019668579 
50.0, 0.8461952209472656 
51.0, 0.8493188619613647 
52.0, 0.8524425029754639 
53.0, 0.855566143989563 
54.0, 0.8586897850036621 
55.0, 0.8619982004165649 
56.0, 0.8663021922111511 
57.0, 0.8706061244010925 
58.0, 0.8749100565910339 
59.0, 0.8792150616645813 
60.0, 0.8835189938545227 
61.0, 0.8872655630111694 
62.0, 0.8899520635604858 
63.0, 0.8930926322937012 
64.0, 0.8962341547012329 
65.0, 0.8993746638298035 
66.0, 0.9025152325630188 
67.0, 0.9056567549705505 
68.0, 0.9087992906570435 
69.0, 0.9119447469711304 
70.0, 0.9150892496109009 
71.0, 0.9182347655296326 
72.0, 0.9213792681694031 
73.0, 0.9245247840881348 
74.0, 0.9298749566078186 
75.0, 0.9322375655174255 
76.0, 0.9345077276229858 
77.0, 0.9367779493331909 
78.0, 0.9390471577644348 
79.0, 0.9413173794746399 
80.0, 0.943587601184845 
81.0, 0.9464449882507324 
82.0, 0.9493381381034851 
83.0, 0.9522322416305542 
84.0, 0.9551264047622681 
85.0, 0.9580195546150208 
86.0, 0.9609136581420898 
87.0, 0.9636627435684204 
88.0, 0.9663204550743103 
89.0, 0.9689791202545166 
90.0, 0.9716368317604065 
91.0, 0.973904013633728 
92.0, 0.9759050011634827 
93.0, 0.9781086444854736 
94.0, 0.9807693362236023 
95.0, 0.9834299683570862 
96.0, 0.9860906600952148 
97.0, 0.9887512922286987 
98.0, 0.9914119839668274 
99.0, 0.9940726161003113 
100.0, 0.334303501547869 
