Time(Seconds), Inputs 
0.0, 0.19380217790603638 
1.0, 0.26701611280441284 
2.0, 0.30705422163009644 
3.0, 0.3400164544582367 
4.0, 0.3695867657661438 
5.0, 0.39349597692489624 
6.0, 0.4165000915527344 
7.0, 0.43778738379478455 
8.0, 0.45833051204681396 
9.0, 0.4767782986164093 
10.0, 0.4952270984649658 
11.0, 0.5148422718048096 
12.0, 0.5327684879302979 
13.0, 0.5486003160476685 
14.0, 0.563656210899353 
15.0, 0.5787131190299988 
16.0, 0.5925330519676208 
17.0, 0.6058055758476257 
18.0, 0.6180776357650757 
19.0, 0.6299472451210022 
20.0, 0.6413668394088745 
21.0, 0.6527864336967468 
22.0, 0.6642060279846191 
23.0, 0.6735809445381165 
24.0, 0.6830452680587769 
25.0, 0.6925086379051208 
26.0, 0.7019719481468201 
27.0, 0.7114352583885193 
28.0, 0.7198355793952942 
29.0, 0.7280768752098083 
30.0, 0.7355789542198181 
31.0, 0.7430821061134338 
32.0, 0.7505851984024048 
33.0, 0.757150411605835 
34.0, 0.7627350091934204 
35.0, 0.7685819268226624 
36.0, 0.7750348448753357 
37.0, 0.781488835811615 
38.0, 0.7879427671432495 
39.0, 0.7943957448005676 
40.0, 0.7995352149009705 
41.0, 0.8040508031845093 
42.0, 0.8090164661407471 
43.0, 0.8139811158180237 
44.0, 0.8189467191696167 
45.0, 0.8239123821258545 
46.0, 0.8288780450820923 
47.0, 0.8335803747177124 
48.0, 0.8381168246269226 
49.0, 0.8420959115028381 
50.0, 0.8456924557685852 
51.0, 0.849289059638977 
52.0, 0.8528856039047241 
53.0, 0.856523871421814 
54.0, 0.8601741194725037 
55.0, 0.8638253211975098 
56.0, 0.8674755096435547 
57.0, 0.8711267113685608 
58.0, 0.8747769594192505 
59.0, 0.8786646127700806 
60.0, 0.8825751543045044 
61.0, 0.885374903678894 
62.0, 0.8881269693374634 
63.0, 0.8908780217170715 
64.0, 0.893657922744751 
65.0, 0.8967894911766052 
66.0, 0.8999211192131042 
67.0, 0.9030517339706421 
68.0, 0.9061833024024963 
69.0, 0.9093149304389954 
70.0, 0.9123918414115906 
71.0, 0.9152780771255493 
72.0, 0.9181642532348633 
73.0, 0.9210504293441772 
74.0, 0.9239356517791748 
75.0, 0.9267930388450623 
76.0, 0.9296345114707947 
77.0, 0.9325077533721924 
78.0, 0.935382068157196 
79.0, 0.9382553100585938 
80.0, 0.9411296248435974 
81.0, 0.9440028667449951 
82.0, 0.9466078877449036 
83.0, 0.9489704966545105 
84.0, 0.9513331055641174 
85.0, 0.9536957144737244 
86.0, 0.9560583233833313 
87.0, 0.9584219455718994 
88.0, 0.9630070328712463 
89.0, 0.9683572053909302 
90.0, 0.9701822996139526 
91.0, 0.9720084071159363 
92.0, 0.9738335013389587 
93.0, 0.9756596088409424 
94.0, 0.9783799052238464 
95.0, 0.9812481999397278 
96.0, 0.9841164946556091 
97.0, 0.9869838356971741 
98.0, 0.9898521304130554 
99.0, 0.9927204251289368 
100.0, 0.36056830424248104 
