Time(Seconds), Inputs 
0.0, 0.2625770568847656 
1.0, 0.32100731134414673 
2.0, 0.3522070050239563 
3.0, 0.3736095726490021 
4.0, 0.39494454860687256 
5.0, 0.413324773311615 
6.0, 0.4317060112953186 
7.0, 0.446933776140213 
8.0, 0.46120378375053406 
9.0, 0.4754748046398163 
10.0, 0.48862510919570923 
11.0, 0.5014644861221313 
12.0, 0.5143048167228699 
13.0, 0.5262370109558105 
14.0, 0.5371280908584595 
15.0, 0.5480191111564636 
16.0, 0.560133159160614 
17.0, 0.5706039667129517 
18.0, 0.5803514122962952 
19.0, 0.5900979042053223 
20.0, 0.5998454093933105 
21.0, 0.6092233061790466 
22.0, 0.6178610324859619 
23.0, 0.626497745513916 
24.0, 0.6351344585418701 
25.0, 0.6437711715698242 
26.0, 0.6532554030418396 
27.0, 0.6614599227905273 
28.0, 0.669163703918457 
29.0, 0.6768675446510315 
30.0, 0.6845713257789612 
31.0, 0.6922473311424255 
32.0, 0.699662983417511 
33.0, 0.7070786952972412 
34.0, 0.7144953608512878 
35.0, 0.7219110131263733 
36.0, 0.7293267250061035 
37.0, 0.7349868416786194 
38.0, 0.7404194474220276 
39.0, 0.7469478845596313 
40.0, 0.7534763216972351 
41.0, 0.7600058317184448 
42.0, 0.7665342688560486 
43.0, 0.7730627059936523 
44.0, 0.7790566682815552 
45.0, 0.784371018409729 
46.0, 0.789686381816864 
47.0, 0.7950007915496826 
48.0, 0.8003151416778564 
49.0, 0.805850088596344 
50.0, 0.8115479350090027 
51.0, 0.817244827747345 
52.0, 0.8222760558128357 
53.0, 0.8269277215003967 
54.0, 0.831580400466919 
55.0, 0.8362330794334412 
56.0, 0.840884804725647 
57.0, 0.8455374836921692 
58.0, 0.8501901626586914 
59.0, 0.8548418283462524 
60.0, 0.8595442175865173 
61.0, 0.863865077495575 
62.0, 0.867756724357605 
63.0, 0.8716483116149902 
64.0, 0.8755399584770203 
65.0, 0.8794326186180115 
66.0, 0.8833242654800415 
67.0, 0.8872159123420715 
68.0, 0.891108512878418 
69.0, 0.895000159740448 
70.0, 0.898891806602478 
71.0, 0.9026404023170471 
72.0, 0.9060889482498169 
73.0, 0.9095066785812378 
74.0, 0.9129244089126587 
75.0, 0.9163421392440796 
76.0, 0.9197598695755005 
77.0, 0.9231775999069214 
78.0, 0.9265962839126587 
79.0, 0.9300140142440796 
80.0, 0.9334317445755005 
81.0, 0.9368494749069214 
82.0, 0.9402801394462585 
83.0, 0.9437564611434937 
84.0, 0.9471920728683472 
85.0, 0.9497534036636353 
86.0, 0.9523156881332397 
87.0, 0.9548770189285278 
88.0, 0.9574383497238159 
89.0, 0.9600006341934204 
90.0, 0.9625619649887085 
91.0, 0.965124249458313 
92.0, 0.9676855802536011 
93.0, 0.9703372716903687 
94.0, 0.9735602736473083 
95.0, 0.9767822623252869 
96.0, 0.9800043106079102 
97.0, 0.9832262992858887 
98.0, 0.9864482879638672 
99.0, 0.9896703362464905 
100.0, 0.1894851366255179 
