Time(Seconds), Inputs 
0.0, 0.13702315092086792 
1.0, 0.3622078597545624 
2.0, 0.3865860104560852 
3.0, 0.4090367257595062 
4.0, 0.4285714328289032 
5.0, 0.44736793637275696 
6.0, 0.4617611765861511 
7.0, 0.4761543869972229 
8.0, 0.49006375670433044 
9.0, 0.5019006133079529 
10.0, 0.5137374997138977 
11.0, 0.5255733728408813 
12.0, 0.5363650321960449 
13.0, 0.5464503169059753 
14.0, 0.5565356016159058 
15.0, 0.5673392415046692 
16.0, 0.5773420333862305 
17.0, 0.5862857699394226 
18.0, 0.5952295064926147 
19.0, 0.6041731834411621 
20.0, 0.6131169199943542 
21.0, 0.6215460300445557 
22.0, 0.6298002004623413 
23.0, 0.6380544304847717 
24.0, 0.6463086605072021 
25.0, 0.6545628905296326 
26.0, 0.66209876537323 
27.0, 0.6691438555717468 
28.0, 0.6761889457702637 
29.0, 0.6832350492477417 
30.0, 0.6911266446113586 
31.0, 0.6993569731712341 
32.0, 0.7063196301460266 
33.0, 0.7130925059318542 
34.0, 0.7198643684387207 
35.0, 0.7266362309455872 
36.0, 0.7334091067314148 
37.0, 0.7401809692382812 
38.0, 0.74630206823349 
39.0, 0.7519711852073669 
40.0, 0.7576392292976379 
41.0, 0.7633082866668701 
42.0, 0.7689773440361023 
43.0, 0.7746464014053345 
44.0, 0.7803154587745667 
45.0, 0.7865200638771057 
46.0, 0.7916406989097595 
47.0, 0.7967612743377686 
48.0, 0.801880955696106 
49.0, 0.8070015907287598 
50.0, 0.8121222257614136 
51.0, 0.8172418475151062 
52.0, 0.82236248254776 
53.0, 0.8274821043014526 
54.0, 0.8321298360824585 
55.0, 0.8367239236831665 
56.0, 0.8413179516792297 
57.0, 0.8459130525588989 
58.0, 0.8505070805549622 
59.0, 0.8551011681556702 
60.0, 0.8599992394447327 
61.0, 0.8650841116905212 
62.0, 0.8701689839363098 
63.0, 0.8743338584899902 
64.0, 0.8784301280975342 
65.0, 0.8825264573097229 
66.0, 0.8866227865219116 
67.0, 0.8907200694084167 
68.0, 0.8948163986206055 
69.0, 0.8989126682281494 
70.0, 0.9030089974403381 
71.0, 0.9071053266525269 
72.0, 0.911202609539032 
73.0, 0.9147137403488159 
74.0, 0.917747974395752 
75.0, 0.9210732579231262 
76.0, 0.9246370792388916 
77.0, 0.9282008409500122 
78.0, 0.9317636489868164 
79.0, 0.935327410697937 
80.0, 0.9388911724090576 
81.0, 0.9424549341201782 
82.0, 0.9460177421569824 
83.0, 0.949581503868103 
84.0, 0.9531453251838684 
85.0, 0.9563683271408081 
86.0, 0.958873987197876 
87.0, 0.9613786339759827 
88.0, 0.9638843536376953 
89.0, 0.9663900136947632 
90.0, 0.9692265391349792 
91.0, 0.9724326133728027 
92.0, 0.9756397604942322 
93.0, 0.9788458347320557 
94.0, 0.9820519685745239 
95.0, 0.9852580428123474 
96.0, 0.9884651899337769 
97.0, 0.9916712641716003 
98.0, 0.9948773980140686 
99.0, 0.9980844855308533 
100.0, 0.14005552740388097 
