Time(Seconds), Inputs 
0.0, 0.19225525856018066 
1.0, 0.26156264543533325 
2.0, 0.30291223526000977 
3.0, 0.3367646336555481 
4.0, 0.364993691444397 
5.0, 0.3916231691837311 
6.0, 0.4163709282875061 
7.0, 0.4382791817188263 
8.0, 0.4593121111392975 
9.0, 0.4792492091655731 
10.0, 0.4985504448413849 
11.0, 0.5163852572441101 
12.0, 0.5342200398445129 
13.0, 0.5502217411994934 
14.0, 0.5668036937713623 
15.0, 0.5827845931053162 
16.0, 0.5963571071624756 
17.0, 0.6099296808242798 
18.0, 0.6227303147315979 
19.0, 0.6332785487174988 
20.0, 0.6453161239624023 
21.0, 0.6573526859283447 
22.0, 0.6684771776199341 
23.0, 0.6783667802810669 
24.0, 0.6882036924362183 
25.0, 0.6980018019676208 
26.0, 0.7076469659805298 
27.0, 0.7154551148414612 
28.0, 0.7232632040977478 
29.0, 0.7308209538459778 
30.0, 0.7381591796875 
31.0, 0.7454983592033386 
32.0, 0.7527620196342468 
33.0, 0.7599183917045593 
34.0, 0.766512393951416 
35.0, 0.7725212574005127 
36.0, 0.7785310745239258 
37.0, 0.7845409512519836 
38.0, 0.7905497550964355 
39.0, 0.794812023639679 
40.0, 0.7996494770050049 
41.0, 0.8044869899749756 
42.0, 0.8093234300613403 
43.0, 0.814160943031311 
44.0, 0.8189417719841003 
45.0, 0.8236421346664429 
46.0, 0.8283424973487854 
47.0, 0.8330419063568115 
48.0, 0.8367120027542114 
49.0, 0.8396260142326355 
50.0, 0.8429731726646423 
51.0, 0.846320390701294 
52.0, 0.8496675491333008 
53.0, 0.8530147671699524 
54.0, 0.8563539981842041 
55.0, 0.859678328037262 
56.0, 0.863003671169281 
57.0, 0.8663280010223389 
58.0, 0.8696533441543579 
59.0, 0.8737625479698181 
60.0, 0.8791881799697876 
61.0, 0.8829874396324158 
62.0, 0.886786699295044 
63.0, 0.8905859589576721 
64.0, 0.8940324783325195 
65.0, 0.8964576721191406 
66.0, 0.8988828659057617 
67.0, 0.9013080596923828 
68.0, 0.9037332534790039 
69.0, 0.9063403010368347 
70.0, 0.9095970392227173 
71.0, 0.9128538370132446 
72.0, 0.9161115884780884 
73.0, 0.9193683862686157 
74.0, 0.9214051365852356 
75.0, 0.9241283535957336 
76.0, 0.9268516302108765 
77.0, 0.9295758605003357 
78.0, 0.9322991371154785 
79.0, 0.9350233674049377 
80.0, 0.9377545714378357 
81.0, 0.9404857754707336 
82.0, 0.9432160258293152 
83.0, 0.9459472298622131 
84.0, 0.9487727880477905 
85.0, 0.9524289965629578 
86.0, 0.9560851454734802 
87.0, 0.9597413539886475 
88.0, 0.9633985161781311 
89.0, 0.9653428196907043 
90.0, 0.9677680134773254 
91.0, 0.9701932072639465 
92.0, 0.9726184010505676 
93.0, 0.9750435948371887 
94.0, 0.9774747490882874 
95.0, 0.9802148938179016 
96.0, 0.9829540848731995 
97.0, 0.9856932163238525 
98.0, 0.9884333610534668 
99.0, 0.9911724925041199 
100.0, 0.41836321905645996 
