Time(Seconds), Inputs 
0.0, 0.16323138773441315 
1.0, 0.23590882122516632 
2.0, 0.27922359108924866 
3.0, 0.3147888481616974 
4.0, 0.3471022844314575 
5.0, 0.37795326113700867 
6.0, 0.4039478898048401 
7.0, 0.4288078844547272 
8.0, 0.45103007555007935 
9.0, 0.47224485874176025 
10.0, 0.49268367886543274 
11.0, 0.5116928219795227 
12.0, 0.528803288936615 
13.0, 0.546693742275238 
14.0, 0.5619781613349915 
15.0, 0.5770270824432373 
16.0, 0.5925012826919556 
17.0, 0.6051041483879089 
18.0, 0.6177080273628235 
19.0, 0.6303108930587769 
20.0, 0.6407210826873779 
21.0, 0.6508947610855103 
22.0, 0.6614301204681396 
23.0, 0.671965479850769 
24.0, 0.6804710626602173 
25.0, 0.6877923607826233 
26.0, 0.6961151361465454 
27.0, 0.7044388651847839 
28.0, 0.712761640548706 
29.0, 0.7192652821540833 
30.0, 0.7251737713813782 
31.0, 0.7317985892295837 
32.0, 0.7384234070777893 
33.0, 0.7450482845306396 
34.0, 0.7512121200561523 
35.0, 0.7569338083267212 
36.0, 0.7624598145484924 
37.0, 0.7663753032684326 
38.0, 0.77044278383255 
39.0, 0.7753220200538635 
40.0, 0.7802011966705322 
41.0, 0.7850804328918457 
42.0, 0.7899606227874756 
43.0, 0.7949451208114624 
44.0, 0.7999594807624817 
45.0, 0.8049330711364746 
46.0, 0.8086866140365601 
47.0, 0.812336802482605 
48.0, 0.8158340454101562 
49.0, 0.8193312287330627 
50.0, 0.8228294253349304 
51.0, 0.8263534903526306 
52.0, 0.8305600881576538 
53.0, 0.8347676396369934 
54.0, 0.8389752507209778 
55.0, 0.843181848526001 
56.0, 0.8480997681617737 
57.0, 0.8516893982887268 
58.0, 0.8552780151367188 
59.0, 0.8588666319847107 
60.0, 0.8624234199523926 
61.0, 0.8659117221832275 
62.0, 0.8693999648094177 
63.0, 0.8728872537612915 
64.0, 0.8763755559921265 
65.0, 0.8805224895477295 
66.0, 0.8847162127494812 
67.0, 0.8889098763465881 
68.0, 0.8921934962272644 
69.0, 0.8951959013938904 
70.0, 0.8983493447303772 
71.0, 0.901502788066864 
72.0, 0.9046562314033508 
73.0, 0.9077361822128296 
74.0, 0.9105319976806641 
75.0, 0.9133277535438538 
76.0, 0.9161235094070435 
77.0, 0.9189193248748779 
78.0, 0.9231835603713989 
79.0, 0.9277348518371582 
80.0, 0.9322872161865234 
81.0, 0.9331247806549072 
82.0, 0.934981644153595 
83.0, 0.9388245940208435 
84.0, 0.9426665902137756 
85.0, 0.9465095400810242 
86.0, 0.9502362608909607 
87.0, 0.9530300498008728 
88.0, 0.9558228850364685 
89.0, 0.9586166739463806 
90.0, 0.9614094495773315 
91.0, 0.965240478515625 
92.0, 0.9694440960884094 
93.0, 0.973648726940155 
94.0, 0.9765487909317017 
95.0, 0.978602409362793 
96.0, 0.9817449450492859 
97.0, 0.9848874807357788 
98.0, 0.9880300164222717 
99.0, 0.9911724925041199 
100.0, 0.4825646506755692 
