Time(Seconds), Inputs 
0.0, 0.03245750814676285 
1.0, 0.20953765511512756 
2.0, 0.2604359984397888 
3.0, 0.3051466643810272 
4.0, 0.34123748540878296 
5.0, 0.37456434965133667 
6.0, 0.4049811363220215 
7.0, 0.4321232736110687 
8.0, 0.45644181966781616 
9.0, 0.47810766100883484 
10.0, 0.49385008215904236 
11.0, 0.5137643218040466 
12.0, 0.5336795449256897 
13.0, 0.5484940409660339 
14.0, 0.5644291639328003 
15.0, 0.5803633332252502 
16.0, 0.5897799730300903 
17.0, 0.6009035110473633 
18.0, 0.6120280027389526 
19.0, 0.6221043467521667 
20.0, 0.6296173930168152 
21.0, 0.6363385915756226 
22.0, 0.6441318392753601 
23.0, 0.6525768041610718 
24.0, 0.6610217690467834 
25.0, 0.670509934425354 
26.0, 0.6770831346511841 
27.0, 0.6836572885513306 
28.0, 0.6891018152236938 
29.0, 0.6943854093551636 
30.0, 0.6996689438819885 
31.0, 0.7067766189575195 
32.0, 0.7119708061218262 
33.0, 0.715570330619812 
34.0, 0.7213973999023438 
35.0, 0.7272233963012695 
36.0, 0.7325169444084167 
37.0, 0.7362128496170044 
38.0, 0.7399097681045532 
39.0, 0.7446727156639099 
40.0, 0.7512369155883789 
41.0, 0.7555985450744629 
42.0, 0.7592676281929016 
43.0, 0.7629754543304443 
44.0, 0.7666832804679871 
45.0, 0.771047830581665 
46.0, 0.775804877281189 
47.0, 0.7805608510971069 
48.0, 0.7858185768127441 
49.0, 0.791242241859436 
50.0, 0.7954260110855103 
51.0, 0.7986668944358826 
52.0, 0.802361786365509 
53.0, 0.8060557246208191 
54.0, 0.81029212474823 
55.0, 0.814529538154602 
56.0, 0.8187659382820129 
57.0, 0.8229923844337463 
58.0, 0.8272188305854797 
59.0, 0.8321119546890259 
60.0, 0.8383592367172241 
61.0, 0.8409295082092285 
62.0, 0.8441206812858582 
63.0, 0.8483580946922302 
64.0, 0.8525944948196411 
65.0, 0.8570911884307861 
66.0, 0.8618451952934265 
67.0, 0.8666002154350281 
68.0, 0.8710909485816956 
69.0, 0.8754247426986694 
70.0, 0.8797584772109985 
71.0, 0.8810659646987915 
72.0, 0.8858299255371094 
73.0, 0.8905938863754272 
74.0, 0.8953478932380676 
75.0, 0.9001009464263916 
76.0, 0.9048529863357544 
77.0, 0.9085518717765808 
78.0, 0.9122507572174072 
79.0, 0.9161791801452637 
80.0, 0.9217568039894104 
81.0, 0.9246290922164917 
82.0, 0.9270761609077454 
83.0, 0.9307740926742554 
84.0, 0.9344719648361206 
85.0, 0.9385732412338257 
86.0, 0.9433372020721436 
87.0, 0.9481021761894226 
88.0, 0.9520564079284668 
89.0, 0.9552247524261475 
90.0, 0.9583921432495117 
91.0, 0.9649960994720459 
92.0, 0.9688767790794373 
93.0, 0.9711569547653198 
94.0, 0.9745070934295654 
95.0, 0.9782139658927917 
96.0, 0.9819217920303345 
97.0, 0.9860826730728149 
98.0, 0.9903051853179932 
99.0, 0.9945276379585266 
100.0, 0.733238516600735 
