Time(Seconds), Inputs 
0.0, 0.31496965885162354 
1.0, 0.36424359679222107 
2.0, 0.3900355398654938 
3.0, 0.40792396664619446 
4.0, 0.42397835850715637 
5.0, 0.4400327503681183 
6.0, 0.45363709330558777 
7.0, 0.46620818972587585 
8.0, 0.47877928614616394 
9.0, 0.49062904715538025 
10.0, 0.5008107423782349 
11.0, 0.5109933614730835 
12.0, 0.5211750268936157 
13.0, 0.531356692314148 
14.0, 0.539981484413147 
15.0, 0.5485268235206604 
16.0, 0.557072103023529 
17.0, 0.5656174421310425 
18.0, 0.5741627812385559 
19.0, 0.5819659233093262 
20.0, 0.5897283554077148 
21.0, 0.5974897742271423 
22.0, 0.6060022711753845 
23.0, 0.6145188212394714 
24.0, 0.6217774748802185 
25.0, 0.6284013390541077 
26.0, 0.6350252032279968 
27.0, 0.6416490077972412 
28.0, 0.6482728719711304 
29.0, 0.6548957228660583 
30.0, 0.6613883972167969 
31.0, 0.6673823595046997 
32.0, 0.6733753085136414 
33.0, 0.679368257522583 
34.0, 0.6853612065315247 
35.0, 0.6913541555404663 
36.0, 0.6973480582237244 
37.0, 0.703322172164917 
38.0, 0.7090567946434021 
39.0, 0.7147924304008484 
40.0, 0.7205270528793335 
41.0, 0.7260212302207947 
42.0, 0.7314806580543518 
43.0, 0.7369400858879089 
44.0, 0.7423995137214661 
45.0, 0.747641384601593 
46.0, 0.7525553703308105 
47.0, 0.7574693560600281 
48.0, 0.762384295463562 
49.0, 0.7672982811927795 
50.0, 0.7722122669219971 
51.0, 0.7771272659301758 
52.0, 0.7820411920547485 
53.0, 0.7869561910629272 
54.0, 0.7918682098388672 
55.0, 0.796779215335846 
56.0, 0.8016901612281799 
57.0, 0.8066011667251587 
58.0, 0.8115121722221375 
59.0, 0.8164231777191162 
60.0, 0.8210619688034058 
61.0, 0.8256272077560425 
62.0, 0.8301934599876404 
63.0, 0.8344646096229553 
64.0, 0.8386513590812683 
65.0, 0.8428390622138977 
66.0, 0.8470267653465271 
67.0, 0.8512135148048401 
68.0, 0.8554012179374695 
69.0, 0.8595889210700989 
70.0, 0.8637756109237671 
71.0, 0.8679633736610413 
72.0, 0.8721510767936707 
73.0, 0.8761112689971924 
74.0, 0.8791723251342773 
75.0, 0.8822323679924011 
76.0, 0.8852934241294861 
77.0, 0.888354480266571 
78.0, 0.8914145231246948 
79.0, 0.8948670625686646 
80.0, 0.8984785079956055 
81.0, 0.90208899974823 
82.0, 0.9056994915008545 
83.0, 0.9093099236488342 
84.0, 0.9129204154014587 
85.0, 0.9165318608283997 
86.0, 0.9198035597801208 
87.0, 0.9227652549743652 
88.0, 0.9257269501686096 
89.0, 0.928688645362854 
90.0, 0.9316503405570984 
91.0, 0.9346110820770264 
92.0, 0.9375727772712708 
93.0, 0.9405344724655151 
94.0, 0.9434961676597595 
95.0, 0.9464578628540039 
96.0, 0.9494186043739319 
97.0, 0.9523802995681763 
98.0, 0.9564239382743835 
99.0, 0.9610239863395691 
100.0, 0.11047781671698483 
