Time(Seconds), Inputs 
0.0, 0.0005404782714322209 
1.0, 0.20578113198280334 
2.0, 0.2590629458427429 
3.0, 0.3027512729167938 
4.0, 0.33853909373283386 
5.0, 0.37162351608276367 
6.0, 0.40079739689826965 
7.0, 0.42701455950737 
8.0, 0.4525531530380249 
9.0, 0.4726810157299042 
10.0, 0.4963756203651428 
11.0, 0.5129128694534302 
12.0, 0.5294501185417175 
13.0, 0.5424821972846985 
14.0, 0.5561063885688782 
15.0, 0.5697316527366638 
16.0, 0.58521968126297 
17.0, 0.5940660834312439 
18.0, 0.6029134392738342 
19.0, 0.6134746074676514 
20.0, 0.6242871284484863 
21.0, 0.6308314800262451 
22.0, 0.6394274830818176 
23.0, 0.648174524307251 
24.0, 0.6566482782363892 
25.0, 0.6635910272598267 
26.0, 0.6684960722923279 
27.0, 0.673214316368103 
28.0, 0.6797577142715454 
29.0, 0.686301052570343 
30.0, 0.6915786862373352 
31.0, 0.6959491968154907 
32.0, 0.7003186941146851 
33.0, 0.7092336416244507 
34.0, 0.7128450870513916 
35.0, 0.7164903283119202 
36.0, 0.7219597101211548 
37.0, 0.7274290919303894 
38.0, 0.7323728799819946 
39.0, 0.7356425523757935 
40.0, 0.7389132380485535 
41.0, 0.7461679577827454 
42.0, 0.7536373138427734 
43.0, 0.7576332688331604 
44.0, 0.7615070343017578 
45.0, 0.7653211951255798 
46.0, 0.7691352963447571 
47.0, 0.7719956636428833 
48.0, 0.7747268676757812 
49.0, 0.7778555154800415 
50.0, 0.7846044898033142 
51.0, 0.7913545370101929 
52.0, 0.7952819466590881 
53.0, 0.7996534705162048 
54.0, 0.8040259480476379 
55.0, 0.8078152537345886 
56.0, 0.8110948801040649 
57.0, 0.8143745064735413 
58.0, 0.8188881278038025 
59.0, 0.82380610704422 
60.0, 0.8287230134010315 
61.0, 0.8361993432044983 
62.0, 0.8389315009117126 
63.0, 0.8418226838111877 
64.0, 0.8461991548538208 
65.0, 0.850576639175415 
66.0, 0.8547285795211792 
67.0, 0.8585476875305176 
68.0, 0.8623678088188171 
69.0, 0.8668694496154785 
70.0, 0.8717904090881348 
71.0, 0.8767103552818298 
72.0, 0.8809358477592468 
73.0, 0.8838468790054321 
74.0, 0.8868303894996643 
75.0, 0.8912078738212585 
76.0, 0.895586371421814 
77.0, 0.9001098871231079 
78.0, 0.9050278663635254 
79.0, 0.9099457859992981 
80.0, 0.9146401882171631 
81.0, 0.919102132320404 
82.0, 0.9233951568603516 
83.0, 0.926912248134613 
84.0, 0.9301899075508118 
85.0, 0.9334665536880493 
86.0, 0.9382493495941162 
87.0, 0.9431673288345337 
88.0, 0.9477106928825378 
89.0, 0.9498974680900574 
90.0, 0.9520832300186157 
91.0, 0.956440806388855 
92.0, 0.964130699634552 
93.0, 0.964130699634552 
94.0, 0.967553436756134 
95.0, 0.9735662341117859 
96.0, 0.9795800447463989 
97.0, 0.9842883944511414 
98.0, 0.988647997379303 
99.0, 0.9930075407028198 
100.0, 0.7573358769199324 
