Time(Seconds), Inputs 
0.0, 0.17005591094493866 
1.0, 0.25103822350502014 
2.0, 0.297223299741745 
3.0, 0.33395296335220337 
4.0, 0.3660517930984497 
5.0, 0.395621120929718 
6.0, 0.42345377802848816 
7.0, 0.4459690749645233 
8.0, 0.46938249468803406 
9.0, 0.4915580153465271 
10.0, 0.5125442743301392 
11.0, 0.5299607515335083 
12.0, 0.5496802926063538 
13.0, 0.5655786991119385 
14.0, 0.5809515118598938 
15.0, 0.5969085693359375 
16.0, 0.610861599445343 
17.0, 0.6248146891593933 
18.0, 0.6382690668106079 
19.0, 0.6487676501274109 
20.0, 0.6598772406578064 
21.0, 0.6709858775138855 
22.0, 0.68192058801651 
23.0, 0.6916879415512085 
24.0, 0.7003862857818604 
25.0, 0.7090846300125122 
26.0, 0.7177819609642029 
27.0, 0.7240918278694153 
28.0, 0.7305050492286682 
29.0, 0.7369182109832764 
30.0, 0.7433314323425293 
31.0, 0.7499463558197021 
32.0, 0.7569656372070312 
33.0, 0.7639848589897156 
34.0, 0.7695366740226746 
35.0, 0.7746245265007019 
36.0, 0.778780460357666 
37.0, 0.7829363942146301 
38.0, 0.7870923280715942 
39.0, 0.7915701270103455 
40.0, 0.7968477606773376 
41.0, 0.8021243810653687 
42.0, 0.8069588541984558 
43.0, 0.80950528383255 
44.0, 0.8140079379081726 
45.0, 0.8185105919837952 
46.0, 0.8230132460594177 
47.0, 0.827254593372345 
48.0, 0.8306663632392883 
49.0, 0.8340781331062317 
50.0, 0.837489902973175 
51.0, 0.8412225842475891 
52.0, 0.8459716439247131 
53.0, 0.8503391742706299 
54.0, 0.8539158701896667 
55.0, 0.8575323224067688 
56.0, 0.8613027334213257 
57.0, 0.8650732040405273 
58.0, 0.8688436150550842 
59.0, 0.8724749684333801 
60.0, 0.8754943013191223 
61.0, 0.8785136342048645 
62.0, 0.8815329074859619 
63.0, 0.8852238655090332 
64.0, 0.8918854594230652 
65.0, 0.8949832916259766 
66.0, 0.8980820775032043 
67.0, 0.9011123776435852 
68.0, 0.9037531614303589 
69.0, 0.9063949584960938 
70.0, 0.9090357422828674 
71.0, 0.9118255376815796 
72.0, 0.9155890345573425 
73.0, 0.9193524718284607 
74.0, 0.9231159687042236 
75.0, 0.926993727684021 
76.0, 0.9318530559539795 
77.0, 0.9347382187843323 
78.0, 0.935971200466156 
79.0, 0.9374197721481323 
80.0, 0.9411941766738892 
81.0, 0.944968581199646 
82.0, 0.9487429857254028 
83.0, 0.952464759349823 
84.0, 0.9554800987243652 
85.0, 0.9584964513778687 
86.0, 0.9615117907524109 
87.0, 0.9645777940750122 
88.0, 0.968663215637207 
89.0, 0.9727485775947571 
90.0, 0.9766272902488708 
91.0, 0.9781165719032288 
92.0, 0.9803818464279175 
93.0, 0.9826470613479614 
94.0, 0.984911322593689 
95.0, 0.9871944189071655 
96.0, 0.9902077913284302 
97.0, 0.993222177028656 
98.0, 0.9962365031242371 
99.0, 0.9992498755455017 
100.0, 0.524401824228514 
