Time(Seconds), Inputs 
0.0, 0.16356222331523895 
1.0, 0.24417297542095184 
2.0, 0.2888895869255066 
3.0, 0.3243217170238495 
4.0, 0.35556912422180176 
5.0, 0.38466253876686096 
6.0, 0.41179075837135315 
7.0, 0.4365524351596832 
8.0, 0.4606166183948517 
9.0, 0.48091238737106323 
10.0, 0.5005404949188232 
11.0, 0.5213995575904846 
12.0, 0.5403431057929993 
13.0, 0.556998610496521 
14.0, 0.5717892050743103 
15.0, 0.588444709777832 
16.0, 0.6026402115821838 
17.0, 0.6161819696426392 
18.0, 0.6297227144241333 
19.0, 0.6398537158966064 
20.0, 0.6526582837104797 
21.0, 0.665462851524353 
22.0, 0.6776593923568726 
23.0, 0.6831535696983337 
24.0, 0.691720724105835 
25.0, 0.7002869248390198 
26.0, 0.7088531255722046 
27.0, 0.7174202799797058 
28.0, 0.7237043380737305 
29.0, 0.7306570410728455 
30.0, 0.7376097440719604 
31.0, 0.7445634007453918 
32.0, 0.750461995601654 
33.0, 0.755865752696991 
34.0, 0.7612695693969727 
35.0, 0.7656510472297668 
36.0, 0.7704129815101624 
37.0, 0.7757730484008789 
38.0, 0.7811331152915955 
39.0, 0.7864922285079956 
40.0, 0.7915443181991577 
41.0, 0.795583963394165 
42.0, 0.7996236681938171 
43.0, 0.8036633133888245 
44.0, 0.8041978478431702 
45.0, 0.80845707654953 
46.0, 0.812744140625 
47.0, 0.8170322179794312 
48.0, 0.8213202953338623 
49.0, 0.8245124816894531 
50.0, 0.8273658752441406 
51.0, 0.8302202820777893 
52.0, 0.833074688911438 
53.0, 0.8370636701583862 
54.0, 0.8420611023902893 
55.0, 0.8470585942268372 
56.0, 0.8496506810188293 
57.0, 0.8520441055297852 
58.0, 0.8552461862564087 
59.0, 0.858448326587677 
60.0, 0.8616504669189453 
61.0, 0.8648536205291748 
62.0, 0.8680806159973145 
63.0, 0.8713065385818481 
64.0, 0.8745325207710266 
65.0, 0.8777585029602051 
66.0, 0.8818687200546265 
67.0, 0.8861329555511475 
68.0, 0.8903405666351318 
69.0, 0.8914145231246948 
70.0, 0.8940205574035645 
71.0, 0.8975982666015625 
72.0, 0.901176929473877 
73.0, 0.9047555923461914 
74.0, 0.9080541133880615 
75.0, 0.9109134674072266 
76.0, 0.9137718677520752 
77.0, 0.9166312217712402 
78.0, 0.9195879697799683 
79.0, 0.9230493903160095 
80.0, 0.9265098571777344 
81.0, 0.9299712777137756 
82.0, 0.9337228536605835 
83.0, 0.9361013770103455 
84.0, 0.9382533431053162 
85.0, 0.9404053092002869 
86.0, 0.9425563216209412 
87.0, 0.9456968307495117 
88.0, 0.9492626190185547 
89.0, 0.9528283476829529 
90.0, 0.956395149230957 
91.0, 0.9598009586334229 
92.0, 0.9630219340324402 
93.0, 0.9662419557571411 
94.0, 0.9694629907608032 
95.0, 0.9751608371734619 
96.0, 0.9781255125999451 
97.0, 0.9810912013053894 
98.0, 0.9840558767318726 
99.0, 0.9870215654373169 
100.0, 0.4982456065644974 
