Time(Seconds), Inputs 
0.0, 0.03798945993185043 
1.0, 0.34556230902671814 
2.0, 0.3715360760688782 
3.0, 0.3945113718509674 
4.0, 0.41355130076408386 
5.0, 0.4321034252643585 
6.0, 0.44652843475341797 
7.0, 0.46095341444015503 
8.0, 0.47512906789779663 
9.0, 0.48778557777404785 
10.0, 0.5004431009292603 
11.0, 0.5130996704101562 
12.0, 0.5242052674293518 
13.0, 0.5348240733146667 
14.0, 0.5454438924789429 
15.0, 0.5560626983642578 
16.0, 0.5666288733482361 
17.0, 0.5764846205711365 
18.0, 0.5854253768920898 
19.0, 0.594365119934082 
20.0, 0.6032939553260803 
21.0, 0.611366331577301 
22.0, 0.6194387078285217 
23.0, 0.627510130405426 
24.0, 0.6355825662612915 
25.0, 0.643653929233551 
26.0, 0.651429295539856 
27.0, 0.6589363813400269 
28.0, 0.6664434671401978 
29.0, 0.6739505529403687 
30.0, 0.6814576387405396 
31.0, 0.6889647245407104 
32.0, 0.6956163644790649 
33.0, 0.7020911574363708 
34.0, 0.708560049533844 
35.0, 0.7150298357009888 
36.0, 0.7214987277984619 
37.0, 0.7279685735702515 
38.0, 0.734418511390686 
39.0, 0.7407979369163513 
40.0, 0.7471783757209778 
41.0, 0.7535578012466431 
42.0, 0.7599382400512695 
43.0, 0.7663176655769348 
44.0, 0.7726981043815613 
45.0, 0.7782926559448242 
46.0, 0.7831410765647888 
47.0, 0.7879894375801086 
48.0, 0.7928378582000732 
49.0, 0.7976862788200378 
50.0, 0.8030731678009033 
51.0, 0.809062123298645 
52.0, 0.8150511384010315 
53.0, 0.8205612301826477 
54.0, 0.8253858089447021 
55.0, 0.8302093744277954 
56.0, 0.8350338935852051 
57.0, 0.8398584723472595 
58.0, 0.844683051109314 
59.0, 0.8495076298713684 
60.0, 0.8543321490287781 
61.0, 0.8591557145118713 
62.0, 0.8637110590934753 
63.0, 0.8680418133735657 
64.0, 0.8723726272583008 
65.0, 0.8767033815383911 
66.0, 0.8810341954231262 
67.0, 0.8851096034049988 
68.0, 0.8891751170158386 
69.0, 0.8932396769523621 
70.0, 0.8973051309585571 
71.0, 0.901370644569397 
72.0, 0.9052593111991882 
73.0, 0.9087784290313721 
74.0, 0.9122984409332275 
75.0, 0.9158175587654114 
76.0, 0.9193375706672668 
77.0, 0.9228566884994507 
78.0, 0.9263757467269897 
79.0, 0.92989581823349 
80.0, 0.933414876461029 
81.0, 0.9369349479675293 
82.0, 0.9404540061950684 
83.0, 0.9448940753936768 
84.0, 0.9488949775695801 
85.0, 0.9520504474639893 
86.0, 0.9552058577537537 
87.0, 0.9583613276481628 
88.0, 0.9615167379379272 
89.0, 0.9646722078323364 
90.0, 0.9678266644477844 
91.0, 0.9709820747375488 
92.0, 0.974137544631958 
93.0, 0.9772929549217224 
94.0, 0.9804484248161316 
95.0, 0.983603835105896 
96.0, 0.9867593050003052 
97.0, 0.9897815585136414 
98.0, 0.9912509918212891 
99.0, 0.9927204251289368 
100.0, 0.12774283658165808 
