Time(Seconds), Inputs 
0.0, 0.04254875332117081 
1.0, 0.27102699875831604 
2.0, 0.31262293457984924 
3.0, 0.34683701395988464 
4.0, 0.37787577509880066 
5.0, 0.4050944149494171 
6.0, 0.4292837977409363 
7.0, 0.451061874628067 
8.0, 0.4716666340827942 
9.0, 0.4918034076690674 
10.0, 0.5115566849708557 
11.0, 0.5295345783233643 
12.0, 0.5471656918525696 
13.0, 0.5630422234535217 
14.0, 0.5788760185241699 
15.0, 0.5934878587722778 
16.0, 0.6070107221603394 
17.0, 0.6205345988273621 
18.0, 0.6338041424751282 
19.0, 0.6464596390724182 
20.0, 0.6584703922271729 
21.0, 0.6704801321029663 
22.0, 0.6806647777557373 
23.0, 0.6905940771102905 
24.0, 0.7005243897438049 
25.0, 0.7104616165161133 
26.0, 0.7188827395439148 
27.0, 0.7263014316558838 
28.0, 0.7337210774421692 
29.0, 0.7412658929824829 
30.0, 0.7496790885925293 
31.0, 0.7578220367431641 
32.0, 0.7643614411354065 
33.0, 0.7708998322486877 
34.0, 0.77737957239151 
35.0, 0.7834579944610596 
36.0, 0.7895363569259644 
37.0, 0.7956147789955139 
38.0, 0.8011775016784668 
39.0, 0.805931568145752 
40.0, 0.8107819557189941 
41.0, 0.8156333565711975 
42.0, 0.8204837441444397 
43.0, 0.8253351449966431 
44.0, 0.830176591873169 
45.0, 0.834937572479248 
46.0, 0.839697539806366 
47.0, 0.843530535697937 
48.0, 0.8466204404830933 
49.0, 0.8498265147209167 
50.0, 0.8540530204772949 
51.0, 0.8582784533500671 
52.0, 0.8625048995018005 
53.0, 0.8667303919792175 
54.0, 0.8709191083908081 
55.0, 0.8746637105941772 
56.0, 0.8784083127975464 
57.0, 0.8821519017219543 
58.0, 0.8857484459877014 
59.0, 0.8891125321388245 
60.0, 0.8921308517456055 
61.0, 0.8951482176780701 
62.0, 0.8981665372848511 
63.0, 0.9011848568916321 
64.0, 0.9042032361030579 
65.0, 0.9072275161743164 
66.0, 0.9102528095245361 
67.0, 0.9132770895957947 
68.0, 0.9163023829460144 
69.0, 0.9194796681404114 
70.0, 0.9252868294715881 
71.0, 0.9279703497886658 
72.0, 0.9296066761016846 
73.0, 0.9312430024147034 
74.0, 0.9329379796981812 
75.0, 0.9359722137451172 
76.0, 0.9390064477920532 
77.0, 0.9420406818389893 
78.0, 0.9450739026069641 
79.0, 0.9480822682380676 
80.0, 0.9505054950714111 
81.0, 0.9529287219047546 
82.0, 0.9553519487380981 
83.0, 0.9577761292457581 
84.0, 0.9602341055870056 
85.0, 0.9636061191558838 
86.0, 0.9669791460037231 
87.0, 0.9698802828788757 
88.0, 0.9718583822250366 
89.0, 0.9738543629646301 
90.0, 0.9762676358222961 
91.0, 0.9786819219589233 
92.0, 0.9810951948165894 
93.0, 0.9835094809532166 
94.0, 0.985923707485199 
95.0, 0.9883439540863037 
96.0, 0.9907642006874084 
97.0, 0.9931854009628296 
98.0, 0.9956056475639343 
99.0, 0.9980258345603943 
100.0, 0.42081809239521545 
