Time(Seconds), Inputs 
0.0, 0.21669600903987885 
1.0, 0.2791043519973755 
2.0, 0.3173978328704834 
3.0, 0.3494340777397156 
4.0, 0.37620463967323303 
5.0, 0.40093550086021423 
6.0, 0.4232073724269867 
7.0, 0.44198402762413025 
8.0, 0.4611908793449402 
9.0, 0.4799834191799164 
10.0, 0.49599212408065796 
11.0, 0.5120007991790771 
12.0, 0.5277352929115295 
13.0, 0.5431368947029114 
14.0, 0.5585047602653503 
15.0, 0.5731622576713562 
16.0, 0.5874829888343811 
17.0, 0.6018036603927612 
18.0, 0.6139415502548218 
19.0, 0.6245285868644714 
20.0, 0.6363167762756348 
21.0, 0.649031937122345 
22.0, 0.6596735715866089 
23.0, 0.6700389981269836 
24.0, 0.6804044842720032 
25.0, 0.6907699704170227 
26.0, 0.6988334059715271 
27.0, 0.707291305065155 
28.0, 0.7158465385437012 
29.0, 0.7244008183479309 
30.0, 0.732956051826477 
31.0, 0.7402137517929077 
32.0, 0.7467303276062012 
33.0, 0.7535121440887451 
34.0, 0.7609367370605469 
35.0, 0.7683613300323486 
36.0, 0.7757859826087952 
37.0, 0.7822150588035583 
38.0, 0.7879477143287659 
39.0, 0.7936813831329346 
40.0, 0.7993444800376892 
41.0, 0.8049718141555786 
42.0, 0.8105981349945068 
43.0, 0.8162254691123962 
44.0, 0.8218070864677429 
45.0, 0.8263594508171082 
46.0, 0.8309057950973511 
47.0, 0.8352802991867065 
48.0, 0.8396558165550232 
49.0, 0.8440303206443787 
50.0, 0.8484047651290894 
51.0, 0.852780282497406 
52.0, 0.8571547865867615 
53.0, 0.8613375425338745 
54.0, 0.8652967214584351 
55.0, 0.8695172071456909 
56.0, 0.8737377524375916 
57.0, 0.8779582381248474 
58.0, 0.8821787238121033 
59.0, 0.8864002227783203 
60.0, 0.8899103403091431 
61.0, 0.8932287096977234 
62.0, 0.8965470790863037 
63.0, 0.8998664617538452 
64.0, 0.9031848311424255 
65.0, 0.9065032005310059 
66.0, 0.9075474143028259 
67.0, 0.9103124141693115 
68.0, 0.9130774140357971 
69.0, 0.9158423542976379 
70.0, 0.9186073541641235 
71.0, 0.9213723540306091 
72.0, 0.92413729429245 
73.0, 0.9271407723426819 
74.0, 0.9303706884384155 
75.0, 0.933600664138794 
76.0, 0.9368306398391724 
77.0, 0.940060555934906 
78.0, 0.9432905316352844 
79.0, 0.9465204477310181 
80.0, 0.9493539929389954 
81.0, 0.9516768455505371 
82.0, 0.9538804888725281 
83.0, 0.956084132194519 
84.0, 0.95828777551651 
85.0, 0.960491418838501 
86.0, 0.9628341794013977 
87.0, 0.9655981659889221 
88.0, 0.9683621525764465 
89.0, 0.971126139163971 
90.0, 0.9738891124725342 
91.0, 0.9766530990600586 
92.0, 0.9794171452522278 
93.0, 0.9821175336837769 
94.0, 0.9847772121429443 
95.0, 0.9874368906021118 
96.0, 0.9900965094566345 
97.0, 0.9927164316177368 
98.0, 0.9934715628623962 
99.0, 0.9942275881767273 
100.0, 0.3179390987016637 
