Time(Seconds), Inputs 
0.0, 0.10335752367973328 
1.0, 0.2807963192462921 
2.0, 0.3196650743484497 
3.0, 0.3509790301322937 
4.0, 0.3771902322769165 
5.0, 0.4027993679046631 
6.0, 0.4266022741794586 
7.0, 0.44665658473968506 
8.0, 0.4667109251022339 
9.0, 0.4845119118690491 
10.0, 0.5020665526390076 
11.0, 0.5205481052398682 
12.0, 0.5359527468681335 
13.0, 0.5513563752174377 
14.0, 0.5653312802314758 
15.0, 0.5790647864341736 
16.0, 0.5927983522415161 
17.0, 0.6071537733078003 
18.0, 0.6192817687988281 
19.0, 0.6314087510108948 
20.0, 0.6430707573890686 
21.0, 0.6540839672088623 
22.0, 0.6649959087371826 
23.0, 0.6747105717658997 
24.0, 0.684276282787323 
25.0, 0.6935796141624451 
26.0, 0.7028830051422119 
27.0, 0.7121853828430176 
28.0, 0.7231062650680542 
29.0, 0.7308358550071716 
30.0, 0.7383995652198792 
31.0, 0.7459632754325867 
32.0, 0.753527045249939 
33.0, 0.7610907554626465 
34.0, 0.7684666514396667 
35.0, 0.7741079330444336 
36.0, 0.7797501683235168 
37.0, 0.7853924036026001 
38.0, 0.7910346388816833 
39.0, 0.7966768741607666 
40.0, 0.8024293780326843 
41.0, 0.8084114193916321 
42.0, 0.8132925629615784 
43.0, 0.8181737661361694 
44.0, 0.8230549693107605 
45.0, 0.8279361724853516 
46.0, 0.8325818777084351 
47.0, 0.8368352055549622 
48.0, 0.8410894870758057 
49.0, 0.8453437685966492 
50.0, 0.8495970368385315 
51.0, 0.8532581925392151 
52.0, 0.8568795919418335 
53.0, 0.8607255220413208 
54.0, 0.8645704388618469 
55.0, 0.8684163689613342 
56.0, 0.8722623586654663 
57.0, 0.8761072754859924 
58.0, 0.8799353241920471 
59.0, 0.8837465047836304 
60.0, 0.8875576853752136 
61.0, 0.8913688659667969 
62.0, 0.8947845697402954 
63.0, 0.897856593132019 
64.0, 0.9006423950195312 
65.0, 0.9032047390937805 
66.0, 0.905767023563385 
67.0, 0.9083293080329895 
68.0, 0.9108916521072388 
69.0, 0.9134549498558044 
70.0, 0.9163490533828735 
71.0, 0.9194240570068359 
72.0, 0.9224990010261536 
73.0, 0.9255749583244324 
74.0, 0.92864990234375 
75.0, 0.9317249059677124 
76.0, 0.9364391565322876 
77.0, 0.9386119842529297 
78.0, 0.940785825252533 
79.0, 0.942958652973175 
80.0, 0.9451315402984619 
81.0, 0.947304368019104 
82.0, 0.9501985311508179 
83.0, 0.9532575607299805 
84.0, 0.956317663192749 
85.0, 0.9593766927719116 
86.0, 0.962435781955719 
87.0, 0.9654958248138428 
88.0, 0.968049168586731 
89.0, 0.9705250859260559 
90.0, 0.9730009436607361 
91.0, 0.9754778146743774 
92.0, 0.9779536724090576 
93.0, 0.9794667959213257 
94.0, 0.9819605350494385 
95.0, 0.9845089316368103 
96.0, 0.9870573282241821 
97.0, 0.989605724811554 
98.0, 0.9921541213989258 
99.0, 0.9947025179862976 
100.0, 0.3556351372642534 
