Time(Seconds), Inputs 
0.0, 0.13784579932689667 
1.0, 0.22435112297534943 
2.0, 0.27309450507164 
3.0, 0.3138231337070465 
4.0, 0.3480481207370758 
5.0, 0.3787798583507538 
6.0, 0.4070238471031189 
7.0, 0.43153709173202515 
8.0, 0.45579999685287476 
9.0, 0.47995463013648987 
10.0, 0.4990193843841553 
11.0, 0.5196300745010376 
12.0, 0.5378344655036926 
13.0, 0.5549449920654297 
14.0, 0.5711533427238464 
15.0, 0.5847070217132568 
16.0, 0.598260760307312 
17.0, 0.6125307679176331 
18.0, 0.6237963438034058 
19.0, 0.6350629329681396 
20.0, 0.6466355323791504 
21.0, 0.6567158102989197 
22.0, 0.6642616987228394 
23.0, 0.6718184351921082 
24.0, 0.6810652017593384 
25.0, 0.6903119087219238 
26.0, 0.697556734085083 
27.0, 0.7036291360855103 
28.0, 0.7111789584159851 
29.0, 0.71872878074646 
30.0, 0.7260778546333313 
31.0, 0.732439398765564 
32.0, 0.7387731671333313 
33.0, 0.7435619235038757 
34.0, 0.7480944395065308 
35.0, 0.7525384426116943 
36.0, 0.7569835186004639 
37.0, 0.7615706324577332 
38.0, 0.7664547562599182 
39.0, 0.7713379859924316 
40.0, 0.7762211561203003 
41.0, 0.7827008962631226 
42.0, 0.786358118057251 
43.0, 0.7900152802467346 
44.0, 0.7938333749771118 
45.0, 0.7978283762931824 
46.0, 0.801822304725647 
47.0, 0.8058391809463501 
48.0, 0.8102822303771973 
49.0, 0.8147242665290833 
50.0, 0.8191673159599304 
51.0, 0.8237553834915161 
52.0, 0.8265462517738342 
53.0, 0.8292893767356873 
54.0, 0.832290768623352 
55.0, 0.8362947106361389 
56.0, 0.840298593044281 
57.0, 0.8443034887313843 
58.0, 0.8472542762756348 
59.0, 0.8499159216880798 
60.0, 0.8525785803794861 
61.0, 0.8564772009849548 
62.0, 0.8626092672348022 
63.0, 0.8672559857368469 
64.0, 0.8693930506706238 
65.0, 0.8728713989257812 
66.0, 0.8764212131500244 
67.0, 0.8799710869789124 
68.0, 0.8832904696464539 
69.0, 0.8863982558250427 
70.0, 0.8895049691200256 
71.0, 0.8928283452987671 
72.0, 0.898213267326355 
73.0, 0.9035981297492981 
74.0, 0.9089840650558472 
75.0, 0.9083998799324036 
76.0, 0.9119536876678467 
77.0, 0.9155075550079346 
78.0, 0.9192829728126526 
79.0, 0.9237250089645386 
80.0, 0.9281680583953857 
81.0, 0.9326111078262329 
82.0, 0.9359543323516846 
83.0, 0.9390630722045898 
84.0, 0.9421728253364563 
85.0, 0.9458568096160889 
86.0, 0.950404167175293 
87.0, 0.9529157876968384 
88.0, 0.954664409160614 
89.0, 0.9582003951072693 
90.0, 0.96175616979599 
91.0, 0.9653120040893555 
92.0, 0.9688668847084045 
93.0, 0.9724206924438477 
94.0, 0.9759755730628967 
95.0, 0.9794667959213257 
96.0, 0.9825775027275085 
97.0, 0.9856882691383362 
98.0, 0.988798975944519 
99.0, 0.9942335486412048 
100.0, 0.6158538402905821 
