Time(Seconds), Inputs 
0.0, 0.20167191326618195 
1.0, 0.2673499584197998 
2.0, 0.30596333742141724 
3.0, 0.33912724256515503 
4.0, 0.36862701177597046 
5.0, 0.3929952383041382 
6.0, 0.416597455739975 
7.0, 0.4389716684818268 
8.0, 0.46025896072387695 
9.0, 0.47818416357040405 
10.0, 0.4979344606399536 
11.0, 0.5151443481445312 
12.0, 0.5318822264671326 
13.0, 0.5480459332466125 
14.0, 0.5620635747909546 
15.0, 0.5767529010772705 
16.0, 0.5910229086875916 
17.0, 0.6040907502174377 
18.0, 0.6171585917472839 
19.0, 0.6302234530448914 
20.0, 0.6417652368545532 
21.0, 0.6531898379325867 
22.0, 0.6646143794059753 
23.0, 0.675449788570404 
24.0, 0.6848296523094177 
25.0, 0.6942095160484314 
26.0, 0.7041319012641907 
27.0, 0.7142906785011292 
28.0, 0.7219984531402588 
29.0, 0.729436993598938 
30.0, 0.736874520778656 
31.0, 0.7443190217018127 
32.0, 0.7521410584449768 
33.0, 0.7594226002693176 
34.0, 0.765247642993927 
35.0, 0.7710716724395752 
36.0, 0.7768957614898682 
37.0, 0.782869815826416 
38.0, 0.7891151309013367 
39.0, 0.7953613996505737 
40.0, 0.8012202382087708 
41.0, 0.8054685592651367 
42.0, 0.8097178936004639 
43.0, 0.8139960169792175 
44.0, 0.818289041519165 
45.0, 0.8225810527801514 
46.0, 0.8268731236457825 
47.0, 0.83116614818573 
48.0, 0.8356419801712036 
49.0, 0.8441733717918396 
50.0, 0.8475086092948914 
51.0, 0.8508439064025879 
52.0, 0.8541791439056396 
53.0, 0.8575144410133362 
54.0, 0.8609004020690918 
55.0, 0.8643797039985657 
56.0, 0.8678590059280396 
57.0, 0.8713383674621582 
58.0, 0.8748176693916321 
59.0, 0.8782970309257507 
60.0, 0.8828582763671875 
61.0, 0.8867966532707214 
62.0, 0.889503002166748 
63.0, 0.8922093510627747 
64.0, 0.8949167132377625 
65.0, 0.8976230621337891 
66.0, 0.9005827903747559 
67.0, 0.9035465121269226 
68.0, 0.9065091609954834 
69.0, 0.909471869468689 
70.0, 0.9124345779418945 
71.0, 0.9155701398849487 
72.0, 0.9190295934677124 
73.0, 0.9224900603294373 
74.0, 0.9259495139122009 
75.0, 0.9287393093109131 
76.0, 0.9304998517036438 
77.0, 0.9330582022666931 
78.0, 0.9360119700431824 
79.0, 0.938966691493988 
80.0, 0.9419204592704773 
81.0, 0.944875180721283 
82.0, 0.9478240013122559 
83.0, 0.9502332806587219 
84.0, 0.9526435732841492 
85.0, 0.9550528526306152 
86.0, 0.9574631452560425 
87.0, 0.9598734378814697 
88.0, 0.962761640548706 
89.0, 0.9666036367416382 
90.0, 0.9704455733299255 
91.0, 0.9727972745895386 
92.0, 0.9750882983207703 
93.0, 0.9773793816566467 
94.0, 0.9801026582717896 
95.0, 0.9830633401870728 
96.0, 0.9860250353813171 
97.0, 0.9889857769012451 
98.0, 0.9919474720954895 
99.0, 0.9949081540107727 
100.0, 0.3717802409310208 
