Time(Seconds), Inputs 
0.0, 0.24013130366802216 
1.0, 0.30585306882858276 
2.0, 0.3399061858654022 
3.0, 0.36866477131843567 
4.0, 0.38994908332824707 
5.0, 0.41122645139694214 
6.0, 0.42933544516563416 
7.0, 0.4470142424106598 
8.0, 0.4631292521953583 
9.0, 0.47914984822273254 
10.0, 0.495171457529068 
11.0, 0.5090768337249756 
12.0, 0.5227566957473755 
13.0, 0.536435604095459 
14.0, 0.5486350655555725 
15.0, 0.5604113340377808 
16.0, 0.572533369064331 
17.0, 0.5844139456748962 
18.0, 0.5950765013694763 
19.0, 0.6057379841804504 
20.0, 0.6164005398750305 
21.0, 0.6268464922904968 
22.0, 0.6363883018493652 
23.0, 0.6459301114082336 
24.0, 0.6554093360900879 
25.0, 0.664819061756134 
26.0, 0.6732421517372131 
27.0, 0.6812112331390381 
28.0, 0.689180314540863 
29.0, 0.6971503496170044 
30.0, 0.7051194310188293 
31.0, 0.7136399149894714 
32.0, 0.7231737971305847 
33.0, 0.7301473617553711 
34.0, 0.7371219396591187 
35.0, 0.7440954446792603 
36.0, 0.7510700225830078 
37.0, 0.7571802139282227 
38.0, 0.7628810405731201 
39.0, 0.7685819268226624 
40.0, 0.7742827534675598 
41.0, 0.7803999185562134 
42.0, 0.7867306470870972 
43.0, 0.7930614352226257 
44.0, 0.7986698746681213 
45.0, 0.8036245703697205 
46.0, 0.8085783123970032 
47.0, 0.8135320544242859 
48.0, 0.8184857368469238 
49.0, 0.8234822154045105 
50.0, 0.8285869359970093 
51.0, 0.8336906433105469 
52.0, 0.8387954235076904 
53.0, 0.8427267670631409 
54.0, 0.8466482162475586 
55.0, 0.8505687117576599 
56.0, 0.8544901609420776 
57.0, 0.8584116101264954 
58.0, 0.8624622225761414 
59.0, 0.8665237426757812 
60.0, 0.8705852627754211 
61.0, 0.8746458292007446 
62.0, 0.8787073493003845 
63.0, 0.8827162384986877 
64.0, 0.8865959644317627 
65.0, 0.8904756903648376 
66.0, 0.8940305113792419 
67.0, 0.8972982168197632 
68.0, 0.9005659222602844 
69.0, 0.9038336277008057 
70.0, 0.9071003198623657 
71.0, 0.910368025302887 
72.0, 0.9136357307434082 
73.0, 0.9169034361839294 
74.0, 0.9201751351356506 
75.0, 0.9234806299209595 
76.0, 0.926450252532959 
77.0, 0.929297685623169 
78.0, 0.9321441650390625 
79.0, 0.9349905848503113 
80.0, 0.9378380179405212 
81.0, 0.9406844973564148 
82.0, 0.9435319304466248 
83.0, 0.9460137486457825 
84.0, 0.9483793377876282 
85.0, 0.9507449269294739 
86.0, 0.9531095623970032 
87.0, 0.9554751515388489 
88.0, 0.9578406810760498 
89.0, 0.9602053165435791 
90.0, 0.9625709056854248 
91.0, 0.9672116637229919 
92.0, 0.9693019986152649 
93.0, 0.9713923931121826 
94.0, 0.9734827876091003 
95.0, 0.9755731821060181 
96.0, 0.9776625633239746 
97.0, 0.9797529578208923 
98.0, 0.9818432927131653 
99.0, 0.983933687210083 
100.0, 0.2513530546459489 
