Time(Seconds), Inputs 
0.0, 0.1279115229845047 
1.0, 0.21931394934654236 
2.0, 0.2694442868232727 
3.0, 0.31067565083503723 
4.0, 0.34591203927993774 
5.0, 0.37874510884284973 
6.0, 0.4068877100944519 
7.0, 0.43237265944480896 
8.0, 0.45665740966796875 
9.0, 0.4787564277648926 
10.0, 0.5002185702323914 
11.0, 0.5181914567947388 
12.0, 0.534898579120636 
13.0, 0.5525078773498535 
14.0, 0.5655310153961182 
15.0, 0.5797165632247925 
16.0, 0.5945698022842407 
17.0, 0.6055740714073181 
18.0, 0.61590576171875 
19.0, 0.6260377168655396 
20.0, 0.6361697316169739 
21.0, 0.6440593004226685 
22.0, 0.6510756015777588 
23.0, 0.6580919027328491 
24.0, 0.6662149429321289 
25.0, 0.6750990748405457 
26.0, 0.6806915998458862 
27.0, 0.6853144764900208 
28.0, 0.6933302879333496 
29.0, 0.7013450264930725 
30.0, 0.7074641585350037 
31.0, 0.7120025753974915 
32.0, 0.7165409922599792 
33.0, 0.7235026359558105 
34.0, 0.7270306944847107 
35.0, 0.7305586934089661 
36.0, 0.7353454828262329 
37.0, 0.7413920760154724 
38.0, 0.7474396824836731 
39.0, 0.7527421116828918 
40.0, 0.7572566866874695 
41.0, 0.7617713212966919 
42.0, 0.766062319278717 
43.0, 0.7700761556625366 
44.0, 0.774090051651001 
45.0, 0.7785390615463257 
46.0, 0.7835553288459778 
47.0, 0.7885726690292358 
48.0, 0.7927752733230591 
49.0, 0.7957896590232849 
50.0, 0.7988029718399048 
51.0, 0.8024969100952148 
52.0, 0.807285726070404 
53.0, 0.811615526676178 
54.0, 0.815584659576416 
55.0, 0.8191106915473938 
56.0, 0.8226357102394104 
57.0, 0.8264985084533691 
58.0, 0.8310151100158691 
59.0, 0.8355326652526855 
60.0, 0.8400899767875671 
61.0, 0.844737708568573 
62.0, 0.8493853807449341 
63.0, 0.8519397377967834 
64.0, 0.8559566140174866 
65.0, 0.8599734306335449 
66.0, 0.8641233444213867 
67.0, 0.8686439394950867 
68.0, 0.8731644749641418 
69.0, 0.8774425983428955 
70.0, 0.8809586763381958 
71.0, 0.8844737410545349 
72.0, 0.8892357349395752 
73.0, 0.8943742513656616 
74.0, 0.8962937593460083 
75.0, 0.8986057043075562 
76.0, 0.9026304483413696 
77.0, 0.9066552519798279 
78.0, 0.9107654690742493 
79.0, 0.9152959585189819 
80.0, 0.9198263883590698 
81.0, 0.924350917339325 
82.0, 0.9288456439971924 
83.0, 0.9333403706550598 
84.0, 0.9348822832107544 
85.0, 0.9399045705795288 
86.0, 0.9449268579483032 
87.0, 0.9497653245925903 
88.0, 0.9527896046638489 
89.0, 0.9558139443397522 
90.0, 0.9588769674301147 
91.0, 0.9623910784721375 
92.0, 0.9659051895141602 
93.0, 0.9695295691490173 
94.0, 0.9751042127609253 
95.0, 0.9801731705665588 
96.0, 0.9845486879348755 
97.0, 0.9890602827072144 
98.0, 0.9935718774795532 
99.0, 0.9980844855308533 
100.0, 0.6970690558212222 
