Time(Seconds), Inputs 
0.0, 0.15576106309890747 
1.0, 0.23785413801670074 
2.0, 0.28453198075294495 
3.0, 0.322071373462677 
4.0, 0.3550097644329071 
5.0, 0.386020690202713 
6.0, 0.41563472151756287 
7.0, 0.43936312198638916 
8.0, 0.462686151266098 
9.0, 0.48530176281929016 
10.0, 0.5067460536956787 
11.0, 0.525629997253418 
12.0, 0.5436793565750122 
13.0, 0.5595151782035828 
14.0, 0.5785859227180481 
15.0, 0.5931828022003174 
16.0, 0.6066451072692871 
17.0, 0.6201063990592957 
18.0, 0.6318886280059814 
19.0, 0.6420961022377014 
20.0, 0.6523035764694214 
21.0, 0.6632790565490723 
22.0, 0.6730057001113892 
23.0, 0.6812837719917297 
24.0, 0.6895608305931091 
25.0, 0.6985999345779419 
26.0, 0.7085143327713013 
27.0, 0.7149682641029358 
28.0, 0.7211867570877075 
29.0, 0.7276396751403809 
30.0, 0.7341741323471069 
31.0, 0.7407085299491882 
32.0, 0.7473045587539673 
33.0, 0.7542225122451782 
34.0, 0.7594255805015564 
35.0, 0.7646276950836182 
36.0, 0.7696171998977661 
37.0, 0.7741069197654724 
38.0, 0.7785966396331787 
39.0, 0.7830864191055298 
40.0, 0.788903534412384 
41.0, 0.7948090434074402 
42.0, 0.7979813814163208 
43.0, 0.8011536598205566 
44.0, 0.8050890564918518 
45.0, 0.8091585040092468 
46.0, 0.8132290244102478 
47.0, 0.8173014521598816 
48.0, 0.8213868141174316 
49.0, 0.8254731893539429 
50.0, 0.8295586109161377 
51.0, 0.8344268798828125 
52.0, 0.8384963870048523 
53.0, 0.8415514230728149 
54.0, 0.8446065187454224 
55.0, 0.8483541011810303 
56.0, 0.8524355292320251 
57.0, 0.85651695728302 
58.0, 0.8605983257293701 
59.0, 0.8638779520988464 
60.0, 0.8671247959136963 
61.0, 0.8703706860542297 
62.0, 0.8736950159072876 
63.0, 0.8772895932197571 
64.0, 0.8801568746566772 
65.0, 0.8823972940444946 
66.0, 0.8855617046356201 
67.0, 0.8896251916885376 
68.0, 0.8936896920204163 
69.0, 0.8977542519569397 
70.0, 0.9015147089958191 
71.0, 0.9051877856254578 
72.0, 0.9088608622550964 
73.0, 0.9125199913978577 
74.0, 0.9159795045852661 
75.0, 0.9194379448890686 
76.0, 0.9220022559165955 
77.0, 0.9242843389511108 
78.0, 0.9283627867698669 
79.0, 0.9324421882629395 
80.0, 0.9365206360816956 
81.0, 0.9393422603607178 
82.0, 0.9413819313049316 
83.0, 0.9434216618537903 
84.0, 0.9454623460769653 
85.0, 0.9485979080200195 
86.0, 0.9518536925315857 
87.0, 0.955110490322113 
88.0, 0.9595794081687927 
89.0, 0.9655385613441467 
90.0, 0.9684455990791321 
91.0, 0.9713526368141174 
92.0, 0.9742318987846375 
93.0, 0.977074384689331 
94.0, 0.9799178838729858 
95.0, 0.9827603101730347 
96.0, 0.9861969351768494 
97.0, 0.9898689985275269 
98.0, 0.9935410618782043 
99.0, 0.9972131848335266 
100.0, 0.5660665392034543 
