Time(Seconds), Inputs 
0.0, 0.08018054068088531 
1.0, 0.3138996362686157 
2.0, 0.3434510827064514 
3.0, 0.36807364225387573 
4.0, 0.3902292549610138 
5.0, 0.4072394371032715 
6.0, 0.4242495894432068 
7.0, 0.440235435962677 
8.0, 0.4555406868457794 
9.0, 0.4708459675312042 
10.0, 0.483815461397171 
11.0, 0.496281236410141 
12.0, 0.5087469816207886 
13.0, 0.5210220217704773 
14.0, 0.533024787902832 
15.0, 0.5449024438858032 
16.0, 0.5567660927772522 
17.0, 0.5666089653968811 
18.0, 0.5760772824287415 
19.0, 0.5855455994606018 
20.0, 0.5950139164924622 
21.0, 0.6043838262557983 
22.0, 0.613569974899292 
23.0, 0.6227571368217468 
24.0, 0.6319442391395569 
25.0, 0.6411314010620117 
26.0, 0.6486732363700867 
27.0, 0.6565966010093689 
28.0, 0.6645190119743347 
29.0, 0.6724413633346558 
30.0, 0.680364727973938 
31.0, 0.6881311535835266 
32.0, 0.6954603791236877 
33.0, 0.7027886509895325 
34.0, 0.7101178765296936 
35.0, 0.7174471020698547 
36.0, 0.7247763276100159 
37.0, 0.7304056882858276 
38.0, 0.7347891330718994 
39.0, 0.7420746684074402 
40.0, 0.7493591904640198 
41.0, 0.7566437125205994 
42.0, 0.7639292478561401 
43.0, 0.7712137699127197 
44.0, 0.7764804363250732 
45.0, 0.7817332148551941 
46.0, 0.7869859933853149 
47.0, 0.7922387719154358 
48.0, 0.7974925637245178 
49.0, 0.8027452826499939 
50.0, 0.8083915114402771 
51.0, 0.8145106434822083 
52.0, 0.8191156387329102 
53.0, 0.8237216472625732 
54.0, 0.8283266425132751 
55.0, 0.832931637763977 
56.0, 0.8375375866889954 
57.0, 0.8421425819396973 
58.0, 0.8467475771903992 
59.0, 0.8513525724411011 
60.0, 0.8559585809707642 
61.0, 0.8603668212890625 
62.0, 0.8645774126052856 
63.0, 0.8686320185661316 
64.0, 0.8726865649223328 
65.0, 0.8767411708831787 
66.0, 0.8807957172393799 
67.0, 0.8848503232002258 
68.0, 0.888904869556427 
69.0, 0.892959475517273 
70.0, 0.8970140814781189 
71.0, 0.9005758762359619 
72.0, 0.9037302732467651 
73.0, 0.9068847298622131 
74.0, 0.9102945327758789 
75.0, 0.9138374328613281 
76.0, 0.9173793792724609 
77.0, 0.9209222793579102 
78.0, 0.9244641661643982 
79.0, 0.9280071258544922 
80.0, 0.9315500259399414 
81.0, 0.9350919127464294 
82.0, 0.9386348724365234 
83.0, 0.9416581392288208 
84.0, 0.9429090023040771 
85.0, 0.9441598653793335 
86.0, 0.9466555714607239 
87.0, 0.9494682550430298 
88.0, 0.9522799253463745 
89.0, 0.9550926089286804 
90.0, 0.9579042792320251 
91.0, 0.960716962814331 
92.0, 0.963529646396637 
93.0, 0.9663413166999817 
94.0, 0.9691540002822876 
95.0, 0.9719666838645935 
96.0, 0.9747783541679382 
97.0, 0.9775910377502441 
98.0, 0.9807315468788147 
99.0, 0.9839038848876953 
100.0, 0.1778090521591388 
