Time(Seconds), Inputs 
0.0, 0.18512770533561707 
1.0, 0.26424914598464966 
2.0, 0.3082663416862488 
3.0, 0.3432195782661438 
4.0, 0.3752449154853821 
5.0, 0.4048748314380646 
6.0, 0.428863525390625 
7.0, 0.4529207646846771 
8.0, 0.47468993067741394 
9.0, 0.49549931287765503 
10.0, 0.5151085257530212 
11.0, 0.5332573056221008 
12.0, 0.5505992770195007 
13.0, 0.5679422616958618 
14.0, 0.5827686786651611 
15.0, 0.5966243743896484 
16.0, 0.6132609844207764 
17.0, 0.6255151629447937 
18.0, 0.636430025100708 
19.0, 0.6473448872566223 
20.0, 0.6596914529800415 
21.0, 0.6697121262550354 
22.0, 0.6797328591346741 
23.0, 0.6897545456886292 
24.0, 0.6984121203422546 
25.0, 0.7061219215393066 
26.0, 0.7135763168334961 
27.0, 0.7210307717323303 
28.0, 0.7283182740211487 
29.0, 0.7354378700256348 
30.0, 0.7425574660301208 
31.0, 0.7491664290428162 
32.0, 0.7552756071090698 
33.0, 0.7607022523880005 
34.0, 0.76612788438797 
35.0, 0.7715545296669006 
36.0, 0.7769981026649475 
37.0, 0.7825667858123779 
38.0, 0.7876496911048889 
39.0, 0.7909650802612305 
40.0, 0.7942794561386108 
41.0, 0.7988924384117126 
42.0, 0.8036037087440491 
43.0, 0.8083150386810303 
44.0, 0.8130263090133667 
45.0, 0.8173968195915222 
46.0, 0.8216521143913269 
47.0, 0.8259074091911316 
48.0, 0.8293787837028503 
49.0, 0.8310031890869141 
50.0, 0.8339052796363831 
51.0, 0.836807370185852 
52.0, 0.8397104740142822 
53.0, 0.8430218696594238 
54.0, 0.8469999432563782 
55.0, 0.8509770631790161 
56.0, 0.8549551367759705 
57.0, 0.8589381575584412 
58.0, 0.8629450798034668 
59.0, 0.8669519424438477 
60.0, 0.8709588050842285 
61.0, 0.8718838095664978 
62.0, 0.8754903078079224 
63.0, 0.8790957927703857 
64.0, 0.8827022910118103 
65.0, 0.8863087892532349 
66.0, 0.8899411559104919 
67.0, 0.893580436706543 
68.0, 0.8972187042236328 
69.0, 0.9008570313453674 
70.0, 0.904188334941864 
71.0, 0.9073516726493835 
72.0, 0.9105141162872314 
73.0, 0.913677453994751 
74.0, 0.9143987894058228 
75.0, 0.9180310964584351 
76.0, 0.921662449836731 
77.0, 0.9252947568893433 
78.0, 0.9289191365242004 
79.0, 0.9325226545333862 
80.0, 0.936126172542572 
81.0, 0.939730703830719 
82.0, 0.9433223009109497 
83.0, 0.9467579126358032 
84.0, 0.9501945376396179 
85.0, 0.9536301493644714 
86.0, 0.956713080406189 
87.0, 0.9596171379089355 
88.0, 0.9628838300704956 
89.0, 0.9661515355110168 
90.0, 0.9694192409515381 
91.0, 0.9721633791923523 
92.0, 0.9746968746185303 
93.0, 0.9772313833236694 
94.0, 0.9797648787498474 
95.0, 0.9826798439025879 
96.0, 0.985939621925354 
97.0, 0.9891993999481201 
98.0, 0.9924591183662415 
99.0, 0.999158501625061 
100.0, 0.503662083384787 
