Time(Seconds), Inputs 
0.0, 0.10473057627677917 
1.0, 0.23495106399059296 
2.0, 0.2812275290489197 
3.0, 0.32066455483436584 
4.0, 0.3533436059951782 
5.0, 0.3839104473590851 
6.0, 0.41233423352241516 
7.0, 0.43777644634246826 
8.0, 0.4599718153476715 
9.0, 0.48313093185424805 
10.0, 0.5044609308242798 
11.0, 0.5244348049163818 
12.0, 0.5429004430770874 
13.0, 0.5596860647201538 
14.0, 0.5764716863632202 
15.0, 0.5902439951896667 
16.0, 0.605100154876709 
17.0, 0.6203200221061707 
18.0, 0.6309219002723694 
19.0, 0.6415029764175415 
20.0, 0.6537283062934875 
21.0, 0.6652660965919495 
22.0, 0.674739420413971 
23.0, 0.6843736171722412 
24.0, 0.6947738528251648 
25.0, 0.7051730751991272 
26.0, 0.7108570337295532 
27.0, 0.7170427441596985 
28.0, 0.7242120504379272 
29.0, 0.7313812971115112 
30.0, 0.73855060338974 
31.0, 0.7452231049537659 
32.0, 0.7503089904785156 
33.0, 0.7545732259750366 
34.0, 0.7588374018669128 
35.0, 0.7634861469268799 
36.0, 0.7682639956474304 
37.0, 0.773041844367981 
38.0, 0.7778197526931763 
39.0, 0.7845916152000427 
40.0, 0.7907812595367432 
41.0, 0.7937360405921936 
42.0, 0.796771228313446 
43.0, 0.8003578782081604 
44.0, 0.8039435148239136 
45.0, 0.8075301051139832 
46.0, 0.8111137747764587 
47.0, 0.814695417881012 
48.0, 0.8182761073112488 
49.0, 0.821857750415802 
50.0, 0.8263763189315796 
51.0, 0.8317989706993103 
52.0, 0.8350865840911865 
53.0, 0.8379409909248352 
54.0, 0.8413070440292358 
55.0, 0.8448867201805115 
56.0, 0.8484663963317871 
57.0, 0.8520460724830627 
58.0, 0.8552720546722412 
59.0, 0.8584563136100769 
60.0, 0.8616405725479126 
61.0, 0.8649986982345581 
62.0, 0.8702921867370605 
63.0, 0.8752439022064209 
64.0, 0.876086413860321 
65.0, 0.8777933120727539 
66.0, 0.8817713856697083 
67.0, 0.8857484459877014 
68.0, 0.8897255659103394 
69.0, 0.8931542038917542 
70.0, 0.8959469795227051 
71.0, 0.8987388014793396 
72.0, 0.9015316367149353 
73.0, 0.9054361581802368 
74.0, 0.9099130034446716 
75.0, 0.9143888354301453 
76.0, 0.9166560769081116 
77.0, 0.9195233583450317 
78.0, 0.9234964847564697 
79.0, 0.9274706244468689 
80.0, 0.9313989877700806 
81.0, 0.9341908097267151 
82.0, 0.9369816184043884 
83.0, 0.9397724270820618 
84.0, 0.9427490234375 
85.0, 0.9463297128677368 
86.0, 0.94991135597229 
87.0, 0.953493058681488 
88.0, 0.9591342806816101 
89.0, 0.962567925453186 
90.0, 0.9653457999229431 
91.0, 0.9681246876716614 
92.0, 0.971153974533081 
93.0, 0.9743441939353943 
94.0, 0.9775344133377075 
95.0, 0.980724573135376 
96.0, 0.9835919141769409 
97.0, 0.9863807559013367 
98.0, 0.9891705513000488 
99.0, 0.9919593930244446 
100.0, 0.5533876400427526 
