Time(Seconds), Inputs 
0.0, 0.03862928971648216 
1.0, 0.2856069803237915 
2.0, 0.32470324635505676 
3.0, 0.35648512840270996 
4.0, 0.381719708442688 
5.0, 0.4047079086303711 
6.0, 0.42773687839508057 
7.0, 0.44924768805503845 
8.0, 0.47015249729156494 
9.0, 0.4870712459087372 
10.0, 0.5025473833084106 
11.0, 0.5193697810173035 
12.0, 0.5348806977272034 
13.0, 0.5503777265548706 
14.0, 0.565588653087616 
15.0, 0.5798963904380798 
16.0, 0.5938037633895874 
17.0, 0.6067832112312317 
18.0, 0.6192509531974792 
19.0, 0.6317177414894104 
20.0, 0.644185483455658 
21.0, 0.6547417044639587 
22.0, 0.6646968126296997 
23.0, 0.6747433543205261 
24.0, 0.6847898960113525 
25.0, 0.6945413947105408 
26.0, 0.7039788961410522 
27.0, 0.7134173512458801 
28.0, 0.7219686508178711 
29.0, 0.7292978763580322 
30.0, 0.7365307807922363 
31.0, 0.7435778379440308 
32.0, 0.7506259083747864 
33.0, 0.7576730251312256 
34.0, 0.7650787234306335 
35.0, 0.7729107141494751 
36.0, 0.7792673110961914 
37.0, 0.7842249870300293 
38.0, 0.7891826629638672 
39.0, 0.7941403985023499 
40.0, 0.799618661403656 
41.0, 0.8055719137191772 
42.0, 0.8115251064300537 
43.0, 0.8174782991409302 
44.0, 0.8218091130256653 
45.0, 0.8254056572914124 
46.0, 0.8292774558067322 
47.0, 0.8333548307418823 
48.0, 0.8374313116073608 
49.0, 0.8415087461471558 
50.0, 0.8455861806869507 
51.0, 0.8496626019477844 
52.0, 0.8561145663261414 
53.0, 0.8626658916473389 
54.0, 0.8652977347373962 
55.0, 0.8679295778274536 
56.0, 0.870561420917511 
57.0, 0.8731942772865295 
58.0, 0.8764441013336182 
59.0, 0.8800297379493713 
60.0, 0.8836153745651245 
61.0, 0.8871999979019165 
62.0, 0.8907856345176697 
63.0, 0.8943712711334229 
64.0, 0.8977184891700745 
65.0, 0.9009672999382019 
66.0, 0.9042151570320129 
67.0, 0.9071470499038696 
68.0, 0.9100421667098999 
69.0, 0.9129372835159302 
70.0, 0.9161503911018372 
71.0, 0.9194756746292114 
72.0, 0.9228010177612305 
73.0, 0.9261263608932495 
74.0, 0.9294517040252686 
75.0, 0.9327770471572876 
76.0, 0.9355231523513794 
77.0, 0.9381162524223328 
78.0, 0.9407103061676025 
79.0, 0.9433034062385559 
80.0, 0.945896565914154 
81.0, 0.9495109915733337 
82.0, 0.9523752927780151 
83.0, 0.9549296498298645 
84.0, 0.9574830532073975 
85.0, 0.9600374102592468 
86.0, 0.962590754032135 
87.0, 0.9651451110839844 
88.0, 0.9672513604164124 
89.0, 0.9693010449409485 
90.0, 0.971351683139801 
91.0, 0.9734013080596924 
92.0, 0.9754519462585449 
93.0, 0.9775015711784363 
94.0, 0.9805050492286682 
95.0, 0.9835581183433533 
96.0, 0.9866122603416443 
97.0, 0.9896653294563293 
98.0, 0.9912718534469604 
99.0, 0.9928227663040161 
100.0, 0.35417243302858553 
