Time(Seconds), Inputs 
0.0, 0.043194543570280075 
1.0, 0.21542131900787354 
2.0, 0.26945722103118896 
3.0, 0.3108147382736206 
4.0, 0.3467634916305542 
5.0, 0.38297057151794434 
6.0, 0.41049420833587646 
7.0, 0.4390501379966736 
8.0, 0.46352070569992065 
9.0, 0.48338526487350464 
10.0, 0.5031484961509705 
11.0, 0.5213131308555603 
12.0, 0.5368787050247192 
13.0, 0.5581620335578918 
14.0, 0.5697048306465149 
15.0, 0.5812475681304932 
16.0, 0.5933089852333069 
17.0, 0.6036168336868286 
18.0, 0.6128427386283875 
19.0, 0.6212579011917114 
20.0, 0.6296730637550354 
21.0, 0.6401229500770569 
22.0, 0.6462391018867493 
23.0, 0.6523552536964417 
24.0, 0.6599060297012329 
25.0, 0.6677708029747009 
26.0, 0.6754269003868103 
27.0, 0.6814178824424744 
28.0, 0.6868246793746948 
29.0, 0.6920207738876343 
30.0, 0.6970658898353577 
31.0, 0.7021120190620422 
32.0, 0.7063931226730347 
33.0, 0.7103314995765686 
34.0, 0.7142698168754578 
35.0, 0.7237937450408936 
36.0, 0.7283202409744263 
37.0, 0.7323241829872131 
38.0, 0.7368238568305969 
39.0, 0.7413245439529419 
40.0, 0.7461451292037964 
41.0, 0.751203179359436 
42.0, 0.7562602162361145 
43.0, 0.7606028914451599 
44.0, 0.7648343443870544 
45.0, 0.7653261423110962 
46.0, 0.7703940868377686 
47.0, 0.7754620909690857 
48.0, 0.7797610759735107 
49.0, 0.7831251621246338 
50.0, 0.7864902019500732 
51.0, 0.7906918525695801 
52.0, 0.795192539691925 
53.0, 0.7997329235076904 
54.0, 0.8054794669151306 
55.0, 0.8105196356773376 
56.0, 0.8130034804344177 
57.0, 0.8169358372688293 
58.0, 0.8208672404289246 
59.0, 0.8254970908164978 
60.0, 0.8305620551109314 
61.0, 0.8356270790100098 
62.0, 0.8401615023612976 
63.0, 0.8446462750434875 
64.0, 0.8490376472473145 
65.0, 0.8530435562133789 
66.0, 0.8569272756576538 
67.0, 0.861113965511322 
68.0, 0.865614652633667 
69.0, 0.870115339756012 
70.0, 0.8737248182296753 
71.0, 0.8770928382873535 
72.0, 0.8806675672531128 
73.0, 0.8867767453193665 
74.0, 0.8928869366645813 
75.0, 0.8951373100280762 
76.0, 0.8985112905502319 
77.0, 0.9018853306770325 
78.0, 0.906003475189209 
79.0, 0.910504162311554 
80.0, 0.9150058031082153 
81.0, 0.9200291037559509 
82.0, 0.9250771999359131 
83.0, 0.9300140142440796 
84.0, 0.9345991611480713 
85.0, 0.9396402835845947 
86.0, 0.9438111186027527 
87.0, 0.946062445640564 
88.0, 0.9483128190040588 
89.0, 0.9529008865356445 
90.0, 0.957957923412323 
91.0, 0.9629444479942322 
92.0, 0.9674312472343445 
93.0, 0.971917986869812 
94.0, 0.9764404892921448 
95.0, 0.9808249473571777 
96.0, 0.9830385446548462 
97.0, 0.986467182636261 
98.0, 0.9904054999351501 
99.0, 0.9943438768386841 
100.0, 0.7784056310919396 
