Time(Seconds), Inputs 
0.0, 0.01767781190574169 
1.0, 0.3154872953891754 
2.0, 0.34759506583213806 
3.0, 0.3702166676521301 
4.0, 0.3926604390144348 
5.0, 0.4119487404823303 
6.0, 0.4312370717525482 
7.0, 0.4473540484905243 
8.0, 0.4624367654323578 
9.0, 0.4775184988975525 
10.0, 0.49132752418518066 
11.0, 0.5050391554832458 
12.0, 0.5184159874916077 
13.0, 0.5306919813156128 
14.0, 0.5426997542381287 
15.0, 0.5547075271606445 
16.0, 0.5664251446723938 
17.0, 0.5772556066513062 
18.0, 0.5880850553512573 
19.0, 0.5989154577255249 
20.0, 0.6095839738845825 
21.0, 0.6193979978561401 
22.0, 0.628433108329773 
23.0, 0.6374692320823669 
24.0, 0.6465044021606445 
25.0, 0.6553636789321899 
26.0, 0.6640838384628296 
27.0, 0.6728050112724304 
28.0, 0.6815261840820312 
29.0, 0.6902463436126709 
30.0, 0.6979491710662842 
31.0, 0.7048482298851013 
32.0, 0.712090015411377 
33.0, 0.7193318605422974 
34.0, 0.7265726327896118 
35.0, 0.7338144779205322 
36.0, 0.7406370043754578 
37.0, 0.7470989227294922 
38.0, 0.7535607814788818 
39.0, 0.7600226998329163 
40.0, 0.7664845585823059 
41.0, 0.7731322646141052 
42.0, 0.7798832654953003 
43.0, 0.785578191280365 
44.0, 0.7912730574607849 
45.0, 0.7969679832458496 
46.0, 0.8026628494262695 
47.0, 0.8083577156066895 
48.0, 0.8140526413917542 
49.0, 0.8197475075721741 
50.0, 0.8223475813865662 
51.0, 0.8267329931259155 
52.0, 0.8316688537597656 
53.0, 0.8366037011146545 
54.0, 0.8415395021438599 
55.0, 0.84647536277771 
56.0, 0.8514102101325989 
57.0, 0.856346070766449 
58.0, 0.8612818717956543 
59.0, 0.8659842610359192 
60.0, 0.8699653148651123 
61.0, 0.8735638856887817 
62.0, 0.8771623969078064 
63.0, 0.8807609677314758 
64.0, 0.8843595385551453 
65.0, 0.8879580497741699 
66.0, 0.8915566205978394 
67.0, 0.8951551914215088 
68.0, 0.8987537026405334 
69.0, 0.9023522734642029 
70.0, 0.9081395864486694 
71.0, 0.9113247990608215 
72.0, 0.9145090579986572 
73.0, 0.9176943302154541 
74.0, 0.9208795428276062 
75.0, 0.9240648150444031 
76.0, 0.9272500276565552 
77.0, 0.930435299873352 
78.0, 0.9336205124855042 
79.0, 0.9368047714233398 
80.0, 0.9400913715362549 
81.0, 0.943435549736023 
82.0, 0.9467787742614746 
83.0, 0.9501219987869263 
84.0, 0.9526058435440063 
85.0, 0.9550906419754028 
86.0, 0.9575744271278381 
87.0, 0.9600582718849182 
88.0, 0.9625430703163147 
89.0, 0.96502685546875 
90.0, 0.9675295948982239 
91.0, 0.9700352549552917 
92.0, 0.9725409150123596 
93.0, 0.9750465750694275 
94.0, 0.9775522947311401 
95.0, 0.980057954788208 
96.0, 0.9825636148452759 
97.0, 0.9850692749023438 
98.0, 0.9875749349594116 
99.0, 0.9927124977111816 
100.0, 0.21631202653732984 
