Time(Seconds), Inputs 
0.0, 0.21535971760749817 
1.0, 0.28813353180885315 
2.0, 0.32289302349090576 
3.0, 0.3530058264732361 
4.0, 0.37696370482444763 
5.0, 0.3994481861591339 
6.0, 0.42087358236312866 
7.0, 0.44008737802505493 
8.0, 0.45780593156814575 
9.0, 0.4754648804664612 
10.0, 0.49287641048431396 
11.0, 0.5081925988197327 
12.0, 0.5226434469223022 
13.0, 0.5365101099014282 
14.0, 0.5503777265548706 
15.0, 0.5635002255439758 
16.0, 0.5759202837944031 
17.0, 0.5883413553237915 
18.0, 0.6036843657493591 
19.0, 0.6156086921691895 
20.0, 0.6275330185890198 
21.0, 0.6394572854042053 
22.0, 0.6496230363845825 
23.0, 0.6592731475830078 
24.0, 0.6689233183860779 
25.0, 0.6787671446800232 
26.0, 0.6885851621627808 
27.0, 0.6971116065979004 
28.0, 0.7056370973587036 
29.0, 0.7141634821891785 
30.0, 0.7226899266242981 
31.0, 0.7313365936279297 
32.0, 0.7401203513145447 
33.0, 0.7473820447921753 
34.0, 0.7541092038154602 
35.0, 0.7608363628387451 
36.0, 0.7675635814666748 
37.0, 0.7737492322921753 
38.0, 0.7796746492385864 
39.0, 0.7856000065803528 
40.0, 0.7916625142097473 
41.0, 0.7979893088340759 
42.0, 0.8043150901794434 
43.0, 0.8106408715248108 
44.0, 0.8161042928695679 
45.0, 0.821268618106842 
46.0, 0.8264319896697998 
47.0, 0.8315953016281128 
48.0, 0.8363781571388245 
49.0, 0.8411262035369873 
50.0, 0.8458743095397949 
51.0, 0.8506223559379578 
52.0, 0.8552879691123962 
53.0, 0.8593425154685974 
54.0, 0.8633980751037598 
55.0, 0.8672718405723572 
56.0, 0.870964765548706 
57.0, 0.8746577501296997 
58.0, 0.8783496618270874 
59.0, 0.8820425868034363 
60.0, 0.8857355713844299 
61.0, 0.8894284963607788 
62.0, 0.893362820148468 
63.0, 0.8984904289245605 
64.0, 0.9016697406768799 
65.0, 0.9048489928245544 
66.0, 0.9080283045768738 
67.0, 0.9112075567245483 
68.0, 0.9143868684768677 
69.0, 0.9175661206245422 
70.0, 0.9206659197807312 
71.0, 0.9237279891967773 
72.0, 0.9267900586128235 
73.0, 0.9298520684242249 
74.0, 0.932914137840271 
75.0, 0.9359762072563171 
76.0, 0.9390372037887573 
77.0, 0.9419820308685303 
78.0, 0.9444400072097778 
79.0, 0.9468979835510254 
80.0, 0.9493560194969177 
81.0, 0.9518129825592041 
82.0, 0.9542709589004517 
83.0, 0.9567289352416992 
84.0, 0.9591869115829468 
85.0, 0.9616469144821167 
86.0, 0.9641068577766418 
87.0, 0.9665678143501282 
88.0, 0.9690278172492981 
89.0, 0.9714877605438232 
90.0, 0.9739477634429932 
91.0, 0.9764087200164795 
92.0, 0.980915367603302 
93.0, 0.9839903116226196 
94.0, 0.986001193523407 
95.0, 0.9880121350288391 
96.0, 0.9900220036506653 
97.0, 0.9920328855514526 
98.0, 0.9940438270568848 
99.0, 0.9960547089576721 
100.0, 0.2842692227440928 
