Time(Seconds), Inputs 
0.0, 0.19380217790603638 
1.0, 0.26399680972099304 
2.0, 0.30539703369140625 
3.0, 0.3390060365200043 
4.0, 0.368712455034256 
5.0, 0.394845187664032 
6.0, 0.4175591766834259 
7.0, 0.44096267223358154 
8.0, 0.462395042181015 
9.0, 0.48248809576034546 
10.0, 0.5014664530754089 
11.0, 0.5191720724105835 
12.0, 0.5376327633857727 
13.0, 0.5534308552742004 
14.0, 0.5692299008369446 
15.0, 0.584184467792511 
16.0, 0.5978613495826721 
17.0, 0.6114299297332764 
18.0, 0.624375581741333 
19.0, 0.6362561583518982 
20.0, 0.6481357216835022 
21.0, 0.6600163578987122 
22.0, 0.6699516177177429 
23.0, 0.6796196103096008 
24.0, 0.6895260214805603 
25.0, 0.6994324922561646 
26.0, 0.7088888883590698 
27.0, 0.7168371081352234 
28.0, 0.725013792514801 
29.0, 0.7337031960487366 
30.0, 0.7423925995826721 
31.0, 0.7507749795913696 
32.0, 0.7573202848434448 
33.0, 0.7638656497001648 
34.0, 0.7699271440505981 
35.0, 0.7758743762969971 
36.0, 0.7818216681480408 
37.0, 0.7877689003944397 
38.0, 0.7932800054550171 
39.0, 0.797357439994812 
40.0, 0.802361786365509 
41.0, 0.807367205619812 
42.0, 0.8123725652694702 
43.0, 0.817376971244812 
44.0, 0.8223823308944702 
45.0, 0.8273380398750305 
46.0, 0.8322848081588745 
47.0, 0.8363264799118042 
48.0, 0.8388540148735046 
49.0, 0.8413815498352051 
50.0, 0.8444902896881104 
51.0, 0.8486641049385071 
52.0, 0.8528379201889038 
53.0, 0.8570126891136169 
54.0, 0.8611865043640137 
55.0, 0.8653613328933716 
56.0, 0.869296669960022 
57.0, 0.873195230960846 
58.0, 0.8770938515663147 
59.0, 0.8800674676895142 
60.0, 0.8826953768730164 
61.0, 0.8856083750724792 
62.0, 0.8889446258544922 
63.0, 0.8922808766365051 
64.0, 0.8956171870231628 
65.0, 0.8989524245262146 
66.0, 0.9022886753082275 
67.0, 0.9058415293693542 
68.0, 0.9094162583351135 
69.0, 0.9129899740219116 
70.0, 0.9165646433830261 
71.0, 0.9201393723487854 
72.0, 0.92066890001297 
73.0, 0.9237439036369324 
74.0, 0.9268178343772888 
75.0, 0.92989182472229 
76.0, 0.9329667687416077 
77.0, 0.9360407590866089 
78.0, 0.938306987285614 
79.0, 0.9405295252799988 
80.0, 0.9427520036697388 
81.0, 0.9449735283851624 
82.0, 0.9471960663795471 
83.0, 0.9499342441558838 
84.0, 0.9533072710037231 
85.0, 0.9566792845726013 
86.0, 0.9600523114204407 
87.0, 0.9634243249893188 
88.0, 0.9666045904159546 
89.0, 0.9694123268127441 
90.0, 0.9722031354904175 
91.0, 0.9749939441680908 
92.0, 0.9777847528457642 
93.0, 0.9805745482444763 
94.0, 0.9832302927970886 
95.0, 0.9857399463653564 
96.0, 0.9882485866546631 
97.0, 0.9907572269439697 
98.0, 0.9932668805122375 
99.0, 0.9957755208015442 
100.0, 0.3842930688684588 
