Time(Seconds), Inputs 
0.0, 0.3090710937976837 
1.0, 0.3585427403450012 
2.0, 0.3839660882949829 
3.0, 0.40493643283843994 
4.0, 0.4229142963886261 
5.0, 0.4401668608188629 
6.0, 0.4550061821937561 
7.0, 0.4698464870452881 
8.0, 0.48366743326187134 
9.0, 0.4957030117511749 
10.0, 0.5077395439147949 
11.0, 0.5197751522064209 
12.0, 0.5300204157829285 
13.0, 0.5398910641670227 
14.0, 0.5497627258300781 
15.0, 0.5596344470977783 
16.0, 0.5699740648269653 
17.0, 0.5795317888259888 
18.0, 0.5880025625228882 
19.0, 0.5964733958244324 
20.0, 0.6049441695213318 
21.0, 0.6129251718521118 
22.0, 0.6207521557807922 
23.0, 0.6285791993141174 
24.0, 0.6364061832427979 
25.0, 0.6442331671714783 
26.0, 0.6518187522888184 
27.0, 0.6589006185531616 
28.0, 0.6659834384918213 
29.0, 0.6730663180351257 
30.0, 0.680148184299469 
31.0, 0.6872310042381287 
32.0, 0.6939184069633484 
33.0, 0.7006267309188843 
34.0, 0.7075605392456055 
35.0, 0.7144943475723267 
36.0, 0.7214272022247314 
37.0, 0.7283610105514526 
38.0, 0.7351775765419006 
39.0, 0.740882396697998 
40.0, 0.7465872168540955 
41.0, 0.7522910833358765 
42.0, 0.7579959034919739 
43.0, 0.7637007236480713 
44.0, 0.7694055438041687 
45.0, 0.7751103639602661 
46.0, 0.7801098227500916 
47.0, 0.7847068309783936 
48.0, 0.7893038988113403 
49.0, 0.7947673201560974 
50.0, 0.8002386689186096 
51.0, 0.8057109713554382 
52.0, 0.8111823201179504 
53.0, 0.8166536688804626 
54.0, 0.8217951655387878 
55.0, 0.8265084624290466 
56.0, 0.8312207460403442 
57.0, 0.835934042930603 
58.0, 0.8406473398208618 
59.0, 0.8453596234321594 
60.0, 0.8500729203224182 
61.0, 0.854786217212677 
62.0, 0.8594985008239746 
63.0, 0.8632997274398804 
64.0, 0.8660517930984497 
65.0, 0.8701838850975037 
66.0, 0.8743159770965576 
67.0, 0.8784480094909668 
68.0, 0.8825801014900208 
69.0, 0.8867121934890747 
70.0, 0.8908442854881287 
71.0, 0.8949763178825378 
72.0, 0.8991084098815918 
73.0, 0.9032405018806458 
74.0, 0.9071053266525269 
75.0, 0.9108002185821533 
76.0, 0.9144941568374634 
77.0, 0.9181880950927734 
78.0, 0.9218820333480835 
79.0, 0.92557692527771 
80.0, 0.929170548915863 
81.0, 0.9326349496841431 
82.0, 0.9361003637313843 
83.0, 0.9395648241043091 
84.0, 0.9430302381515503 
85.0, 0.9464946389198303 
86.0, 0.949624240398407 
87.0, 0.9526326656341553 
88.0, 0.9556400775909424 
89.0, 0.9586484432220459 
90.0, 0.9616568684577942 
91.0, 0.9646652340888977 
92.0, 0.9676726460456848 
93.0, 0.9706810712814331 
94.0, 0.9736894369125366 
95.0, 0.9766978621482849 
96.0, 0.9799208641052246 
97.0, 0.983269989490509 
98.0, 0.9866191744804382 
99.0, 0.9899673461914062 
100.0, 0.1334786811389931 
