Time(Seconds), Inputs 
0.0, 0.05080396309494972 
1.0, 0.22327812016010284 
2.0, 0.2740791141986847 
3.0, 0.3176591396331787 
4.0, 0.35314491391181946 
5.0, 0.38695162534713745 
6.0, 0.4140729010105133 
7.0, 0.44091796875 
8.0, 0.46834924817085266 
9.0, 0.4885515868663788 
10.0, 0.5104091763496399 
11.0, 0.5276299715042114 
12.0, 0.544850766658783 
13.0, 0.5608256459236145 
14.0, 0.5767419338226318 
15.0, 0.5926582217216492 
16.0, 0.5987485647201538 
17.0, 0.6100181341171265 
18.0, 0.6212866902351379 
19.0, 0.6342561841011047 
20.0, 0.6436509490013123 
21.0, 0.6510010957717896 
22.0, 0.6584962606430054 
23.0, 0.666161298751831 
24.0, 0.6738263368606567 
25.0, 0.6812569499015808 
26.0, 0.6877913475036621 
27.0, 0.6943257451057434 
28.0, 0.6996312141418457 
29.0, 0.703713595867157 
30.0, 0.7077969908714294 
31.0, 0.7145847678184509 
32.0, 0.7235483527183533 
33.0, 0.7255781292915344 
34.0, 0.7290087938308716 
35.0, 0.7336068153381348 
36.0, 0.7382058501243591 
37.0, 0.7436702251434326 
38.0, 0.7497963309288025 
39.0, 0.7559224367141724 
40.0, 0.7612040042877197 
41.0, 0.7658884525299072 
42.0, 0.7682242393493652 
43.0, 0.7715783715248108 
44.0, 0.7756627798080444 
45.0, 0.7797471880912781 
46.0, 0.7838315367698669 
47.0, 0.7879179120063782 
48.0, 0.792003333568573 
49.0, 0.7972550988197327 
50.0, 0.8031536340713501 
51.0, 0.8086796402931213 
52.0, 0.8110760450363159 
53.0, 0.8146517276763916 
54.0, 0.8182274103164673 
55.0, 0.8221558332443237 
56.0, 0.826242208480835 
57.0, 0.830327570438385 
58.0, 0.8336867094039917 
59.0, 0.8367516994476318 
60.0, 0.8398157358169556 
61.0, 0.8449056148529053 
62.0, 0.8507385849952698 
63.0, 0.854886531829834 
64.0, 0.8585576415061951 
65.0, 0.8621313571929932 
66.0, 0.8657050728797913 
67.0, 0.8692758083343506 
68.0, 0.8728465437889099 
69.0, 0.8764172792434692 
70.0, 0.8822562098503113 
71.0, 0.8886922597885132 
72.0, 0.8923792839050293 
73.0, 0.8937632441520691 
74.0, 0.8973488807678223 
75.0, 0.9009345173835754 
76.0, 0.9053676128387451 
77.0, 0.9099646806716919 
78.0, 0.9145616888999939 
79.0, 0.918717622756958 
80.0, 0.9228020310401917 
81.0, 0.9268854260444641 
82.0, 0.9320557117462158 
83.0, 0.9369051456451416 
84.0, 0.9393144249916077 
85.0, 0.9427669048309326 
86.0, 0.9463376402854919 
87.0, 0.9499083757400513 
88.0, 0.95442795753479 
89.0, 0.9590349197387695 
90.0, 0.9636428952217102 
91.0, 0.966796338558197 
92.0, 0.9698603749275208 
93.0, 0.9729254245758057 
94.0, 0.9787842631340027 
95.0, 0.9820519685745239 
96.0, 0.9851547479629517 
97.0, 0.9887195229530334 
98.0, 0.9922922253608704 
99.0, 0.9958659410476685 
100.0, 0.7075528340692986 
