Time(Seconds), Inputs 
0.0, 0.016584932804107666 
1.0, 0.22312213480472565 
2.0, 0.27085909247398376 
3.0, 0.3104819059371948 
4.0, 0.3468429744243622 
5.0, 0.37917032837867737 
6.0, 0.41028061509132385 
7.0, 0.43739792704582214 
8.0, 0.45895645022392273 
9.0, 0.4821453392505646 
10.0, 0.5020108819007874 
11.0, 0.5217602252960205 
12.0, 0.5404623746871948 
13.0, 0.5579712390899658 
14.0, 0.5737563967704773 
15.0, 0.5874203443527222 
16.0, 0.6012800335884094 
17.0, 0.6141968965530396 
18.0, 0.6245772838592529 
19.0, 0.6349576115608215 
20.0, 0.6464070081710815 
21.0, 0.6567029356956482 
22.0, 0.6650286912918091 
23.0, 0.6732550859451294 
24.0, 0.681397020816803 
25.0, 0.6895399689674377 
26.0, 0.6970847845077515 
27.0, 0.7028641104698181 
28.0, 0.7086434960365295 
29.0, 0.7144228219985962 
30.0, 0.7211927175521851 
31.0, 0.7284057140350342 
32.0, 0.7356197237968445 
33.0, 0.7420070767402649 
34.0, 0.7468991875648499 
35.0, 0.7517912983894348 
36.0, 0.7566834688186646 
37.0, 0.7612059712409973 
38.0, 0.765658974647522 
39.0, 0.7701119780540466 
40.0, 0.7750219702720642 
41.0, 0.7805827260017395 
42.0, 0.7851738333702087 
43.0, 0.7894658446311951 
44.0, 0.7921751737594604 
45.0, 0.7948597073554993 
46.0, 0.7975441813468933 
47.0, 0.801233172416687 
48.0, 0.8056811690330505 
49.0, 0.8101282119750977 
50.0, 0.8146060109138489 
51.0, 0.8192756175994873 
52.0, 0.8239441514015198 
53.0, 0.8257980942726135 
54.0, 0.8287190794944763 
55.0, 0.8323056697845459 
56.0, 0.8358923196792603 
57.0, 0.8394709825515747 
58.0, 0.8430318236351013 
59.0, 0.8465926051139832 
60.0, 0.850153386592865 
61.0, 0.853719174861908 
62.0, 0.8572849035263062 
63.0, 0.8608517050743103 
64.0, 0.868202805519104 
65.0, 0.8710095286369324 
66.0, 0.8738172054290771 
67.0, 0.8766288757324219 
68.0, 0.8802065849304199 
69.0, 0.8837832808494568 
70.0, 0.8873609304428101 
71.0, 0.8909286856651306 
72.0, 0.8944895267486572 
73.0, 0.8980513215065002 
74.0, 0.9018644690513611 
75.0, 0.9070128798484802 
76.0, 0.9112602472305298 
77.0, 0.9140301942825317 
78.0, 0.9177002906799316 
79.0, 0.9217141270637512 
80.0, 0.9257279634475708 
81.0, 0.9294775128364563 
82.0, 0.9326111078262329 
83.0, 0.9357436895370483 
84.0, 0.9388762712478638 
85.0, 0.9430609941482544 
86.0, 0.9473808407783508 
87.0, 0.9517017006874084 
88.0, 0.9528929591178894 
89.0, 0.9560166001319885 
90.0, 0.9591402411460876 
91.0, 0.9622966647148132 
92.0, 0.966307520866394 
93.0, 0.970319390296936 
94.0, 0.9743302464485168 
95.0, 0.9783361554145813 
96.0, 0.9823380708694458 
97.0, 0.9863399863243103 
98.0, 0.9905515909194946 
99.0, 0.9957546591758728 
100.0, 0.6152747201274065 
