Time(Seconds), Inputs 
0.0, 0.1871386021375656 
1.0, 0.2623167335987091 
2.0, 0.3031635880470276 
3.0, 0.33791911602020264 
4.0, 0.3690313994884491 
5.0, 0.39614173769950867 
6.0, 0.4199327230453491 
7.0, 0.442477822303772 
8.0, 0.4646851122379303 
9.0, 0.48680299520492554 
10.0, 0.5045811533927917 
11.0, 0.5218645334243774 
12.0, 0.5398920774459839 
13.0, 0.5559901595115662 
14.0, 0.572087287902832 
15.0, 0.5864208936691284 
16.0, 0.6004027724266052 
17.0, 0.6145446300506592 
18.0, 0.6273700594902039 
19.0, 0.6396957635879517 
20.0, 0.6520224213600159 
21.0, 0.6634598970413208 
22.0, 0.6729570031166077 
23.0, 0.6824551224708557 
24.0, 0.6919532418251038 
25.0, 0.701086699962616 
26.0, 0.7089763283729553 
27.0, 0.7167655825614929 
28.0, 0.7245547771453857 
29.0, 0.7323440313339233 
30.0, 0.7401670813560486 
31.0, 0.7472996115684509 
32.0, 0.7523794770240784 
33.0, 0.7574594020843506 
34.0, 0.762539267539978 
35.0, 0.7687100768089294 
36.0, 0.7749166488647461 
37.0, 0.7811232209205627 
38.0, 0.7873297333717346 
39.0, 0.7916883826255798 
40.0, 0.7965943813323975 
41.0, 0.8015004396438599 
42.0, 0.8064064383506775 
43.0, 0.8113114833831787 
44.0, 0.8161539435386658 
45.0, 0.8209685683250427 
46.0, 0.8257831931114197 
47.0, 0.8305978178977966 
48.0, 0.8326901793479919 
49.0, 0.8359698057174683 
50.0, 0.8392494320869446 
51.0, 0.8425290584564209 
52.0, 0.8458086848258972 
53.0, 0.8493555784225464 
54.0, 0.8532859683036804 
55.0, 0.8572173714637756 
56.0, 0.8611487746238708 
57.0, 0.8650791645050049 
58.0, 0.8695996999740601 
59.0, 0.8740288019180298 
60.0, 0.8770461678504944 
61.0, 0.8800625205039978 
62.0, 0.8830252289772034 
63.0, 0.8856401443481445 
64.0, 0.8882541656494141 
65.0, 0.8908690810203552 
66.0, 0.89348304271698 
67.0, 0.896582841873169 
68.0, 0.9001854062080383 
69.0, 0.9037889242172241 
70.0, 0.9073924422264099 
71.0, 0.9109959602355957 
72.0, 0.9167733192443848 
73.0, 0.9201810956001282 
74.0, 0.9235888719558716 
75.0, 0.9269976615905762 
76.0, 0.9301888942718506 
77.0, 0.9324779510498047 
78.0, 0.9347680807113647 
79.0, 0.93705815076828 
80.0, 0.9393472075462341 
81.0, 0.9421797394752502 
82.0, 0.9454563856124878 
83.0, 0.9487320780754089 
84.0, 0.9520087242126465 
85.0, 0.9552843570709229 
86.0, 0.9574750661849976 
87.0, 0.9601436853408813 
88.0, 0.9634849429130554 
89.0, 0.9668261408805847 
90.0, 0.9701474905014038 
91.0, 0.9734182357788086 
92.0, 0.9766879081726074 
93.0, 0.9799575805664062 
94.0, 0.9832273125648499 
95.0, 0.9852501153945923 
96.0, 0.986560583114624 
97.0, 0.9878710508346558 
98.0, 0.9891805052757263 
99.0, 0.9904909729957581 
100.0, 0.45413027648729554 
