Time(Seconds), Inputs 
0.0, 0.09074073284864426 
1.0, 0.2895602285861969 
2.0, 0.3262084126472473 
3.0, 0.3554190993309021 
4.0, 0.3814653754234314 
5.0, 0.4056915044784546 
6.0, 0.4275510907173157 
7.0, 0.44809025526046753 
8.0, 0.4664943218231201 
9.0, 0.4845457077026367 
10.0, 0.5013532042503357 
11.0, 0.5181616544723511 
12.0, 0.5340153574943542 
13.0, 0.5493832230567932 
14.0, 0.5643934011459351 
15.0, 0.5778099894523621 
16.0, 0.5912007093429565 
17.0, 0.604592502117157 
18.0, 0.616410493850708 
19.0, 0.6270074248313904 
20.0, 0.6376034021377563 
21.0, 0.6491143703460693 
22.0, 0.6600849032402039 
23.0, 0.6702446937561035 
24.0, 0.6804044842720032 
25.0, 0.6905642747879028 
26.0, 0.7001955509185791 
27.0, 0.7093181014060974 
28.0, 0.7177700400352478 
29.0, 0.7259030342102051 
30.0, 0.7340350151062012 
31.0, 0.7419166564941406 
32.0, 0.7495479583740234 
33.0, 0.7571802139282227 
34.0, 0.7648124694824219 
35.0, 0.771513819694519 
36.0, 0.7781317234039307 
37.0, 0.7842418551445007 
38.0, 0.7900410890579224 
39.0, 0.7958412766456604 
40.0, 0.801640510559082 
41.0, 0.8075241446495056 
42.0, 0.8138300776481628 
43.0, 0.8201349973678589 
44.0, 0.8252864480018616 
45.0, 0.8293519616127014 
46.0, 0.8334174752235413 
47.0, 0.8374829888343811 
48.0, 0.84159916639328 
49.0, 0.845788836479187 
50.0, 0.8499795198440552 
51.0, 0.8541702032089233 
52.0, 0.8583609461784363 
53.0, 0.8625506162643433 
54.0, 0.8669698238372803 
55.0, 0.8705326318740845 
56.0, 0.8732349872589111 
57.0, 0.875938355922699 
58.0, 0.8786417841911316 
59.0, 0.8813441395759583 
60.0, 0.8840475678443909 
61.0, 0.8867499232292175 
62.0, 0.8907359838485718 
63.0, 0.894861102104187 
64.0, 0.8989862203598022 
65.0, 0.9031122922897339 
66.0, 0.9072374701499939 
67.0, 0.9096934199333191 
68.0, 0.9116546511650085 
69.0, 0.91412752866745 
70.0, 0.9166004061698914 
71.0, 0.9190733432769775 
72.0, 0.9215452075004578 
73.0, 0.9240180850028992 
74.0, 0.9264909625053406 
75.0, 0.9293185472488403 
76.0, 0.9327462315559387 
77.0, 0.9361729025840759 
78.0, 0.9396005868911743 
79.0, 0.9430282115936279 
80.0, 0.9464558959007263 
81.0, 0.9498825669288635 
82.0, 0.9509674906730652 
83.0, 0.9536678791046143 
84.0, 0.9563673138618469 
85.0, 0.959067702293396 
86.0, 0.9617680907249451 
87.0, 0.9644685387611389 
88.0, 0.967168927192688 
89.0, 0.9694878458976746 
90.0, 0.971743106842041 
91.0, 0.9739984273910522 
92.0, 0.9762537479400635 
93.0, 0.9785090088844299 
94.0, 0.9807643294334412 
95.0, 0.9830583930015564 
96.0, 0.9856415390968323 
97.0, 0.9882237315177917 
98.0, 0.9908059239387512 
99.0, 0.9933880567550659 
100.0, 0.3119946005561257 
