Time(Seconds), Inputs 
0.0, 0.20420441031455994 
1.0, 0.2698267996311188 
2.0, 0.3082176446914673 
3.0, 0.3396746814250946 
4.0, 0.36715760827064514 
5.0, 0.39283430576324463 
6.0, 0.4172084629535675 
7.0, 0.437412828207016 
8.0, 0.45758140087127686 
9.0, 0.4768091142177582 
10.0, 0.49588581919670105 
11.0, 0.5117325782775879 
12.0, 0.5256270170211792 
13.0, 0.5428100228309631 
14.0, 0.5577805042266846 
15.0, 0.5722780227661133 
16.0, 0.586775541305542 
17.0, 0.5998126268386841 
18.0, 0.6126569509506226 
19.0, 0.6257555484771729 
20.0, 0.6377444863319397 
21.0, 0.6489067077636719 
22.0, 0.6600679755210876 
23.0, 0.6712302565574646 
24.0, 0.6815689206123352 
25.0, 0.691166341304779 
26.0, 0.7003743648529053 
27.0, 0.7095823884010315 
28.0, 0.7184565663337708 
29.0, 0.7262974381446838 
30.0, 0.7341383695602417 
31.0, 0.742151141166687 
32.0, 0.7505186200141907 
33.0, 0.7588860988616943 
34.0, 0.7649505734443665 
35.0, 0.7709137201309204 
36.0, 0.7768758535385132 
37.0, 0.7828876972198486 
38.0, 0.7892502546310425 
39.0, 0.7956117987632751 
40.0, 0.8019654154777527 
41.0, 0.806905210018158 
42.0, 0.8118460178375244 
43.0, 0.8167858123779297 
44.0, 0.8217435479164124 
45.0, 0.8267031908035278 
46.0, 0.8316639065742493 
47.0, 0.8366235494613647 
48.0, 0.841583251953125 
49.0, 0.8454728722572327 
50.0, 0.848861813545227 
51.0, 0.852796196937561 
52.0, 0.8567315340042114 
53.0, 0.8606659173965454 
54.0, 0.8646012544631958 
55.0, 0.8685356378555298 
56.0, 0.8725584149360657 
57.0, 0.8766735792160034 
58.0, 0.8807897567749023 
59.0, 0.8849049806594849 
60.0, 0.888206422328949 
61.0, 0.8903455138206482 
62.0, 0.8927747011184692 
63.0, 0.8959668874740601 
64.0, 0.8991600871086121 
65.0, 0.9023532867431641 
66.0, 0.9055464863777161 
67.0, 0.9087396264076233 
68.0, 0.9119328260421753 
69.0, 0.9151280522346497 
70.0, 0.9183222055435181 
71.0, 0.9215164184570312 
72.0, 0.9247115850448608 
73.0, 0.9279057383537292 
74.0, 0.9300190210342407 
75.0, 0.9325892329216003 
76.0, 0.935521125793457 
77.0, 0.9384530186653137 
78.0, 0.9413859248161316 
79.0, 0.9443178176879883 
80.0, 0.947249710559845 
81.0, 0.9500345587730408 
82.0, 0.9527329802513123 
83.0, 0.9554324150085449 
84.0, 0.9581317901611328 
85.0, 0.9608312249183655 
86.0, 0.963529646396637 
87.0, 0.9666244983673096 
88.0, 0.9702597856521606 
89.0, 0.9731976389884949 
90.0, 0.9746859669685364 
91.0, 0.9761732816696167 
92.0, 0.9776615500450134 
93.0, 0.9794777035713196 
94.0, 0.982416570186615 
95.0, 0.9853554368019104 
96.0, 0.9882943034172058 
97.0, 0.9912331104278564 
98.0, 0.9941719770431519 
99.0, 0.9971108436584473 
100.0, 0.33933460796545717 
