Time(Seconds), Inputs 
0.0, 0.13908372819423676 
1.0, 0.22657960653305054 
2.0, 0.2734452188014984 
3.0, 0.3141579329967499 
4.0, 0.34958112239837646 
5.0, 0.38057616353034973 
6.0, 0.4072265028953552 
7.0, 0.43485549092292786 
8.0, 0.4601864218711853 
9.0, 0.48479506373405457 
10.0, 0.5024013519287109 
11.0, 0.5232564806938171 
12.0, 0.5385935306549072 
13.0, 0.5554407238960266 
14.0, 0.574112057685852 
15.0, 0.5868312120437622 
16.0, 0.5996973514556885 
17.0, 0.6131387948989868 
18.0, 0.6236363649368286 
19.0, 0.6340216994285583 
20.0, 0.6450230479240417 
21.0, 0.6560779809951782 
22.0, 0.6638721823692322 
23.0, 0.6711329221725464 
24.0, 0.6780895590782166 
25.0, 0.6850472092628479 
26.0, 0.6937395930290222 
27.0, 0.7020931839942932 
28.0, 0.708136796951294 
29.0, 0.7140661478042603 
30.0, 0.7186800837516785 
31.0, 0.7232950329780579 
32.0, 0.7279099225997925 
33.0, 0.7349202632904053 
34.0, 0.7417269349098206 
35.0, 0.7453383803367615 
36.0, 0.7494803667068481 
37.0, 0.7540993094444275 
38.0, 0.7587192058563232 
39.0, 0.7633380889892578 
40.0, 0.767956018447876 
41.0, 0.7725738883018494 
42.0, 0.7771918177604675 
43.0, 0.7817004323005676 
44.0, 0.7853615880012512 
45.0, 0.7884931564331055 
46.0, 0.7923152446746826 
47.0, 0.7964642643928528 
48.0, 0.8006132245063782 
49.0, 0.8044055104255676 
50.0, 0.8076364398002625 
51.0, 0.8108683824539185 
52.0, 0.8143288493156433 
53.0, 0.8197525143623352 
54.0, 0.8251771330833435 
55.0, 0.8258904814720154 
56.0, 0.829319179058075 
57.0, 0.8334919810295105 
58.0, 0.8376657962799072 
59.0, 0.8413199782371521 
60.0, 0.8445528745651245 
61.0, 0.8477868437767029 
62.0, 0.8513942956924438 
63.0, 0.8560132384300232 
64.0, 0.860633134841919 
65.0, 0.8652530312538147 
66.0, 0.8714943528175354 
67.0, 0.8754088282585144 
68.0, 0.8793233036994934 
69.0, 0.8824270963668823 
70.0, 0.8851950764656067 
71.0, 0.8879620432853699 
72.0, 0.8915069699287415 
73.0, 0.896125853061676 
74.0, 0.9007437825202942 
75.0, 0.9052414298057556 
76.0, 0.9089791178703308 
77.0, 0.9122030735015869 
78.0, 0.9149432182312012 
79.0, 0.9181046485900879 
80.0, 0.9213365912437439 
81.0, 0.9245694875717163 
82.0, 0.9280756711959839 
83.0, 0.9317845106124878 
84.0, 0.9354943037033081 
85.0, 0.9399492740631104 
86.0, 0.9461250305175781 
87.0, 0.9523007869720459 
88.0, 0.9517782330513 
89.0, 0.9550121426582336 
90.0, 0.9582460522651672 
91.0, 0.9614800214767456 
92.0, 0.9657283425331116 
93.0, 0.9703452587127686 
94.0, 0.9749631285667419 
95.0, 0.9789571166038513 
96.0, 0.9821890592575073 
97.0, 0.9854199886322021 
98.0, 0.989194393157959 
99.0, 0.995697021484375 
100.0, 0.6423187801004092 
