Time(Seconds), Inputs 
0.0, 0.13186775147914886 
1.0, 0.2160959243774414 
2.0, 0.2665064334869385 
3.0, 0.30905818939208984 
4.0, 0.34559014439582825 
5.0, 0.37462693452835083 
6.0, 0.40483808517456055 
7.0, 0.4320001006126404 
8.0, 0.4558317959308624 
9.0, 0.4800023138523102 
10.0, 0.49970194697380066 
11.0, 0.5192376375198364 
12.0, 0.537266194820404 
13.0, 0.5536156296730042 
14.0, 0.5689347982406616 
15.0, 0.583695650100708 
16.0, 0.5966174602508545 
17.0, 0.6087762117385864 
18.0, 0.6204471588134766 
19.0, 0.6313819289207458 
20.0, 0.6421159505844116 
21.0, 0.6510795950889587 
22.0, 0.6590526103973389 
23.0, 0.6665805578231812 
24.0, 0.6741095185279846 
25.0, 0.682072639465332 
26.0, 0.6897982954978943 
27.0, 0.6962124705314636 
28.0, 0.70259690284729 
29.0, 0.7087041139602661 
30.0, 0.7148122787475586 
31.0, 0.7209194898605347 
32.0, 0.7281275391578674 
33.0, 0.733406126499176 
34.0, 0.7382575273513794 
35.0, 0.7427124977111816 
36.0, 0.7469419240951538 
37.0, 0.751171350479126 
38.0, 0.7555866241455078 
39.0, 0.760278046131134 
40.0, 0.7649694681167603 
41.0, 0.7719847559928894 
42.0, 0.7754531502723694 
43.0, 0.7789215445518494 
44.0, 0.7823899388313293 
45.0, 0.7874579429626465 
46.0, 0.7926222681999207 
47.0, 0.7977856397628784 
48.0, 0.801640510559082 
49.0, 0.8049459457397461 
50.0, 0.8082514405250549 
51.0, 0.8151643872261047 
52.0, 0.8176899552345276 
53.0, 0.8202154636383057 
54.0, 0.8231642842292786 
55.0, 0.8273996710777283 
56.0, 0.831635057926178 
57.0, 0.8358625173568726 
58.0, 0.8396170735359192 
59.0, 0.8433706164360046 
60.0, 0.8471241593360901 
61.0, 0.8512522578239441 
62.0, 0.855488657951355 
63.0, 0.8588576912879944 
64.0, 0.861684262752533 
65.0, 0.8644969463348389 
66.0, 0.8673105835914612 
67.0, 0.8705703616142273 
68.0, 0.8748186826705933 
69.0, 0.8790670037269592 
70.0, 0.8832706212997437 
71.0, 0.8870221376419067 
72.0, 0.8907747268676758 
73.0, 0.8945272564888 
74.0, 0.9005540013313293 
75.0, 0.9027417302131653 
76.0, 0.9049294590950012 
77.0, 0.90840083360672 
78.0, 0.9126213788986206 
79.0, 0.9168418645858765 
80.0, 0.9208894968032837 
81.0, 0.9246628880500793 
82.0, 0.9284372925758362 
83.0, 0.9324809312820435 
84.0, 0.93787682056427 
85.0, 0.9426944255828857 
86.0, 0.9451136589050293 
87.0, 0.9496570229530334 
88.0, 0.9543434977531433 
89.0, 0.9590299725532532 
90.0, 0.9624307751655579 
91.0, 0.9652613401412964 
92.0, 0.9680929183959961 
93.0, 0.9713606238365173 
94.0, 0.9751220941543579 
95.0, 0.9788845777511597 
96.0, 0.9848706126213074 
97.0, 0.9873802065849304 
98.0, 0.9898889064788818 
99.0, 0.9923975467681885 
100.0, 0.6522660205502493 
