Time(Seconds), Inputs 
0.0, 0.10137742757797241 
1.0, 0.29595059156417847 
2.0, 0.33111149072647095 
3.0, 0.360103577375412 
4.0, 0.3852139413356781 
5.0, 0.4091847538948059 
6.0, 0.4288923442363739 
7.0, 0.4485999345779419 
8.0, 0.46608299016952515 
9.0, 0.4832729995250702 
10.0, 0.4992429316043854 
11.0, 0.5139033794403076 
12.0, 0.5291271805763245 
13.0, 0.5435939431190491 
14.0, 0.5574397444725037 
15.0, 0.5712854862213135 
16.0, 0.5839787721633911 
17.0, 0.5954033732414246 
18.0, 0.6070703268051147 
19.0, 0.6213383674621582 
20.0, 0.6316978335380554 
21.0, 0.6420573592185974 
22.0, 0.6524168252944946 
23.0, 0.6627773642539978 
24.0, 0.6723539233207703 
25.0, 0.6818609833717346 
26.0, 0.6932845711708069 
27.0, 0.7056142091751099 
28.0, 0.7136905789375305 
29.0, 0.7215613126754761 
30.0, 0.7294320464134216 
31.0, 0.7373027205467224 
32.0, 0.745173454284668 
33.0, 0.7510183453559875 
34.0, 0.7577594518661499 
35.0, 0.7645004987716675 
36.0, 0.7712416052818298 
37.0, 0.7779826521873474 
38.0, 0.7847237586975098 
39.0, 0.7913952469825745 
40.0, 0.7955770492553711 
41.0, 0.8010931015014648 
42.0, 0.8066985607147217 
43.0, 0.8123050332069397 
44.0, 0.8179104924201965 
45.0, 0.8235159516334534 
46.0, 0.8291224241256714 
47.0, 0.8342490196228027 
48.0, 0.8378565311431885 
49.0, 0.8421793580055237 
50.0, 0.8465011715888977 
51.0, 0.8508240580558777 
52.0, 0.8551458716392517 
53.0, 0.8594686985015869 
54.0, 0.8637905120849609 
55.0, 0.8680447936058044 
56.0, 0.8720199465751648 
57.0, 0.8759940266609192 
58.0, 0.8793670535087585 
59.0, 0.8826754689216614 
60.0, 0.8859829306602478 
61.0, 0.8892914056777954 
62.0, 0.8925998210906982 
63.0, 0.8958953619003296 
64.0, 0.8991888761520386 
65.0, 0.9024834036827087 
66.0, 0.9057769775390625 
67.0, 0.9090715050697327 
68.0, 0.9123650193214417 
69.0, 0.9156585931777954 
70.0, 0.9196962714195251 
71.0, 0.9222327470779419 
72.0, 0.9247692227363586 
73.0, 0.9273056983947754 
74.0, 0.9298431277275085 
75.0, 0.9323796033859253 
76.0, 0.934916079044342 
77.0, 0.9374674558639526 
78.0, 0.9401350617408752 
79.0, 0.9428027272224426 
80.0, 0.9454703330993652 
81.0, 0.9481379389762878 
82.0, 0.9508065581321716 
83.0, 0.9534741640090942 
84.0, 0.9561417698860168 
85.0, 0.9605718851089478 
86.0, 0.9637978672981262 
87.0, 0.9666125774383545 
88.0, 0.969427227973938 
89.0, 0.9722418785095215 
90.0, 0.975056529045105 
91.0, 0.9778711795806885 
92.0, 0.980355978012085 
93.0, 0.9822178483009338 
94.0, 0.9840797185897827 
95.0, 0.9859415888786316 
96.0, 0.9878034591674805 
97.0, 0.9896653294563293 
98.0, 0.991526186466217 
99.0, 0.9933880567550659 
100.0, 0.28595761351393933 
