Time(Seconds), Inputs 
0.0, 0.010977471247315407 
1.0, 0.3532959222793579 
2.0, 0.3791981339454651 
3.0, 0.4009394645690918 
4.0, 0.4193922281265259 
5.0, 0.437121719121933 
6.0, 0.4515765309333801 
7.0, 0.46568161249160767 
8.0, 0.4793386161327362 
9.0, 0.49190276861190796 
10.0, 0.5044668912887573 
11.0, 0.5170320272445679 
12.0, 0.5276120901107788 
13.0, 0.5379894375801086 
14.0, 0.5483668446540833 
15.0, 0.5587432384490967 
16.0, 0.5678161382675171 
17.0, 0.5765810012817383 
18.0, 0.5853458642959595 
19.0, 0.5941107869148254 
20.0, 0.6044275760650635 
21.0, 0.6125466227531433 
22.0, 0.6206667423248291 
23.0, 0.6287868022918701 
24.0, 0.6369069218635559 
25.0, 0.6450260281562805 
26.0, 0.6526294946670532 
27.0, 0.6601812839508057 
28.0, 0.6677320599555969 
29.0, 0.6752838492393494 
30.0, 0.6828346252441406 
31.0, 0.6901271343231201 
32.0, 0.6967480182647705 
33.0, 0.7033688426017761 
34.0, 0.7099897265434265 
35.0, 0.7166006565093994 
36.0, 0.7232085466384888 
37.0, 0.7298175096511841 
38.0, 0.7357021570205688 
39.0, 0.7414586544036865 
40.0, 0.7472151517868042 
41.0, 0.7529716491699219 
42.0, 0.7587281465530396 
43.0, 0.7644846439361572 
44.0, 0.7702410817146301 
45.0, 0.7757750749588013 
46.0, 0.7810506820678711 
47.0, 0.7863273024559021 
48.0, 0.7916029095649719 
49.0, 0.7969262003898621 
50.0, 0.8023101687431335 
51.0, 0.8076940774917603 
52.0, 0.813077986240387 
53.0, 0.8180863261222839 
54.0, 0.8226972818374634 
55.0, 0.8273072838783264 
56.0, 0.8319172263145447 
57.0, 0.8365281820297241 
58.0, 0.8411381244659424 
59.0, 0.8457481265068054 
60.0, 0.8503590822219849 
61.0, 0.8549690246582031 
62.0, 0.8592888712882996 
63.0, 0.8627910614013672 
64.0, 0.8669161796569824 
65.0, 0.8710671067237854 
66.0, 0.8752180933952332 
67.0, 0.8793690204620361 
68.0, 0.8835200071334839 
69.0, 0.8876709342002869 
70.0, 0.8918209075927734 
71.0, 0.8959718346595764 
72.0, 0.9001228213310242 
73.0, 0.9039270281791687 
74.0, 0.9076517224311829 
75.0, 0.9113764762878418 
76.0, 0.9151012301445007 
77.0, 0.9188259243965149 
78.0, 0.9225248098373413 
79.0, 0.9262008666992188 
80.0, 0.9298769235610962 
81.0, 0.9335529804229736 
82.0, 0.9372290372848511 
83.0, 0.9409050345420837 
84.0, 0.9442979693412781 
85.0, 0.9470828175544739 
86.0, 0.9498676657676697 
87.0, 0.9526525139808655 
88.0, 0.9554383754730225 
89.0, 0.9582232236862183 
90.0, 0.9610080718994141 
91.0, 0.9637929201126099 
92.0, 0.9665758013725281 
93.0, 0.9693408012390137 
94.0, 0.9721067547798157 
95.0, 0.9748727083206177 
96.0, 0.9776377081871033 
97.0, 0.9804036617279053 
98.0, 0.983169674873352 
99.0, 0.985935628414154 
100.0, 0.14598937995818412 
