Time(Seconds), Inputs 
0.0, 0.16303466260433197 
1.0, 0.2444302886724472 
2.0, 0.2885458469390869 
3.0, 0.3238309323787689 
4.0, 0.35378673672676086 
5.0, 0.3835795819759369 
6.0, 0.4092920422554016 
7.0, 0.4338867962360382 
8.0, 0.4577800929546356 
9.0, 0.47857362031936646 
10.0, 0.49798712134361267 
11.0, 0.516632616519928 
12.0, 0.5348827242851257 
13.0, 0.5515660047531128 
14.0, 0.5673750042915344 
15.0, 0.5831839442253113 
16.0, 0.5975026488304138 
17.0, 0.6101641654968262 
18.0, 0.6237913966178894 
19.0, 0.6371970176696777 
20.0, 0.6479479670524597 
21.0, 0.6586989164352417 
22.0, 0.6694856286048889 
23.0, 0.6805436015129089 
24.0, 0.6890730261802673 
25.0, 0.6976024508476257 
26.0, 0.706130862236023 
27.0, 0.715158998966217 
28.0, 0.7234798073768616 
29.0, 0.7307424545288086 
30.0, 0.7380051612854004 
31.0, 0.7452678084373474 
32.0, 0.7515250444412231 
33.0, 0.7577475309371948 
34.0, 0.7636401057243347 
35.0, 0.7686455249786377 
36.0, 0.7733657360076904 
37.0, 0.7777263522148132 
38.0, 0.7820879220962524 
39.0, 0.7864494919776917 
40.0, 0.7908101081848145 
41.0, 0.7975650429725647 
42.0, 0.8045942783355713 
43.0, 0.8083338737487793 
44.0, 0.8118798136711121 
45.0, 0.815607488155365 
46.0, 0.8196491599082947 
47.0, 0.8236908316612244 
48.0, 0.827732503414154 
49.0, 0.8317751288414001 
50.0, 0.8360195159912109 
51.0, 0.8403035998344421 
52.0, 0.8445876836776733 
53.0, 0.8481166958808899 
54.0, 0.8502427935600281 
55.0, 0.8536118865013123 
56.0, 0.8569809198379517 
57.0, 0.8603509664535522 
58.0, 0.8637199997901917 
59.0, 0.8676056861877441 
60.0, 0.8716354370117188 
61.0, 0.8756651878356934 
62.0, 0.8796939253807068 
63.0, 0.8835547566413879 
64.0, 0.8868850469589233 
65.0, 0.8902153372764587 
66.0, 0.8923216462135315 
67.0, 0.8943672776222229 
68.0, 0.8975982666015625 
69.0, 0.9013001322746277 
70.0, 0.9050019979476929 
71.0, 0.9087038636207581 
72.0, 0.9122805595397949 
73.0, 0.9153068661689758 
74.0, 0.918333113193512 
75.0, 0.9213594198226929 
76.0, 0.9243857264518738 
77.0, 0.9277239441871643 
78.0, 0.9312301278114319 
79.0, 0.9343001246452332 
80.0, 0.9368902444839478 
81.0, 0.939532995223999 
82.0, 0.9425642490386963 
83.0, 0.9455955028533936 
84.0, 0.9486267566680908 
85.0, 0.9516569972038269 
86.0, 0.9546892642974854 
87.0, 0.9577224850654602 
88.0, 0.9607557058334351 
89.0, 0.9637879729270935 
90.0, 0.9669443964958191 
91.0, 0.971781849861145 
92.0, 0.976068913936615 
93.0, 0.9777966737747192 
94.0, 0.9795234203338623 
95.0, 0.9821175336837769 
96.0, 0.9854846000671387 
97.0, 0.9888516664505005 
98.0, 0.9922186732292175 
99.0, 0.9955867528915405 
100.0, 0.4652357572634869 
