Time(Seconds), Inputs 
0.0, 0.11961061507463455 
1.0, 0.21192508935928345 
2.0, 0.26457104086875916 
3.0, 0.30686646699905396 
4.0, 0.34574711322784424 
5.0, 0.3799194395542145 
6.0, 0.4090367257595062 
7.0, 0.43446800112724304 
8.0, 0.46075671911239624 
9.0, 0.4836207330226898 
10.0, 0.5055269598960876 
11.0, 0.5212118029594421 
12.0, 0.5397857427597046 
13.0, 0.5564064383506775 
14.0, 0.5704708099365234 
15.0, 0.5835028886795044 
16.0, 0.5954500436782837 
17.0, 0.6053763628005981 
18.0, 0.6145525574684143 
19.0, 0.6237288117408752 
20.0, 0.6355189681053162 
21.0, 0.644081175327301 
22.0, 0.6525171995162964 
23.0, 0.6594033241271973 
24.0, 0.6662904620170593 
25.0, 0.676796019077301 
26.0, 0.6820248961448669 
27.0, 0.6872538328170776 
28.0, 0.693719744682312 
29.0, 0.700575053691864 
30.0, 0.7072724103927612 
31.0, 0.7125013470649719 
32.0, 0.7177302837371826 
33.0, 0.722488284111023 
34.0, 0.7270535230636597 
35.0, 0.7316187620162964 
36.0, 0.7344105839729309 
37.0, 0.736703634262085 
38.0, 0.7394338250160217 
39.0, 0.7451674938201904 
40.0, 0.7509011030197144 
41.0, 0.7564449906349182 
42.0, 0.7616997361183167 
43.0, 0.7653877139091492 
44.0, 0.7684130072593689 
45.0, 0.771284282207489 
46.0, 0.774707019329071 
47.0, 0.780980110168457 
48.0, 0.7872532606124878 
49.0, 0.7915592193603516 
50.0, 0.793853223323822 
51.0, 0.7961483001708984 
52.0, 0.8020548224449158 
53.0, 0.8061938285827637 
54.0, 0.8093989491462708 
55.0, 0.8134157657623291 
56.0, 0.8174325823783875 
57.0, 0.8220425844192505 
58.0, 0.8271820545196533 
59.0, 0.8323205709457397 
60.0, 0.837746262550354 
61.0, 0.843216598033905 
62.0, 0.8446432948112488 
63.0, 0.8492304086685181 
64.0, 0.8538175225257874 
65.0, 0.8587136268615723 
66.0, 0.8638511300086975 
67.0, 0.8689886927604675 
68.0, 0.8725931644439697 
69.0, 0.8760208487510681 
70.0, 0.8809567093849182 
71.0, 0.8894473314285278 
72.0, 0.8904150724411011 
73.0, 0.8934940099716187 
74.0, 0.898077130317688 
75.0, 0.9026592969894409 
76.0, 0.9056398272514343 
77.0, 0.908498227596283 
78.0, 0.9122775793075562 
79.0, 0.9185835123062134 
80.0, 0.9248894453048706 
81.0, 0.9296136498451233 
82.0, 0.9327114224433899 
83.0, 0.9348236918449402 
84.0, 0.9387431740760803 
85.0, 0.9427599906921387 
86.0, 0.9464290738105774 
87.0, 0.9492844343185425 
88.0, 0.9521398544311523 
89.0, 0.9557314515113831 
90.0, 0.9597492814064026 
91.0, 0.9637660980224609 
92.0, 0.9716149568557739 
93.0, 0.975948691368103 
94.0, 0.9787951707839966 
95.0, 0.9828060269355774 
96.0, 0.9868178963661194 
97.0, 0.9904412627220154 
98.0, 0.9938679337501526 
99.0, 0.997295618057251 
100.0, 0.7931433875974604 
