Time(Seconds), Inputs 
0.0, 0.005056054797023535 
1.0, 0.26112550497055054 
2.0, 0.30459028482437134 
3.0, 0.33912426233291626 
4.0, 0.3683905601501465 
5.0, 0.3967318832874298 
6.0, 0.42191082239151 
7.0, 0.4443734586238861 
8.0, 0.46609392762184143 
9.0, 0.4873643219470978 
10.0, 0.5073938369750977 
11.0, 0.5256498456001282 
12.0, 0.5433803200721741 
13.0, 0.5600546598434448 
14.0, 0.5767290592193604 
15.0, 0.5895564556121826 
16.0, 0.6048666834831238 
17.0, 0.6201769113540649 
18.0, 0.6335736513137817 
19.0, 0.6465689539909363 
20.0, 0.6595742106437683 
21.0, 0.671069324016571 
22.0, 0.6806181073188782 
23.0, 0.6901678442955017 
24.0, 0.6997166275978088 
25.0, 0.7115902900695801 
26.0, 0.7195911407470703 
27.0, 0.7275930047035217 
28.0, 0.7355948686599731 
29.0, 0.7435957193374634 
30.0, 0.7507262825965881 
31.0, 0.7573163509368896 
32.0, 0.7641905546188354 
33.0, 0.7710647583007812 
34.0, 0.777938961982727 
35.0, 0.784216046333313 
36.0, 0.7895125150680542 
37.0, 0.7947484254837036 
38.0, 0.7993375062942505 
39.0, 0.8039276003837585 
40.0, 0.808515727519989 
41.0, 0.8131018280982971 
42.0, 0.8176889419555664 
43.0, 0.8222760558128357 
44.0, 0.8268621563911438 
45.0, 0.8314989805221558 
46.0, 0.836190402507782 
47.0, 0.8399806618690491 
48.0, 0.8436219692230225 
49.0, 0.8472632169723511 
50.0, 0.8510853052139282 
51.0, 0.8550723195075989 
52.0, 0.8590583801269531 
53.0, 0.8630453944206238 
54.0, 0.8670324087142944 
55.0, 0.8709697723388672 
56.0, 0.8748693466186523 
57.0, 0.8787699341773987 
58.0, 0.8816799521446228 
59.0, 0.8844151496887207 
60.0, 0.8875526785850525 
61.0, 0.890926718711853 
62.0, 0.8943007588386536 
63.0, 0.8976747393608093 
64.0, 0.9010487794876099 
65.0, 0.9040025472640991 
66.0, 0.9067595601081848 
67.0, 0.9095156192779541 
68.0, 0.9122726321220398 
69.0, 0.9150296449661255 
70.0, 0.9199893474578857 
71.0, 0.9237021803855896 
72.0, 0.9264244437217712 
73.0, 0.9291476607322693 
74.0, 0.9318699240684509 
75.0, 0.9343835711479187 
76.0, 0.9368366003036499 
77.0, 0.9392886161804199 
78.0, 0.9417415857315063 
79.0, 0.9441936612129211 
80.0, 0.9471464157104492 
81.0, 0.9502044916152954 
82.0, 0.953263521194458 
83.0, 0.9563226103782654 
84.0, 0.9593806862831116 
85.0, 0.9632127285003662 
86.0, 0.9660611748695374 
87.0, 0.9684585332870483 
88.0, 0.9708558917045593 
89.0, 0.9732533097267151 
90.0, 0.9762576818466187 
91.0, 0.9793197512626648 
92.0, 0.9823827743530273 
93.0, 0.9854458570480347 
94.0, 0.988507866859436 
95.0, 0.990692675113678 
96.0, 0.99283766746521 
97.0, 0.9949817061424255 
98.0, 0.9971257448196411 
99.0, 0.9992697834968567 
100.0, 0.4255638969677098 
