Time(Seconds), Inputs 
0.0, 0.060825660824775696 
1.0, 0.27057594060897827 
2.0, 0.31051865220069885 
3.0, 0.34245556592941284 
4.0, 0.3714476525783539 
5.0, 0.3966335356235504 
6.0, 0.4224165380001068 
7.0, 0.44369587302207947 
8.0, 0.4645569324493408 
9.0, 0.484208881855011 
10.0, 0.5042672157287598 
11.0, 0.5199142098426819 
12.0, 0.5355603098869324 
13.0, 0.5508009791374207 
14.0, 0.5652488470077515 
15.0, 0.5814820528030396 
16.0, 0.59709632396698 
17.0, 0.6098442673683167 
18.0, 0.6225911974906921 
19.0, 0.6350261569023132 
20.0, 0.6468988060951233 
21.0, 0.658412754535675 
22.0, 0.6699098944664001 
23.0, 0.6796931028366089 
24.0, 0.6887759566307068 
25.0, 0.6978597640991211 
26.0, 0.7084477543830872 
27.0, 0.7181495428085327 
28.0, 0.7250972390174866 
29.0, 0.7320449948310852 
30.0, 0.7389927506446838 
31.0, 0.7463805675506592 
32.0, 0.7543596029281616 
33.0, 0.7612248659133911 
34.0, 0.7670916318893433 
35.0, 0.7729573845863342 
36.0, 0.778884768486023 
37.0, 0.785112202167511 
38.0, 0.791339635848999 
39.0, 0.7975670695304871 
40.0, 0.8020418882369995 
41.0, 0.8048784136772156 
42.0, 0.8095817565917969 
43.0, 0.8144629597663879 
44.0, 0.8193451762199402 
45.0, 0.8242263197898865 
46.0, 0.8291075229644775 
47.0, 0.8333717584609985 
48.0, 0.8372783064842224 
49.0, 0.8411858081817627 
50.0, 0.8448907136917114 
51.0, 0.848415732383728 
52.0, 0.8520212173461914 
53.0, 0.8557578921318054 
54.0, 0.8594945073127747 
55.0, 0.8632311820983887 
56.0, 0.8669678568840027 
57.0, 0.8707621097564697 
58.0, 0.8750342726707458 
59.0, 0.8793074488639832 
60.0, 0.8835805654525757 
61.0, 0.8864558339118958 
62.0, 0.8882272839546204 
63.0, 0.8906922340393066 
64.0, 0.8932814002037048 
65.0, 0.8958715200424194 
66.0, 0.8984606266021729 
67.0, 0.9010497331619263 
68.0, 0.9041455984115601 
69.0, 0.9076110124588013 
70.0, 0.9110754132270813 
71.0, 0.9145398736000061 
72.0, 0.9180052876472473 
73.0, 0.9215481877326965 
74.0, 0.9252510666847229 
75.0, 0.9285704493522644 
76.0, 0.9309092164039612 
77.0, 0.933247983455658 
78.0, 0.9356105327606201 
79.0, 0.9384957551956177 
80.0, 0.9413809776306152 
81.0, 0.944266140460968 
82.0, 0.9471513628959656 
83.0, 0.9500365853309631 
84.0, 0.9529178142547607 
85.0, 0.9557990431785583 
86.0, 0.9586792588233948 
87.0, 0.9615604877471924 
88.0, 0.9644407033920288 
89.0, 0.9682051539421082 
90.0, 0.9714808464050293 
91.0, 0.9736070036888123 
92.0, 0.9757331013679504 
93.0, 0.9778592586517334 
94.0, 0.9800320863723755 
95.0, 0.9823410511016846 
96.0, 0.9846510291099548 
97.0, 0.9869599938392639 
98.0, 0.9892699122428894 
99.0, 0.9915788769721985 
100.0, 0.40039346105203993 
