Time(Seconds), Inputs 
0.0, 0.169945627450943 
1.0, 0.3343672752380371 
2.0, 0.3643558621406555 
3.0, 0.3859899044036865 
4.0, 0.4072662591934204 
5.0, 0.42508018016815186 
6.0, 0.4415677487850189 
7.0, 0.4573638141155243 
8.0, 0.47195473313331604 
9.0, 0.48654666543006897 
10.0, 0.49987781047821045 
11.0, 0.5116947889328003 
12.0, 0.5235127806663513 
13.0, 0.5353298187255859 
14.0, 0.5458740592002869 
15.0, 0.5562127232551575 
16.0, 0.5665513277053833 
17.0, 0.5805243253707886 
18.0, 0.5901873111724854 
19.0, 0.5998494029045105 
20.0, 0.6095114350318909 
21.0, 0.6191734671592712 
22.0, 0.6280665397644043 
23.0, 0.6366575360298157 
24.0, 0.645248532295227 
25.0, 0.6538395881652832 
26.0, 0.6624296307563782 
27.0, 0.6690981388092041 
28.0, 0.6752640008926392 
29.0, 0.6829608082771301 
30.0, 0.6906566619873047 
31.0, 0.6983535289764404 
32.0, 0.7060503959655762 
33.0, 0.713188886642456 
34.0, 0.720264732837677 
35.0, 0.7273406386375427 
36.0, 0.7344155311584473 
37.0, 0.741491436958313 
38.0, 0.7485673427581787 
39.0, 0.7533600926399231 
40.0, 0.7582830190658569 
41.0, 0.7645819783210754 
42.0, 0.7708819508552551 
43.0, 0.7771809101104736 
44.0, 0.7834798693656921 
45.0, 0.789779782295227 
46.0, 0.79557204246521 
47.0, 0.8011318445205688 
48.0, 0.806691586971283 
49.0, 0.8122513890266418 
50.0, 0.817811131477356 
51.0, 0.8233718872070312 
52.0, 0.8285660743713379 
53.0, 0.8332376480102539 
54.0, 0.8377214074134827 
55.0, 0.8421555161476135 
56.0, 0.8465886116027832 
57.0, 0.8510217666625977 
58.0, 0.8554558753967285 
59.0, 0.8598889708518982 
60.0, 0.8643220663070679 
61.0, 0.8687561750411987 
62.0, 0.8731892704963684 
63.0, 0.8776203989982605 
64.0, 0.8818379640579224 
65.0, 0.8858667016029358 
66.0, 0.8898954391479492 
67.0, 0.8939241766929626 
68.0, 0.8979519605636597 
69.0, 0.9019806981086731 
70.0, 0.9060094356536865 
71.0, 0.9100381731987 
72.0, 0.9140669107437134 
73.0, 0.9180957078933716 
74.0, 0.9213306307792664 
75.0, 0.9231487512588501 
76.0, 0.9260289669036865 
77.0, 0.9293841123580933 
78.0, 0.9327402710914612 
79.0, 0.9360954165458679 
80.0, 0.9394515156745911 
81.0, 0.9428066611289978 
82.0, 0.9461628198623657 
83.0, 0.9495179653167725 
84.0, 0.9528740644454956 
85.0, 0.9562292098999023 
86.0, 0.9595853686332703 
87.0, 0.9629404544830322 
88.0, 0.965476930141449 
89.0, 0.9681604504585266 
90.0, 0.9708439707756042 
91.0, 0.9735264778137207 
92.0, 0.9762099981307983 
93.0, 0.978893518447876 
94.0, 0.9815770387649536 
95.0, 0.9842595458030701 
96.0, 0.9869430661201477 
97.0, 0.9896265864372253 
98.0, 0.992310106754303 
99.0, 0.9949926137924194 
100.0, 0.17802622222032968 
