Time(Seconds), Inputs 
0.0, 0.05266483500599861 
1.0, 0.31726670265197754 
2.0, 0.34801334142684937 
3.0, 0.3706289827823639 
4.0, 0.3924269378185272 
5.0, 0.4124157130718231 
6.0, 0.4313393831253052 
7.0, 0.4440992474555969 
8.0, 0.4606344997882843 
9.0, 0.4763103723526001 
10.0, 0.4897160232067108 
11.0, 0.5031226277351379 
12.0, 0.516528308391571 
13.0, 0.5290258526802063 
14.0, 0.5415184497833252 
15.0, 0.5540110468864441 
16.0, 0.5641082525253296 
17.0, 0.5738527774810791 
18.0, 0.5847547650337219 
19.0, 0.5956556797027588 
20.0, 0.6062009930610657 
21.0, 0.6163339614868164 
22.0, 0.6264679431915283 
23.0, 0.6366019248962402 
24.0, 0.6460075974464417 
25.0, 0.6534878611564636 
26.0, 0.6609691381454468 
27.0, 0.6694756746292114 
28.0, 0.6785594820976257 
29.0, 0.6874575018882751 
30.0, 0.6951732635498047 
31.0, 0.7028889656066895 
32.0, 0.710604727268219 
33.0, 0.7183214426040649 
34.0, 0.7260371446609497 
35.0, 0.7324295043945312 
36.0, 0.7371249198913574 
37.0, 0.743536114692688 
38.0, 0.7503159642219543 
39.0, 0.7570967674255371 
40.0, 0.7638765573501587 
41.0, 0.770656406879425 
42.0, 0.7765172123908997 
43.0, 0.7819448709487915 
44.0, 0.7873734831809998 
45.0, 0.7928010821342468 
46.0, 0.7982287406921387 
47.0, 0.8053861260414124 
48.0, 0.8126706480979919 
49.0, 0.8193153142929077 
50.0, 0.8237643241882324 
51.0, 0.8282133340835571 
52.0, 0.8326623439788818 
53.0, 0.8371113538742065 
54.0, 0.8415603637695312 
55.0, 0.846009373664856 
56.0, 0.8504524230957031 
57.0, 0.8548229932785034 
58.0, 0.8591935038566589 
59.0, 0.8631139397621155 
60.0, 0.8667830228805542 
61.0, 0.8704531192779541 
62.0, 0.8741222023963928 
63.0, 0.8777912855148315 
64.0, 0.881460428237915 
65.0, 0.8851304650306702 
66.0, 0.8890976309776306 
67.0, 0.8942272067070007 
68.0, 0.899357795715332 
69.0, 0.9039776921272278 
70.0, 0.9070556163787842 
71.0, 0.9101335406303406 
72.0, 0.9132105112075806 
73.0, 0.916288435459137 
74.0, 0.9193664193153381 
75.0, 0.9224433302879333 
76.0, 0.9255849123001099 
77.0, 0.9288436770439148 
78.0, 0.9321024417877197 
79.0, 0.9353621602058411 
80.0, 0.938620924949646 
81.0, 0.9418796896934509 
82.0, 0.9451384544372559 
83.0, 0.9479432106018066 
84.0, 0.9506604671478271 
85.0, 0.9533777832984924 
86.0, 0.9559699296951294 
87.0, 0.9584328532218933 
88.0, 0.9608957767486572 
89.0, 0.9633587598800659 
90.0, 0.9658216834068298 
91.0, 0.9682846665382385 
92.0, 0.9707475900650024 
93.0, 0.9732105731964111 
94.0, 0.975673496723175 
95.0, 0.9781364798545837 
96.0, 0.9806222915649414 
97.0, 0.9831199645996094 
98.0, 0.9856176972389221 
99.0, 0.9881154298782349 
100.0, 0.21369108197531075 
