Time(Seconds), Inputs 
0.0, 0.14917299151420593 
1.0, 0.23008178174495697 
2.0, 0.27735278010368347 
3.0, 0.31846290826797485 
4.0, 0.3504921793937683 
5.0, 0.38018471002578735 
6.0, 0.4086233973503113 
7.0, 0.43624740839004517 
8.0, 0.46039506793022156 
9.0, 0.4826579988002777 
10.0, 0.5015111565589905 
11.0, 0.5220761299133301 
12.0, 0.5404444932937622 
13.0, 0.5566071271896362 
14.0, 0.5741945505142212 
15.0, 0.5881009101867676 
16.0, 0.6019486784934998 
17.0, 0.6157964468002319 
18.0, 0.6245862245559692 
19.0, 0.6356948018074036 
20.0, 0.6468024253845215 
21.0, 0.6582071185112 
22.0, 0.666750431060791 
23.0, 0.6748864650726318 
24.0, 0.6830224394798279 
25.0, 0.6913501620292664 
26.0, 0.6997504234313965 
27.0, 0.7070280313491821 
28.0, 0.713657796382904 
29.0, 0.7192463874816895 
30.0, 0.7248349785804749 
31.0, 0.7304235696792603 
32.0, 0.7376008033752441 
33.0, 0.7451009154319763 
34.0, 0.7495737671852112 
35.0, 0.7541181445121765 
36.0, 0.7592795491218567 
37.0, 0.7644419074058533 
38.0, 0.7696032524108887 
39.0, 0.7746602892875671 
40.0, 0.77963787317276 
41.0, 0.7846164107322693 
42.0, 0.7871062159538269 
43.0, 0.7918264865875244 
44.0, 0.7965466976165771 
45.0, 0.8012679219245911 
46.0, 0.8055728673934937 
47.0, 0.809434711933136 
48.0, 0.8132975697517395 
49.0, 0.8171594142913818 
50.0, 0.8219412565231323 
51.0, 0.8267747163772583 
52.0, 0.8301547169685364 
53.0, 0.8324139714241028 
54.0, 0.8358346819877625 
55.0, 0.8392564058303833 
56.0, 0.842677116394043 
57.0, 0.8464823365211487 
58.0, 0.8503531217575073 
59.0, 0.854223906993866 
60.0, 0.8579515814781189 
61.0, 0.8613752722740173 
62.0, 0.864799976348877 
63.0, 0.8682246208190918 
64.0, 0.8741788268089294 
65.0, 0.8772419095039368 
66.0, 0.8803049325942993 
67.0, 0.8836471438407898 
68.0, 0.8879292607307434 
69.0, 0.892211377620697 
70.0, 0.8964934349060059 
71.0, 0.9004953503608704 
72.0, 0.9043651819229126 
73.0, 0.9082359075546265 
74.0, 0.9121782183647156 
75.0, 0.9160023331642151 
76.0, 0.9191955327987671 
77.0, 0.9223887324333191 
78.0, 0.9259783029556274 
79.0, 0.9298322200775146 
80.0, 0.9336860775947571 
81.0, 0.9374962449073792 
82.0, 0.9405086636543274 
83.0, 0.9435210227966309 
84.0, 0.9465333819389343 
85.0, 0.9503127336502075 
86.0, 0.9547905921936035 
87.0, 0.9585461020469666 
88.0, 0.9615465402603149 
89.0, 0.9645450115203857 
90.0, 0.9675444960594177 
91.0, 0.9705439209938049 
92.0, 0.9739129543304443 
93.0, 0.9777827858924866 
94.0, 0.9816535711288452 
95.0, 0.9855233430862427 
96.0, 0.9886131882667542 
97.0, 0.9916096925735474 
98.0, 0.9946061372756958 
99.0, 0.9996026158332825 
100.0, 0.5950651297271747 
