Time(Seconds), Inputs 
0.0, 0.09961789101362228 
1.0, 0.19491592049598694 
2.0, 0.25063586235046387 
3.0, 0.29634401202201843 
4.0, 0.33721670508384705 
5.0, 0.3697049915790558 
6.0, 0.4008808732032776 
7.0, 0.42517852783203125 
8.0, 0.4501478374004364 
9.0, 0.47158119082450867 
10.0, 0.4915381371974945 
11.0, 0.5064907073974609 
12.0, 0.5234948992729187 
13.0, 0.5373953580856323 
14.0, 0.5486897230148315 
15.0, 0.5596264600753784 
16.0, 0.5726048946380615 
17.0, 0.5820523500442505 
18.0, 0.5912215709686279 
19.0, 0.5992085337638855 
20.0, 0.6069232821464539 
21.0, 0.6177646517753601 
22.0, 0.6238400340080261 
23.0, 0.6298667788505554 
24.0, 0.635006308555603 
25.0, 0.6401458382606506 
26.0, 0.6476956009864807 
27.0, 0.6564068794250488 
28.0, 0.6603422164916992 
29.0, 0.6661275029182434 
30.0, 0.6719138026237488 
31.0, 0.6771159172058105 
32.0, 0.6822693347930908 
33.0, 0.6874058842658997 
34.0, 0.6925274729728699 
35.0, 0.6979004740715027 
36.0, 0.7035357356071472 
37.0, 0.7080751657485962 
38.0, 0.7130885124206543 
39.0, 0.7182270288467407 
40.0, 0.7228350043296814 
41.0, 0.7266928553581238 
42.0, 0.7306292057037354 
43.0, 0.7364969849586487 
44.0, 0.7423657178878784 
45.0, 0.7456056475639343 
46.0, 0.7501072883605957 
47.0, 0.7546089887619019 
48.0, 0.759109616279602 
49.0, 0.763610303401947 
50.0, 0.7681099772453308 
51.0, 0.7726106643676758 
52.0, 0.7774699926376343 
53.0, 0.7826363444328308 
54.0, 0.7864236831665039 
55.0, 0.7928537726402283 
56.0, 0.7992838621139526 
57.0, 0.8026688098907471 
58.0, 0.805229127407074 
59.0, 0.8088226914405823 
60.0, 0.8139731287956238 
61.0, 0.8191365003585815 
62.0, 0.8248055577278137 
63.0, 0.8296748399734497 
64.0, 0.8326107263565063 
65.0, 0.8371123671531677 
66.0, 0.8416120409965515 
67.0, 0.846106767654419 
68.0, 0.8506004810333252 
69.0, 0.8551021814346313 
70.0, 0.8596038222312927 
71.0, 0.8645218014717102 
72.0, 0.8698192834854126 
73.0, 0.8716274499893188 
74.0, 0.8767699599266052 
75.0, 0.8819114565849304 
76.0, 0.8865651488304138 
77.0, 0.8910658359527588 
78.0, 0.8953180909156799 
79.0, 0.8991759419441223 
80.0, 0.9030417799949646 
81.0, 0.9075374603271484 
82.0, 0.9120321869850159 
83.0, 0.9180201888084412 
84.0, 0.9225407242774963 
85.0, 0.9268913865089417 
86.0, 0.9307502508163452 
87.0, 0.9346091151237488 
88.0, 0.9384679198265076 
89.0, 0.9423267841339111 
90.0, 0.9475666284561157 
91.0, 0.954140841960907 
92.0, 0.9585669636726379 
93.0, 0.9630507826805115 
94.0, 0.967533528804779 
95.0, 0.9720332026481628 
96.0, 0.9765378832817078 
97.0, 0.9810415506362915 
98.0, 0.9855421781539917 
99.0, 0.9900438785552979 
100.0, 0.8868565272378097 
