Time(Seconds), Inputs 
0.0, 0.16437195241451263 
1.0, 0.24090427160263062 
2.0, 0.2875950336456299 
3.0, 0.32350602746009827 
4.0, 0.3542904555797577 
5.0, 0.3836084008216858 
6.0, 0.41010576486587524 
7.0, 0.4349190592765808 
8.0, 0.45859578251838684 
9.0, 0.48061928153038025 
10.0, 0.501423716545105 
11.0, 0.5198158621788025 
12.0, 0.5374758243560791 
13.0, 0.5522137880325317 
14.0, 0.5684221386909485 
15.0, 0.5846315622329712 
16.0, 0.5996059775352478 
17.0, 0.6136166453361511 
18.0, 0.626970648765564 
19.0, 0.6390062570571899 
20.0, 0.6496280431747437 
21.0, 0.6602498292922974 
22.0, 0.6712889075279236 
23.0, 0.6814387440681458 
24.0, 0.6900396943092346 
25.0, 0.6986416578292847 
26.0, 0.7071770429611206 
27.0, 0.7152236104011536 
28.0, 0.7223730087280273 
29.0, 0.7282447814941406 
30.0, 0.734115481376648 
31.0, 0.741145670413971 
32.0, 0.7484431266784668 
33.0, 0.7557405829429626 
34.0, 0.7628244161605835 
35.0, 0.7665690183639526 
36.0, 0.771168053150177 
37.0, 0.775766134262085 
38.0, 0.7803651690483093 
39.0, 0.7850992679595947 
40.0, 0.790384829044342 
41.0, 0.7956703901290894 
42.0, 0.8009559512138367 
43.0, 0.804449200630188 
44.0, 0.808104395866394 
45.0, 0.8127143383026123 
46.0, 0.8173233270645142 
47.0, 0.8219332695007324 
48.0, 0.826117992401123 
49.0, 0.8300295472145081 
50.0, 0.8339410424232483 
51.0, 0.8378515839576721 
52.0, 0.8416805863380432 
53.0, 0.8453288078308105 
54.0, 0.8487803339958191 
55.0, 0.8515512943267822 
56.0, 0.854324221611023 
57.0, 0.8571507930755615 
58.0, 0.8599773645401001 
59.0, 0.8628049492835999 
60.0, 0.8656315207481384 
61.0, 0.8687233924865723 
62.0, 0.8719274997711182 
63.0, 0.8751316666603088 
64.0, 0.8783357739448547 
65.0, 0.8818210363388062 
66.0, 0.8857057690620422 
67.0, 0.8895904421806335 
68.0, 0.8941318392753601 
69.0, 0.898841142654419 
70.0, 0.9020373225212097 
71.0, 0.9052335023880005 
72.0, 0.9084306955337524 
73.0, 0.9116268157958984 
74.0, 0.9148339629173279 
75.0, 0.9180440306663513 
76.0, 0.9212530851364136 
77.0, 0.9244632124900818 
78.0, 0.9273384809494019 
79.0, 0.9299047589302063 
80.0, 0.9324719905853271 
81.0, 0.9354933500289917 
82.0, 0.9388514161109924 
83.0, 0.9420446157455444 
84.0, 0.9452378153800964 
85.0, 0.9484310150146484 
86.0, 0.9516242146492004 
87.0, 0.9548293352127075 
88.0, 0.9580364227294922 
89.0, 0.9612435102462769 
90.0, 0.9644506573677063 
91.0, 0.9677869081497192 
92.0, 0.971203625202179 
93.0, 0.9746213555335999 
94.0, 0.9769978523254395 
95.0, 0.9788557887077332 
96.0, 0.9820499420166016 
97.0, 0.9852451682090759 
98.0, 0.9884403347969055 
99.0, 0.9916344881057739 
100.0, 0.4902103143004356 
