Time(Seconds), Inputs 
0.0, 0.13482250273227692 
1.0, 0.22380965948104858 
2.0, 0.27451229095458984 
3.0, 0.31456032395362854 
4.0, 0.34907740354537964 
5.0, 0.3830550014972687 
6.0, 0.4115543067455292 
7.0, 0.4379304349422455 
8.0, 0.46144819259643555 
9.0, 0.484422504901886 
10.0, 0.5049219131469727 
11.0, 0.5259400010108948 
12.0, 0.5447365045547485 
13.0, 0.5622603297233582 
14.0, 0.574286937713623 
15.0, 0.5880780816078186 
16.0, 0.6037619113922119 
17.0, 0.615148663520813 
18.0, 0.6259483098983765 
19.0, 0.6375775337219238 
20.0, 0.6491491198539734 
21.0, 0.6580312848091125 
22.0, 0.6655333638191223 
23.0, 0.6730255484580994 
24.0, 0.6805187463760376 
25.0, 0.6901529431343079 
26.0, 0.6965343952178955 
27.0, 0.7022948265075684 
28.0, 0.7086782455444336 
29.0, 0.7157143950462341 
30.0, 0.7227515578269958 
31.0, 0.7296108603477478 
32.0, 0.735454797744751 
33.0, 0.7400955557823181 
34.0, 0.7447363138198853 
35.0, 0.7503328323364258 
36.0, 0.755940318107605 
37.0, 0.7615487575531006 
38.0, 0.7663643956184387 
39.0, 0.7708938717842102 
40.0, 0.7754223346710205 
41.0, 0.775998592376709 
42.0, 0.780670166015625 
43.0, 0.7853426933288574 
44.0, 0.7899069786071777 
45.0, 0.7941225171089172 
46.0, 0.7983390092849731 
47.0, 0.8025555610656738 
48.0, 0.8072440028190613 
49.0, 0.8119354248046875 
50.0, 0.8166278600692749 
51.0, 0.8198995590209961 
52.0, 0.821489155292511 
53.0, 0.8230788111686707 
54.0, 0.8257325291633606 
55.0, 0.8294890522956848 
56.0, 0.833245575428009 
57.0, 0.8372285962104797 
58.0, 0.8418872356414795 
59.0, 0.846545934677124 
60.0, 0.8512035608291626 
61.0, 0.8552035093307495 
62.0, 0.8591945171356201 
63.0, 0.8602228164672852 
64.0, 0.8623638153076172 
65.0, 0.8670393824577332 
66.0, 0.8717139363288879 
67.0, 0.8759274482727051 
68.0, 0.8796660900115967 
69.0, 0.8834037184715271 
70.0, 0.8872586488723755 
71.0, 0.8914850950241089 
72.0, 0.8957115411758423 
73.0, 0.8999379873275757 
74.0, 0.9045082330703735 
75.0, 0.9051818251609802 
76.0, 0.9058564305305481 
77.0, 0.9091619253158569 
78.0, 0.913367509841919 
79.0, 0.9175720810890198 
80.0, 0.921558141708374 
81.0, 0.9253136515617371 
82.0, 0.9290701746940613 
83.0, 0.9331644773483276 
84.0, 0.93827223777771 
85.0, 0.9433799386024475 
86.0, 0.9455974698066711 
87.0, 0.9493291974067688 
88.0, 0.9530598521232605 
89.0, 0.9567915201187134 
90.0, 0.959843635559082 
91.0, 0.9626622796058655 
92.0, 0.9654809236526489 
93.0, 0.9682916402816772 
94.0, 0.9710953235626221 
95.0, 0.9739000797271729 
96.0, 0.9771369695663452 
97.0, 0.9816664457321167 
98.0, 0.9861949682235718 
99.0, 0.9927323460578918 
100.0, 0.6486784563041063 
