Time(Seconds), Inputs 
0.0, 0.23646816611289978 
1.0, 0.2965327799320221 
2.0, 0.3325093686580658 
3.0, 0.36380743980407715 
4.0, 0.38805145025253296 
5.0, 0.4116308093070984 
6.0, 0.43197324872016907 
7.0, 0.4521368741989136 
8.0, 0.46960705518722534 
9.0, 0.4870781898498535 
10.0, 0.5031852722167969 
11.0, 0.518541157245636 
12.0, 0.533898115158081 
13.0, 0.548214852809906 
14.0, 0.5623427629470825 
15.0, 0.5764697194099426 
16.0, 0.5880542397499084 
17.0, 0.6003997921943665 
18.0, 0.6142922639846802 
19.0, 0.6266785860061646 
20.0, 0.6374434232711792 
21.0, 0.6482082605361938 
22.0, 0.6589721441268921 
23.0, 0.6693554520606995 
24.0, 0.6790592670440674 
25.0, 0.6885544061660767 
26.0, 0.6980485320091248 
27.0, 0.7073469161987305 
28.0, 0.7145817875862122 
29.0, 0.7218176126480103 
30.0, 0.7290524840354919 
31.0, 0.7368725538253784 
32.0, 0.744917094707489 
33.0, 0.7523258328437805 
34.0, 0.7589616179466248 
35.0, 0.7655973434448242 
36.0, 0.7722341418266296 
37.0, 0.7788698673248291 
38.0, 0.7862120270729065 
39.0, 0.7930763363838196 
40.0, 0.7979873418807983 
41.0, 0.8028982877731323 
42.0, 0.8078083395957947 
43.0, 0.8127193450927734 
44.0, 0.8176303505897522 
45.0, 0.8231930732727051 
46.0, 0.8287816643714905 
47.0, 0.8343692421913147 
48.0, 0.8379966020584106 
49.0, 0.8415573835372925 
50.0, 0.8451182246208191 
51.0, 0.8487545251846313 
52.0, 0.8529372811317444 
53.0, 0.8571199774742126 
54.0, 0.8613037467002869 
55.0, 0.8654865026473999 
56.0, 0.8696702122688293 
57.0, 0.8738529682159424 
58.0, 0.8778588771820068 
59.0, 0.8811951279640198 
60.0, 0.8845304250717163 
61.0, 0.8878656625747681 
62.0, 0.891201913356781 
63.0, 0.8945372104644775 
64.0, 0.8978734612464905 
65.0, 0.9011213183403015 
66.0, 0.9042161107063293 
67.0, 0.9073119759559631 
68.0, 0.9104077816009521 
69.0, 0.9135026335716248 
70.0, 0.9165984392166138 
71.0, 0.9196932911872864 
72.0, 0.9196107983589172 
73.0, 0.9224979877471924 
74.0, 0.9253861904144287 
75.0, 0.928274393081665 
76.0, 0.9311625361442566 
77.0, 0.9340507388114929 
78.0, 0.9369379281997681 
79.0, 0.9395439028739929 
80.0, 0.9419770836830139 
81.0, 0.9444092512130737 
82.0, 0.94684237241745 
83.0, 0.9492745399475098 
84.0, 0.951707661151886 
85.0, 0.954140841960907 
86.0, 0.9575198292732239 
87.0, 0.9612336158752441 
88.0, 0.9641237854957581 
89.0, 0.9666423797607422 
90.0, 0.9691609740257263 
91.0, 0.9716805219650269 
92.0, 0.974199116230011 
93.0, 0.976651132106781 
94.0, 0.9790932536125183 
95.0, 0.9815343022346497 
96.0, 0.983976423740387 
97.0, 0.9864175319671631 
98.0, 0.9888585805892944 
99.0, 0.9913007020950317 
100.0, 0.3067101290671481 
