Time(Seconds), Inputs 
0.0, 0.16356222331523895 
1.0, 0.2448306828737259 
2.0, 0.28998446464538574 
3.0, 0.3281388580799103 
4.0, 0.36129578948020935 
5.0, 0.39088401198387146 
6.0, 0.4180966913700104 
7.0, 0.44392141699790955 
8.0, 0.46795082092285156 
9.0, 0.4903776943683624 
10.0, 0.509777307510376 
11.0, 0.529692530632019 
12.0, 0.5493176579475403 
13.0, 0.5661092400550842 
14.0, 0.5829018354415894 
15.0, 0.5973377227783203 
16.0, 0.6110672950744629 
17.0, 0.6247968077659607 
18.0, 0.6363058090209961 
19.0, 0.6479211449623108 
20.0, 0.6598742604255676 
21.0, 0.6718283891677856 
22.0, 0.6825315952301025 
23.0, 0.6916899681091309 
24.0, 0.7004498839378357 
25.0, 0.7092087864875793 
26.0, 0.7167566418647766 
27.0, 0.7228012084960938 
28.0, 0.7291677594184875 
29.0, 0.7355352640151978 
30.0, 0.7419017553329468 
31.0, 0.7480208873748779 
32.0, 0.7540386915206909 
33.0, 0.7596203088760376 
34.0, 0.7646644711494446 
35.0, 0.7695943117141724 
36.0, 0.7744625806808472 
37.0, 0.7793309092521667 
38.0, 0.7841991782188416 
39.0, 0.7895482778549194 
40.0, 0.7951974868774414 
41.0, 0.8000538349151611 
42.0, 0.8019127249717712 
43.0, 0.8048694729804993 
44.0, 0.8086081147193909 
45.0, 0.8123467564582825 
46.0, 0.8160853981971741 
47.0, 0.8200187683105469 
48.0, 0.8241150379180908 
49.0, 0.8282113671302795 
50.0, 0.8323076963424683 
51.0, 0.8368242383003235 
52.0, 0.8417888879776001 
53.0, 0.8442995548248291 
54.0, 0.8467168211936951 
55.0, 0.8493993282318115 
56.0, 0.8523898124694824 
57.0, 0.8553793430328369 
58.0, 0.8583698868751526 
59.0, 0.8618293404579163 
60.0, 0.8659365773200989 
61.0, 0.8700438141822815 
62.0, 0.8741500377655029 
63.0, 0.8787292242050171 
64.0, 0.88409823179245 
65.0, 0.8866674900054932 
66.0, 0.8879491090774536 
67.0, 0.889794111251831 
68.0, 0.8927925825119019 
69.0, 0.8957910537719727 
70.0, 0.8987894654273987 
71.0, 0.9018952250480652 
72.0, 0.9052543640136719 
73.0, 0.9086135029792786 
74.0, 0.9119725823402405 
75.0, 0.9154141545295715 
76.0, 0.9191011190414429 
77.0, 0.9227880835533142 
78.0, 0.9264751076698303 
79.0, 0.9272818565368652 
80.0, 0.9306528568267822 
81.0, 0.9340229034423828 
82.0, 0.9373929500579834 
83.0, 0.9407610297203064 
84.0, 0.9441141486167908 
85.0, 0.9474673271179199 
86.0, 0.9508204460144043 
87.0, 0.954175591468811 
88.0, 0.9575496315956116 
89.0, 0.9609225988388062 
90.0, 0.9642956256866455 
91.0, 0.9688579440116882 
92.0, 0.9725309610366821 
93.0, 0.9748717546463013 
94.0, 0.9772124886512756 
95.0, 0.9795910120010376 
96.0, 0.9829590320587158 
97.0, 0.9863280653953552 
98.0, 0.9896961450576782 
99.0, 0.9930651783943176 
100.0, 0.5215850007877737 
