Time(Seconds), Inputs 
0.0, 0.14268328249454498 
1.0, 0.2948577105998993 
2.0, 0.32894259691238403 
3.0, 0.35453784465789795 
4.0, 0.37790656089782715 
5.0, 0.39960119128227234 
6.0, 0.41876333951950073 
7.0, 0.43633681535720825 
8.0, 0.4542073905467987 
9.0, 0.4694560170173645 
10.0, 0.4847046732902527 
11.0, 0.49901342391967773 
12.0, 0.5122432112693787 
13.0, 0.5254729986190796 
14.0, 0.5384961366653442 
15.0, 0.5509251952171326 
16.0, 0.563187301158905 
17.0, 0.5750698447227478 
18.0, 0.5860900282859802 
19.0, 0.5968588590621948 
20.0, 0.6076287031173706 
21.0, 0.6183984875679016 
22.0, 0.6280714869499207 
23.0, 0.6375258564949036 
24.0, 0.6469812989234924 
25.0, 0.6566303968429565 
26.0, 0.6659268140792847 
27.0, 0.6746241450309753 
28.0, 0.6833224892616272 
29.0, 0.6920207738876343 
30.0, 0.700718104839325 
31.0, 0.7083434462547302 
32.0, 0.7148897647857666 
33.0, 0.7224813103675842 
34.0, 0.7306421399116516 
35.0, 0.7388039827346802 
36.0, 0.746965765953064 
37.0, 0.7530084252357483 
38.0, 0.7588960528373718 
39.0, 0.7647846341133118 
40.0, 0.7706723213195801 
41.0, 0.7765063047409058 
42.0, 0.7822141051292419 
43.0, 0.7879208922386169 
44.0, 0.7932323217391968 
45.0, 0.7983221411705017 
46.0, 0.8034119606018066 
47.0, 0.8085017800331116 
48.0, 0.8135916590690613 
49.0, 0.8186814785003662 
50.0, 0.8238766193389893 
51.0, 0.8290737271308899 
52.0, 0.8338357210159302 
53.0, 0.8378158211708069 
54.0, 0.841796875 
55.0, 0.8457779288291931 
56.0, 0.8497589826583862 
57.0, 0.8537400364875793 
58.0, 0.8579813838005066 
59.0, 0.8623678088188171 
60.0, 0.8667532205581665 
61.0, 0.8711386322975159 
62.0, 0.875275731086731 
63.0, 0.8780327439308167 
64.0, 0.8807897567749023 
65.0, 0.8835468292236328 
66.0, 0.8865194320678711 
67.0, 0.8899858593940735 
68.0, 0.8934522867202759 
69.0, 0.8969186544418335 
70.0, 0.9003850817680359 
71.0, 0.9038515090942383 
72.0, 0.9073179364204407 
73.0, 0.9107843041419983 
74.0, 0.9142507314682007 
75.0, 0.9181334376335144 
76.0, 0.9209083318710327 
77.0, 0.9236822724342346 
78.0, 0.9264572262763977 
79.0, 0.9292311072349548 
80.0, 0.9320060610771179 
81.0, 0.9347800016403198 
82.0, 0.9375548958778381 
83.0, 0.940374493598938 
84.0, 0.943219006061554 
85.0, 0.9460634589195251 
86.0, 0.9489079117774963 
87.0, 0.9517523646354675 
88.0, 0.9545968174934387 
89.0, 0.9574413299560547 
90.0, 0.9597452878952026 
91.0, 0.9606255888938904 
92.0, 0.9631689786911011 
93.0, 0.9657114148139954 
94.0, 0.9682538509368896 
95.0, 0.9707973003387451 
96.0, 0.9733397364616394 
97.0, 0.9758821725845337 
98.0, 0.978424608707428 
99.0, 0.9809679985046387 
100.0, 0.253075511307747 
