Time(Seconds), Inputs 
0.0, 0.23046329617500305 
1.0, 0.2895503044128418 
2.0, 0.32564210891723633 
3.0, 0.3552054762840271 
4.0, 0.37880271673202515 
5.0, 0.4015733599662781 
6.0, 0.4200131893157959 
7.0, 0.4384530484676361 
8.0, 0.4556768238544464 
9.0, 0.47233328223228455 
10.0, 0.4900389015674591 
11.0, 0.5045434236526489 
12.0, 0.5190488696098328 
13.0, 0.533342719078064 
14.0, 0.5470156669616699 
15.0, 0.5606885552406311 
16.0, 0.5740981698036194 
17.0, 0.5856837034225464 
18.0, 0.5972920656204224 
19.0, 0.6090285778045654 
20.0, 0.6204034686088562 
21.0, 0.631347119808197 
22.0, 0.6422908306121826 
23.0, 0.653233528137207 
24.0, 0.6631230711936951 
25.0, 0.6714856028556824 
26.0, 0.6798699498176575 
27.0, 0.6889041066169739 
28.0, 0.6979382634162903 
29.0, 0.706165611743927 
30.0, 0.7135753631591797 
31.0, 0.7209850549697876 
32.0, 0.7283937931060791 
33.0, 0.735803484916687 
34.0, 0.7432132363319397 
35.0, 0.7502583265304565 
36.0, 0.7570133209228516 
37.0, 0.7637683153152466 
38.0, 0.7705232501029968 
39.0, 0.7772782444953918 
40.0, 0.7840332388877869 
41.0, 0.7903798818588257 
42.0, 0.7961363792419434 
43.0, 0.8015779256820679 
44.0, 0.8069479465484619 
45.0, 0.8123179078102112 
46.0, 0.8176879286766052 
47.0, 0.8230579495429993 
48.0, 0.8284279704093933 
49.0, 0.8331025242805481 
50.0, 0.8372266292572021 
51.0, 0.8415315747261047 
52.0, 0.8459120392799377 
53.0, 0.8502914905548096 
54.0, 0.8546719551086426 
55.0, 0.8590514063835144 
56.0, 0.8634318709373474 
57.0, 0.8678113222122192 
58.0, 0.8721917867660522 
59.0, 0.8742543458938599 
60.0, 0.8780019283294678 
61.0, 0.8817495107650757 
62.0, 0.8854960799217224 
63.0, 0.8892436623573303 
64.0, 0.8929912447929382 
65.0, 0.8967378735542297 
66.0, 0.9004854559898376 
67.0, 0.9039577841758728 
68.0, 0.9070755243301392 
69.0, 0.9101932048797607 
70.0, 0.9133118391036987 
71.0, 0.9163997173309326 
72.0, 0.9184712171554565 
73.0, 0.9205427169799805 
74.0, 0.922613263130188 
75.0, 0.9250006675720215 
76.0, 0.9280011653900146 
77.0, 0.931001603603363 
78.0, 0.9340020418167114 
79.0, 0.9370015263557434 
80.0, 0.9400019645690918 
81.0, 0.9430024027824402 
82.0, 0.9460028409957886 
83.0, 0.9490330815315247 
84.0, 0.9521885514259338 
85.0, 0.9553439617156982 
86.0, 0.9584994316101074 
87.0, 0.9606801867485046 
88.0, 0.9626255035400391 
89.0, 0.9645708799362183 
90.0, 0.9665161967277527 
91.0, 0.9685091972351074 
92.0, 0.970963180065155 
93.0, 0.9734162092208862 
94.0, 0.9758702516555786 
95.0, 0.978323221206665 
96.0, 0.9807772636413574 
97.0, 0.9832302927970886 
98.0, 0.9856842756271362 
99.0, 0.9881373047828674 
100.0, 0.25962042079893033 
