Time(Seconds), Inputs 
0.0, 0.07770666480064392 
1.0, 0.18200108408927917 
2.0, 0.23818498849868774 
3.0, 0.28275159001350403 
4.0, 0.3201349973678589 
5.0, 0.3549133837223053 
6.0, 0.38572362065315247 
7.0, 0.4125478267669678 
8.0, 0.43593841791152954 
9.0, 0.45918694138526917 
10.0, 0.4780937433242798 
11.0, 0.4958987236022949 
12.0, 0.5122084617614746 
13.0, 0.5271898508071899 
14.0, 0.5405030846595764 
15.0, 0.5512788891792297 
16.0, 0.5603179931640625 
17.0, 0.5699343085289001 
18.0, 0.5795506238937378 
19.0, 0.5924416780471802 
20.0, 0.601065456867218 
21.0, 0.6088089942932129 
22.0, 0.6152291893959045 
23.0, 0.6216751933097839 
24.0, 0.6293402314186096 
25.0, 0.6362174153327942 
26.0, 0.6420156359672546 
27.0, 0.6478058695793152 
28.0, 0.6537660360336304 
29.0, 0.6602060794830322 
30.0, 0.6666451692581177 
31.0, 0.6734189987182617 
32.0, 0.678956925868988 
33.0, 0.6841033697128296 
34.0, 0.689866840839386 
35.0, 0.6955488324165344 
36.0, 0.700711190700531 
37.0, 0.705874502658844 
38.0, 0.7100344300270081 
39.0, 0.7138932943344116 
40.0, 0.7204028367996216 
41.0, 0.7244574427604675 
42.0, 0.7285378575325012 
43.0, 0.7343310713768005 
44.0, 0.7401243448257446 
45.0, 0.7450840473175049 
46.0, 0.74957674741745 
47.0, 0.754112184047699 
48.0, 0.7587618827819824 
49.0, 0.7620574235916138 
50.0, 0.7666236758232117 
51.0, 0.7717741131782532 
52.0, 0.7765887379646301 
53.0, 0.7810844779014587 
54.0, 0.7854956984519958 
55.0, 0.7893615365028381 
56.0, 0.7932273149490356 
57.0, 0.79926598072052 
58.0, 0.8048297166824341 
59.0, 0.8067929148674011 
60.0, 0.8119473457336426 
61.0, 0.8170948028564453 
62.0, 0.8215835690498352 
63.0, 0.8260732889175415 
64.0, 0.830975353717804 
65.0, 0.8361208438873291 
66.0, 0.8413417935371399 
67.0, 0.8467853665351868 
68.0, 0.8502835631370544 
69.0, 0.854615330696106 
70.0, 0.8591050505638123 
71.0, 0.8636077046394348 
72.0, 0.8681232929229736 
73.0, 0.8726369142532349 
74.0, 0.8771425485610962 
75.0, 0.8816481828689575 
76.0, 0.890344500541687 
77.0, 0.8941397666931152 
78.0, 0.8981884121894836 
79.0, 0.9026791453361511 
80.0, 0.9071698784828186 
81.0, 0.9123133420944214 
82.0, 0.9174588322639465 
83.0, 0.9222089052200317 
84.0, 0.9267184734344482 
85.0, 0.9332846999168396 
86.0, 0.936821699142456 
87.0, 0.9403576254844666 
88.0, 0.9447351098060608 
89.0, 0.949228823184967 
90.0, 0.9537314772605896 
91.0, 0.9582440853118896 
92.0, 0.9628371596336365 
93.0, 0.9679776430130005 
94.0, 0.9731171727180481 
95.0, 0.9782020449638367 
96.0, 0.9824304580688477 
97.0, 0.9867612719535828 
98.0, 0.9912688732147217 
99.0, 0.9957755208015442 
100.0, 0.8872695761777217 
