Time(Seconds), Inputs 
0.0, 0.05772089213132858 
1.0, 0.1938091367483139 
2.0, 0.24817290902137756 
3.0, 0.29375091195106506 
4.0, 0.33227190375328064 
5.0, 0.36694398522377014 
6.0, 0.3960036337375641 
7.0, 0.42207276821136475 
8.0, 0.44562828540802 
9.0, 0.4673556983470917 
10.0, 0.4889996647834778 
11.0, 0.5059462785720825 
12.0, 0.5228928327560425 
13.0, 0.5378503799438477 
14.0, 0.5507185459136963 
15.0, 0.5639006495475769 
16.0, 0.577386736869812 
17.0, 0.5868918299674988 
18.0, 0.5960888862609863 
19.0, 0.6050544381141663 
20.0, 0.6145585179328918 
21.0, 0.6238082647323608 
22.0, 0.6312319040298462 
23.0, 0.6382601261138916 
24.0, 0.644841194152832 
25.0, 0.6514233350753784 
26.0, 0.6599100232124329 
27.0, 0.6643669605255127 
28.0, 0.6689451336860657 
29.0, 0.6737260222434998 
30.0, 0.6785068511962891 
31.0, 0.6842733025550842 
32.0, 0.6902503371238708 
33.0, 0.696237325668335 
34.0, 0.7022292613983154 
35.0, 0.7057990431785583 
36.0, 0.7106861472129822 
37.0, 0.7160661220550537 
38.0, 0.7210178375244141 
39.0, 0.7240024209022522 
40.0, 0.7269869446754456 
41.0, 0.7310991287231445 
42.0, 0.7358829975128174 
43.0, 0.7410364151000977 
44.0, 0.7470581531524658 
45.0, 0.7507431507110596 
46.0, 0.7543774843215942 
47.0, 0.7579661011695862 
48.0, 0.7615547180175781 
49.0, 0.7668969035148621 
50.0, 0.7722728848457336 
51.0, 0.7774412035942078 
52.0, 0.7823362946510315 
53.0, 0.7872304320335388 
54.0, 0.7881662845611572 
55.0, 0.792352020740509 
56.0, 0.796934187412262 
57.0, 0.8023121356964111 
58.0, 0.8076890707015991 
59.0, 0.8125981092453003 
60.0, 0.8173789381980896 
61.0, 0.822269082069397 
62.0, 0.8275159001350403 
63.0, 0.8301825523376465 
64.0, 0.8326494693756104 
65.0, 0.8362340927124023 
66.0, 0.8402320742607117 
67.0, 0.8468062281608582 
68.0, 0.8533803820610046 
69.0, 0.8578423261642456 
70.0, 0.8608288168907166 
71.0, 0.8640220165252686 
72.0, 0.872424304485321 
73.0, 0.8748266100883484 
74.0, 0.8782344460487366 
75.0, 0.8830182552337646 
76.0, 0.8878011107444763 
77.0, 0.892020583152771 
78.0, 0.8962043523788452 
79.0, 0.9006205797195435 
80.0, 0.905398428440094 
81.0, 0.9101753234863281 
82.0, 0.9163371324539185 
83.0, 0.9194220304489136 
84.0, 0.9231835603713989 
85.0, 0.9285634756088257 
86.0, 0.933942437171936 
87.0, 0.9375380277633667 
88.0, 0.9405255317687988 
89.0, 0.9443486332893372 
90.0, 0.9516162872314453 
91.0, 0.9588848948478699 
92.0, 0.9608719348907471 
93.0, 0.9650567173957825 
94.0, 0.9691827893257141 
95.0, 0.9727704524993896 
96.0, 0.9763570427894592 
97.0, 0.9806004166603088 
98.0, 0.9853802919387817 
99.0, 0.9901601076126099 
100.0, 0.8268899118119222 
