Time(Seconds), Inputs 
0.0, 0.17890624701976776 
1.0, 0.2536502182483673 
2.0, 0.29555416107177734 
3.0, 0.33088594675064087 
4.0, 0.3611278831958771 
5.0, 0.38756263256073 
6.0, 0.4122428297996521 
7.0, 0.4399612247943878 
8.0, 0.45963701605796814 
9.0, 0.4793117940425873 
10.0, 0.4976215064525604 
11.0, 0.5157881379127502 
12.0, 0.5335195660591125 
13.0, 0.5504900217056274 
14.0, 0.5672686696052551 
15.0, 0.5816301107406616 
16.0, 0.5959914922714233 
17.0, 0.6118213534355164 
18.0, 0.6239205598831177 
19.0, 0.6360197067260742 
20.0, 0.6481188535690308 
21.0, 0.6587485671043396 
22.0, 0.668481171131134 
23.0, 0.6782097816467285 
24.0, 0.6879373788833618 
25.0, 0.6970728635787964 
26.0, 0.7053340673446655 
27.0, 0.7138118147850037 
28.0, 0.722290575504303 
29.0, 0.7307683229446411 
30.0, 0.7386837601661682 
31.0, 0.745305597782135 
32.0, 0.7512151002883911 
33.0, 0.7571246027946472 
34.0, 0.7630340456962585 
35.0, 0.7689435482025146 
36.0, 0.7754531502723694 
37.0, 0.7815514206886292 
38.0, 0.7864186763763428 
39.0, 0.7912859916687012 
40.0, 0.7961522936820984 
41.0, 0.8009778261184692 
42.0, 0.8057606816291809 
43.0, 0.8105434775352478 
44.0, 0.8153263330459595 
45.0, 0.82010817527771 
46.0, 0.8223247528076172 
47.0, 0.8263813257217407 
48.0, 0.8304388523101807 
49.0, 0.8344954252243042 
50.0, 0.8385519981384277 
51.0, 0.8421406149864197 
52.0, 0.8455643057823181 
53.0, 0.8489869832992554 
54.0, 0.8524097204208374 
55.0, 0.8558323979377747 
56.0, 0.861541211605072 
57.0, 0.8657070398330688 
58.0, 0.8686459064483643 
59.0, 0.8715847730636597 
60.0, 0.8745235800743103 
61.0, 0.8776382803916931 
62.0, 0.8807560205459595 
63.0, 0.8838726878166199 
64.0, 0.8869903683662415 
65.0, 0.8902312517166138 
66.0, 0.8943851590156555 
67.0, 0.8985381126403809 
68.0, 0.9026920795440674 
69.0, 0.9064416289329529 
70.0, 0.9071758389472961 
71.0, 0.9102875590324402 
72.0, 0.9133992791175842 
73.0, 0.9165109992027283 
74.0, 0.9196217656135559 
75.0, 0.922629177570343 
76.0, 0.9254457950592041 
77.0, 0.9282624125480652 
78.0, 0.9310801029205322 
79.0, 0.9338967204093933 
80.0, 0.9371445775032043 
81.0, 0.9408196210861206 
82.0, 0.944495677947998 
83.0, 0.9481707215309143 
84.0, 0.9489695429801941 
85.0, 0.9509148597717285 
86.0, 0.9540215730667114 
87.0, 0.9571283459663391 
88.0, 0.9602351188659668 
89.0, 0.9633418917655945 
90.0, 0.966234028339386 
91.0, 0.9690506458282471 
92.0, 0.9718663096427917 
93.0, 0.9746819734573364 
94.0, 0.9774985909461975 
95.0, 0.9808666706085205 
96.0, 0.9843082427978516 
97.0, 0.9877498149871826 
98.0, 0.9911913871765137 
99.0, 0.9930164813995361 
100.0, 0.43248566038860664 
