Time(Seconds), Inputs 
0.0, 0.055369213223457336 
1.0, 0.2987324595451355 
2.0, 0.3348858952522278 
3.0, 0.36434292793273926 
4.0, 0.3885641098022461 
5.0, 0.4120202660560608 
6.0, 0.43420472741127014 
7.0, 0.45362022519111633 
8.0, 0.4717371463775635 
9.0, 0.4895212650299072 
10.0, 0.505001425743103 
11.0, 0.520481526851654 
12.0, 0.5354947447776794 
13.0, 0.549716055393219 
14.0, 0.563931405544281 
15.0, 0.577390730381012 
16.0, 0.5895981788635254 
17.0, 0.6018056273460388 
18.0, 0.6140130758285522 
19.0, 0.6269627213478088 
20.0, 0.6378875374794006 
21.0, 0.6483960747718811 
22.0, 0.6589045524597168 
23.0, 0.6683202385902405 
24.0, 0.6776663064956665 
25.0, 0.6870114207267761 
26.0, 0.696621835231781 
27.0, 0.7061616778373718 
28.0, 0.7144556045532227 
29.0, 0.7227485775947571 
30.0, 0.7310415506362915 
31.0, 0.7393354773521423 
32.0, 0.7467650771141052 
33.0, 0.7529497742652893 
34.0, 0.759443461894989 
35.0, 0.7659371495246887 
36.0, 0.7724298238754272 
37.0, 0.778923511505127 
38.0, 0.7854162454605103 
39.0, 0.7925070524215698 
40.0, 0.7974498271942139 
41.0, 0.8020329475402832 
42.0, 0.8066170811653137 
43.0, 0.8112002015113831 
44.0, 0.8157843351364136 
45.0, 0.8203675150871277 
46.0, 0.8265074491500854 
47.0, 0.8335009217262268 
48.0, 0.8370636701583862 
49.0, 0.8406254649162292 
50.0, 0.8441882729530334 
51.0, 0.8477500677108765 
52.0, 0.8513118624687195 
53.0, 0.8553376197814941 
54.0, 0.8597012162208557 
55.0, 0.8640637397766113 
56.0, 0.8684273362159729 
57.0, 0.8727908730506897 
58.0, 0.8753174543380737 
59.0, 0.8770402073860168 
60.0, 0.8803426623344421 
61.0, 0.8837663531303406 
62.0, 0.8871890902519226 
63.0, 0.890612781047821 
64.0, 0.8940354585647583 
65.0, 0.8974591493606567 
66.0, 0.9010974764823914 
67.0, 0.905343770980835 
68.0, 0.9095910787582397 
69.0, 0.9138384461402893 
70.0, 0.9174479246139526 
71.0, 0.9196992516517639 
72.0, 0.921949565410614 
73.0, 0.9245019555091858 
74.0, 0.9272431135177612 
75.0, 0.9299842119216919 
76.0, 0.9327253699302673 
77.0, 0.9354665279388428 
78.0, 0.9382086396217346 
79.0, 0.9409497976303101 
80.0, 0.9432646632194519 
81.0, 0.9455587267875671 
82.0, 0.9478527903556824 
83.0, 0.9501458406448364 
84.0, 0.9524399042129517 
85.0, 0.9547339677810669 
86.0, 0.9571641087532043 
87.0, 0.9597810506820679 
88.0, 0.9619767665863037 
89.0, 0.9641714692115784 
90.0, 0.966366171836853 
91.0, 0.9685618281364441 
92.0, 0.9707565307617188 
93.0, 0.97301185131073 
94.0, 0.9752989411354065 
95.0, 0.977586030960083 
96.0, 0.9798731207847595 
97.0, 0.9821602702140808 
98.0, 0.9844483137130737 
99.0, 0.9867354035377502 
100.0, 0.31678937484830033 
