Time(Seconds), Inputs 
0.0, 0.21366079151630402 
1.0, 0.2811450660228729 
2.0, 0.3194912075996399 
3.0, 0.35067102313041687 
4.0, 0.37805062532424927 
5.0, 0.40183761715888977 
6.0, 0.4234994649887085 
7.0, 0.44336602091789246 
8.0, 0.46282821893692017 
9.0, 0.48144590854644775 
10.0, 0.4993373155593872 
11.0, 0.5167627930641174 
12.0, 0.5314918160438538 
13.0, 0.5470523834228516 
14.0, 0.5622086524963379 
15.0, 0.5762054324150085 
16.0, 0.5902032256126404 
17.0, 0.603847324848175 
18.0, 0.616627037525177 
19.0, 0.6292935013771057 
20.0, 0.6412644982337952 
21.0, 0.6525450348854065 
22.0, 0.6637142300605774 
23.0, 0.6748844385147095 
24.0, 0.6860546469688416 
25.0, 0.6956849098205566 
26.0, 0.7046346068382263 
27.0, 0.7129493951797485 
28.0, 0.7212652564048767 
29.0, 0.7295800447463989 
30.0, 0.7377567887306213 
31.0, 0.745926558971405 
32.0, 0.7540963292121887 
33.0, 0.7613281607627869 
34.0, 0.768285870552063 
35.0, 0.774795413017273 
36.0, 0.7805061936378479 
37.0, 0.7862160205841064 
38.0, 0.7919257879257202 
39.0, 0.7976971864700317 
40.0, 0.8041938543319702 
41.0, 0.8106915354728699 
42.0, 0.8165444135665894 
43.0, 0.8205294013023376 
44.0, 0.8245154619216919 
45.0, 0.828500509262085 
46.0, 0.8329325914382935 
47.0, 0.8379737734794617 
48.0, 0.8430148959159851 
49.0, 0.8480560779571533 
50.0, 0.8530972003936768 
51.0, 0.858138382434845 
52.0, 0.8594945073127747 
53.0, 0.8628427386283875 
54.0, 0.8669509291648865 
55.0, 0.8710591793060303 
56.0, 0.8751683831214905 
57.0, 0.8792766332626343 
58.0, 0.8833848834037781 
59.0, 0.8874940872192383 
60.0, 0.8916053175926208 
61.0, 0.8957175016403198 
62.0, 0.8998296856880188 
63.0, 0.9036438465118408 
64.0, 0.9073298573493958 
65.0, 0.9110158085823059 
66.0, 0.9142547249794006 
67.0, 0.9167752861976624 
68.0, 0.9192968606948853 
69.0, 0.921817421913147 
70.0, 0.9243389964103699 
71.0, 0.9268595576286316 
72.0, 0.9293811321258545 
73.0, 0.9328028559684753 
74.0, 0.9365782737731934 
75.0, 0.9403526782989502 
76.0, 0.9439919590950012 
77.0, 0.9459899067878723 
78.0, 0.947986900806427 
79.0, 0.9499987959861755 
80.0, 0.9527499079704285 
81.0, 0.9555009603500366 
82.0, 0.9582520127296448 
83.0, 0.9610040783882141 
84.0, 0.963755190372467 
85.0, 0.9665062427520752 
86.0, 0.9690089225769043 
87.0, 0.9710615873336792 
88.0, 0.9731141924858093 
89.0, 0.9751667976379395 
90.0, 0.9772194623947144 
91.0, 0.9792720675468445 
92.0, 0.9813246726989746 
93.0, 0.9843489527702332 
94.0, 0.9873275756835938 
95.0, 0.9893226027488708 
96.0, 0.9913175702095032 
97.0, 0.9933125972747803 
98.0, 0.9953075647354126 
99.0, 0.9973035454750061 
100.0, 0.31565242570441876 
