Time(Seconds), Inputs 
0.0, 0.15836210548877716 
1.0, 0.23802702128887177 
2.0, 0.28303274512290955 
3.0, 0.3209109306335449 
4.0, 0.3524881899356842 
5.0, 0.38459697365760803 
6.0, 0.4123232960700989 
7.0, 0.4356582462787628 
8.0, 0.46052321791648865 
9.0, 0.48192477226257324 
10.0, 0.5025026798248291 
11.0, 0.5203474164009094 
12.0, 0.5397112369537354 
13.0, 0.558131217956543 
14.0, 0.5760355591773987 
15.0, 0.591023862361908 
16.0, 0.6039894223213196 
17.0, 0.6191019415855408 
18.0, 0.6317077875137329 
19.0, 0.6422193050384521 
20.0, 0.6527298092842102 
21.0, 0.6640719175338745 
22.0, 0.6738154292106628 
23.0, 0.6824958324432373 
24.0, 0.6911762952804565 
25.0, 0.7017424702644348 
26.0, 0.7124128937721252 
27.0, 0.7197352051734924 
28.0, 0.7270575165748596 
29.0, 0.7340221405029297 
30.0, 0.7406519055366516 
31.0, 0.7472807168960571 
32.0, 0.7538856863975525 
33.0, 0.7597882151603699 
34.0, 0.7649286985397339 
35.0, 0.7700692415237427 
36.0, 0.7752097249031067 
37.0, 0.7803065180778503 
38.0, 0.7852572798728943 
39.0, 0.7902079820632935 
40.0, 0.7951577305793762 
41.0, 0.8007264733314514 
42.0, 0.8047452569007874 
43.0, 0.8087641000747681 
44.0, 0.8127838969230652 
45.0, 0.8168027400970459 
46.0, 0.8194842338562012 
47.0, 0.8220505118370056 
48.0, 0.8246157765388489 
49.0, 0.8271811008453369 
50.0, 0.8322699069976807 
51.0, 0.8380751013755798 
52.0, 0.8427228331565857 
53.0, 0.8473079204559326 
54.0, 0.8513048887252808 
55.0, 0.8549581170082092 
56.0, 0.8586122989654541 
57.0, 0.8622654676437378 
58.0, 0.8657438158988953 
59.0, 0.8690294027328491 
60.0, 0.872314989566803 
61.0, 0.875601589679718 
62.0, 0.8791942000389099 
63.0, 0.8824847340583801 
64.0, 0.8851473927497864 
65.0, 0.887811005115509 
66.0, 0.8905898928642273 
67.0, 0.8938844203948975 
68.0, 0.8971779942512512 
69.0, 0.9004725217819214 
70.0, 0.9037521481513977 
71.0, 0.9066800475120544 
72.0, 0.9096069931983948 
73.0, 0.9125339388847351 
74.0, 0.9154608845710754 
75.0, 0.9207364916801453 
76.0, 0.9250901341438293 
77.0, 0.9283478856086731 
78.0, 0.931606650352478 
79.0, 0.9343517422676086 
80.0, 0.936910092830658 
81.0, 0.9394674301147461 
82.0, 0.9420247673988342 
83.0, 0.94501131772995 
84.0, 0.9483128190040588 
85.0, 0.9516152739524841 
86.0, 0.954916775226593 
87.0, 0.9585798978805542 
88.0, 0.9627040028572083 
89.0, 0.9669563174247742 
90.0, 0.9716338515281677 
91.0, 0.9757102727890015 
92.0, 0.9782686233520508 
93.0, 0.9808269143104553 
94.0, 0.9833852648735046 
95.0, 0.9860419631004333 
96.0, 0.9893484115600586 
97.0, 0.992655873298645 
98.0, 0.9959623217582703 
99.0, 0.9992697834968567 
100.0, 0.5081012949297178 
