Time(Seconds), Inputs 
0.0, 0.21839693188667297 
1.0, 0.2847674489021301 
2.0, 0.32330435514450073 
3.0, 0.3552551567554474 
4.0, 0.38180217146873474 
5.0, 0.40589219331741333 
6.0, 0.4290274679660797 
7.0, 0.44951197504997253 
8.0, 0.46952059864997864 
9.0, 0.48814424872398376 
10.0, 0.5051891803741455 
11.0, 0.5205431580543518 
12.0, 0.5359934568405151 
13.0, 0.5514438152313232 
14.0, 0.5666506886482239 
15.0, 0.5815456509590149 
16.0, 0.5964406132698059 
17.0, 0.6094359159469604 
18.0, 0.6214247941970825 
19.0, 0.6334126591682434 
20.0, 0.6453797221183777 
21.0, 0.6561385989189148 
22.0, 0.6668965220451355 
23.0, 0.6771884560585022 
24.0, 0.6871912479400635 
25.0, 0.6962522268295288 
26.0, 0.7052605152130127 
27.0, 0.7142688035964966 
28.0, 0.7232771515846252 
29.0, 0.7319973111152649 
30.0, 0.7397279143333435 
31.0, 0.7474585771560669 
32.0, 0.7551891803741455 
33.0, 0.7629198431968689 
34.0, 0.7706504464149475 
35.0, 0.7766304612159729 
36.0, 0.782660186290741 
37.0, 0.7888011932373047 
38.0, 0.7949411869049072 
39.0, 0.8010821342468262 
40.0, 0.8072221279144287 
41.0, 0.8133631348609924 
42.0, 0.8162463307380676 
43.0, 0.8214742541313171 
44.0, 0.8267031908035278 
45.0, 0.8319311141967773 
46.0, 0.8371590971946716 
47.0, 0.8423870205879211 
48.0, 0.847526490688324 
49.0, 0.8516148924827576 
50.0, 0.8557032346725464 
51.0, 0.8597538471221924 
52.0, 0.8637647032737732 
53.0, 0.867775559425354 
54.0, 0.8717864155769348 
55.0, 0.8756522536277771 
56.0, 0.8794524669647217 
57.0, 0.883252739906311 
58.0, 0.8870529532432556 
59.0, 0.890853226184845 
60.0, 0.8946544528007507 
61.0, 0.8988173007965088 
62.0, 0.9023731350898743 
63.0, 0.9052752256393433 
64.0, 0.9081783294677734 
65.0, 0.9110804200172424 
66.0, 0.9139825105667114 
67.0, 0.9168846011161804 
68.0, 0.9197449684143066 
69.0, 0.9226022958755493 
70.0, 0.9254596829414368 
71.0, 0.9283170700073242 
72.0, 0.9311744570732117 
73.0, 0.9340318441390991 
74.0, 0.936789870262146 
75.0, 0.9394674301147461 
76.0, 0.9421449899673462 
77.0, 0.9447400569915771 
78.0, 0.9473033547401428 
79.0, 0.9498666524887085 
80.0, 0.9524001479148865 
81.0, 0.9547786712646484 
82.0, 0.9571581482887268 
83.0, 0.9595376253128052 
84.0, 0.9619161486625671 
85.0, 0.9642956256866455 
86.0, 0.9666741490364075 
87.0, 0.9695762395858765 
88.0, 0.9726253747940063 
89.0, 0.975673496723175 
90.0, 0.9787226319313049 
91.0, 0.9817717671394348 
92.0, 0.9848198890686035 
93.0, 0.9862297177314758 
94.0, 0.9883737564086914 
95.0, 0.9905167818069458 
96.0, 0.9926608204841614 
97.0, 0.994804859161377 
98.0, 0.9969478845596313 
99.0, 0.9990919232368469 
100.0, 0.3301240424290684 
