Time(Seconds), Inputs 
0.0, 0.2549477517604828 
1.0, 0.31629204750061035 
2.0, 0.3485428988933563 
3.0, 0.37414804100990295 
4.0, 0.39629077911376953 
5.0, 0.41652393341064453 
6.0, 0.4357983469963074 
7.0, 0.4541567265987396 
8.0, 0.4715891182422638 
9.0, 0.48524314165115356 
10.0, 0.4988971948623657 
11.0, 0.5125511884689331 
12.0, 0.5266473889350891 
13.0, 0.5392035245895386 
14.0, 0.5515838861465454 
15.0, 0.5636849999427795 
16.0, 0.5756629705429077 
17.0, 0.5876409411430359 
18.0, 0.5992830991744995 
19.0, 0.608953058719635 
20.0, 0.6186240315437317 
21.0, 0.628294050693512 
22.0, 0.6389456391334534 
23.0, 0.6489216089248657 
24.0, 0.6584376096725464 
25.0, 0.6679546236991882 
26.0, 0.6774715781211853 
27.0, 0.6861311793327332 
28.0, 0.6936770081520081 
29.0, 0.7012218236923218 
30.0, 0.7087676525115967 
31.0, 0.7163125276565552 
32.0, 0.7248349785804749 
33.0, 0.731788694858551 
34.0, 0.7386161684989929 
35.0, 0.7454426884651184 
36.0, 0.7522692084312439 
37.0, 0.7590967416763306 
38.0, 0.765923261642456 
39.0, 0.7725023627281189 
40.0, 0.7789851427078247 
41.0, 0.7854688763618469 
42.0, 0.7911339998245239 
43.0, 0.7967225313186646 
44.0, 0.8023101687431335 
45.0, 0.807898759841919 
46.0, 0.8129090666770935 
47.0, 0.817481279373169 
48.0, 0.8220534920692444 
49.0, 0.8266246914863586 
50.0, 0.8311969041824341 
51.0, 0.8363096117973328 
52.0, 0.8429712057113647 
53.0, 0.8496327996253967 
54.0, 0.8548815846443176 
55.0, 0.8588517308235168 
56.0, 0.8628218770027161 
57.0, 0.8667929768562317 
58.0, 0.8707631230354309 
59.0, 0.8747332096099854 
60.0, 0.8787043690681458 
61.0, 0.8824489712715149 
62.0, 0.8860703706741333 
63.0, 0.8896917700767517 
64.0, 0.8933131694793701 
65.0, 0.8967944979667664 
66.0, 0.9001079201698303 
67.0, 0.9034222960472107 
68.0, 0.9067357182502747 
69.0, 0.910050094127655 
70.0, 0.913363516330719 
71.0, 0.9170176982879639 
72.0, 0.9206858277320862 
73.0, 0.9243538975715637 
74.0, 0.9280210137367249 
75.0, 0.9316891431808472 
76.0, 0.9353572130203247 
77.0, 0.9389617443084717 
78.0, 0.9424450397491455 
79.0, 0.9459293484687805 
80.0, 0.9490847587585449 
81.0, 0.9514523148536682 
82.0, 0.9538189172744751 
83.0, 0.956185519695282 
84.0, 0.9585520625114441 
85.0, 0.960918664932251 
86.0, 0.9632852077484131 
87.0, 0.96565181016922 
88.0, 0.9680184125900269 
89.0, 0.970384955406189 
90.0, 0.9733486771583557 
91.0, 0.9765985012054443 
92.0, 0.9798473119735718 
93.0, 0.9821860790252686 
94.0, 0.9843937158584595 
95.0, 0.9866012930870056 
96.0, 0.9888079166412354 
97.0, 0.9910155534744263 
98.0, 0.9932231307029724 
99.0, 0.9954297542572021 
100.0, 0.21831978504422178 
