Time(Seconds), Inputs 
0.0, 0.0683317482471466 
1.0, 0.30491021275520325 
2.0, 0.3378734290599823 
3.0, 0.36417701840400696 
4.0, 0.38864460587501526 
5.0, 0.40834322571754456 
6.0, 0.42695993185043335 
7.0, 0.4432935118675232 
8.0, 0.45962706208229065 
9.0, 0.47504162788391113 
10.0, 0.49010249972343445 
11.0, 0.5051623582839966 
12.0, 0.5186206698417664 
13.0, 0.5319875478744507 
14.0, 0.545428991317749 
15.0, 0.5574526190757751 
16.0, 0.5689437389373779 
17.0, 0.5804348587989807 
18.0, 0.5918942093849182 
19.0, 0.6023878455162048 
20.0, 0.6128814816474915 
21.0, 0.6233741044998169 
22.0, 0.6343604922294617 
23.0, 0.6434065699577332 
24.0, 0.6524526476860046 
25.0, 0.6614986658096313 
26.0, 0.6705447435379028 
27.0, 0.6791496872901917 
28.0, 0.6869031190872192 
29.0, 0.6946576237678528 
30.0, 0.7027369737625122 
31.0, 0.7120293974876404 
32.0, 0.7206949591636658 
33.0, 0.7275155186653137 
34.0, 0.7343360781669617 
35.0, 0.7411566376686096 
36.0, 0.7479771971702576 
37.0, 0.7547977566719055 
38.0, 0.7615219354629517 
39.0, 0.7664865851402283 
40.0, 0.7727169990539551 
41.0, 0.7789483666419983 
42.0, 0.7851797938346863 
43.0, 0.7914111614227295 
44.0, 0.7976425886154175 
45.0, 0.8038739562034607 
46.0, 0.8089916110038757 
47.0, 0.8141043186187744 
48.0, 0.8190123438835144 
49.0, 0.8239014744758606 
50.0, 0.828791618347168 
51.0, 0.8336807489395142 
52.0, 0.8385708928108215 
53.0, 0.8434600234031677 
54.0, 0.8481007814407349 
55.0, 0.8523759245872498 
56.0, 0.8565974235534668 
57.0, 0.8606748580932617 
58.0, 0.8647522926330566 
59.0, 0.8688297271728516 
60.0, 0.8729071617126465 
61.0, 0.8769845962524414 
62.0, 0.8810619711875916 
63.0, 0.8851394057273865 
64.0, 0.8888294100761414 
65.0, 0.8906813263893127 
66.0, 0.8938466906547546 
67.0, 0.8970111012458801 
68.0, 0.900176465511322 
69.0, 0.9033418297767639 
70.0, 0.9065061807632446 
71.0, 0.9096716046333313 
72.0, 0.9128369688987732 
73.0, 0.9160013198852539 
74.0, 0.9197916388511658 
75.0, 0.9236077666282654 
76.0, 0.927423894405365 
77.0, 0.9312400221824646 
78.0, 0.9332002401351929 
79.0, 0.9351326823234558 
80.0, 0.9370660781860352 
81.0, 0.9389994740486145 
82.0, 0.9411286115646362 
83.0, 0.94376540184021 
84.0, 0.9464032649993896 
85.0, 0.9490400552749634 
86.0, 0.9516778588294983 
87.0, 0.9543147087097168 
88.0, 0.9569514989852905 
89.0, 0.9595893025398254 
90.0, 0.962226152420044 
91.0, 0.9650954604148865 
92.0, 0.9680869579315186 
93.0, 0.9710784554481506 
94.0, 0.9739447832107544 
95.0, 0.9757281541824341 
96.0, 0.9775115251541138 
97.0, 0.979293942451477 
98.0, 0.9810773134231567 
99.0, 0.9828596711158752 
100.0, 0.24354557803431287 
