Time(Seconds), Inputs 
0.0, 0.09041783958673477 
1.0, 0.18562348186969757 
2.0, 0.23828135430812836 
3.0, 0.28604811429977417 
4.0, 0.32170379161834717 
5.0, 0.35741308331489563 
6.0, 0.38957056403160095 
7.0, 0.4108111560344696 
8.0, 0.436264306306839 
9.0, 0.45615172386169434 
10.0, 0.47794172167778015 
11.0, 0.49284660816192627 
12.0, 0.5094971060752869 
13.0, 0.5241526365280151 
14.0, 0.5348857045173645 
15.0, 0.5482357144355774 
16.0, 0.5615847110748291 
17.0, 0.5714931488037109 
18.0, 0.5803335309028625 
19.0, 0.5893617272377014 
20.0, 0.5989522337913513 
21.0, 0.6063390970230103 
22.0, 0.6130771636962891 
23.0, 0.6206369400024414 
24.0, 0.6281927227973938 
25.0, 0.6357385516166687 
26.0, 0.6432843804359436 
27.0, 0.6491610407829285 
28.0, 0.6516647338867188 
29.0, 0.6568132042884827 
30.0, 0.6643391847610474 
31.0, 0.6716594696044922 
32.0, 0.6767035722732544 
33.0, 0.6817477345466614 
34.0, 0.6869756579399109 
35.0, 0.6928106546401978 
36.0, 0.6996580362319946 
37.0, 0.7034473419189453 
38.0, 0.7072356343269348 
39.0, 0.7115247249603271 
40.0, 0.7159439325332642 
41.0, 0.7205846905708313 
42.0, 0.7256098985671997 
43.0, 0.7306351661682129 
44.0, 0.7357001900672913 
45.0, 0.7397180199623108 
46.0, 0.744250476360321 
47.0, 0.7493045330047607 
48.0, 0.7542204856872559 
49.0, 0.7573590278625488 
50.0, 0.7604966163635254 
51.0, 0.7656778693199158 
52.0, 0.7720602750778198 
53.0, 0.7748183012008667 
54.0, 0.7792354822158813 
55.0, 0.7836517095565796 
56.0, 0.7885428667068481 
57.0, 0.7935720682144165 
58.0, 0.7986092567443848 
59.0, 0.8036653399467468 
60.0, 0.8087203502655029 
61.0, 0.8140417337417603 
62.0, 0.8193888664245605 
63.0, 0.8225661516189575 
64.0, 0.8282431960105896 
65.0, 0.8338426947593689 
66.0, 0.8376309871673584 
67.0, 0.8414193391799927 
68.0, 0.8459676504135132 
69.0, 0.8509939312934875 
70.0, 0.8560141921043396 
71.0, 0.8610086441040039 
72.0, 0.863903820514679 
73.0, 0.8685833215713501 
74.0, 0.8742662668228149 
75.0, 0.8793362379074097 
76.0, 0.8831056952476501 
77.0, 0.8868750929832458 
78.0, 0.8934333920478821 
79.0, 0.900370180606842 
80.0, 0.9060442447662354 
81.0, 0.9089810848236084 
82.0, 0.9119387865066528 
83.0, 0.9157102108001709 
84.0, 0.9194806814193726 
85.0, 0.9236286282539368 
86.0, 0.9280418753623962 
87.0, 0.9328684210777283 
88.0, 0.939928412437439 
89.0, 0.9469874501228333 
90.0, 0.9502690434455872 
91.0, 0.9546902179718018 
92.0, 0.9592932462692261 
93.0, 0.9643383622169495 
94.0, 0.969384491443634 
95.0, 0.9738732576370239 
96.0, 0.9782745838165283 
97.0, 0.9831706881523132 
98.0, 0.9887413382530212 
99.0, 0.9900041222572327 
100.0, 0.8667384889221977 
