Time(Seconds), Inputs 
0.0, 0.12491405755281448 
1.0, 0.21412178874015808 
2.0, 0.2651204764842987 
3.0, 0.3079533874988556 
4.0, 0.34485292434692383 
5.0, 0.3772200345993042 
6.0, 0.40458372235298157 
7.0, 0.4330025613307953 
8.0, 0.45763006806373596 
9.0, 0.4812551438808441 
10.0, 0.5039442777633667 
11.0, 0.5234571695327759 
12.0, 0.5402119755744934 
13.0, 0.5564660429954529 
14.0, 0.5724678039550781 
15.0, 0.5875634551048279 
16.0, 0.6002925038337708 
17.0, 0.6120548248291016 
18.0, 0.6236284375190735 
19.0, 0.6341727375984192 
20.0, 0.643851637840271 
21.0, 0.6512892246246338 
22.0, 0.6600958108901978 
23.0, 0.6689034104347229 
24.0, 0.677711009979248 
25.0, 0.6850174069404602 
26.0, 0.6903397440910339 
27.0, 0.6956630349159241 
28.0, 0.7010132074356079 
29.0, 0.7063702940940857 
30.0, 0.7117273807525635 
31.0, 0.7182498574256897 
32.0, 0.7253456711769104 
33.0, 0.7291131019592285 
34.0, 0.732691764831543 
35.0, 0.7370901107788086 
36.0, 0.741487443447113 
37.0, 0.7460983991622925 
38.0, 0.7509905695915222 
39.0, 0.7558826804161072 
40.0, 0.761290431022644 
41.0, 0.7678278088569641 
42.0, 0.7720105648040771 
43.0, 0.7752484679222107 
44.0, 0.7791411280632019 
45.0, 0.7830327749252319 
46.0, 0.7869263887405396 
47.0, 0.7908428907394409 
48.0, 0.7947583794593811 
49.0, 0.7986748218536377 
50.0, 0.8031208515167236 
51.0, 0.8075966835021973 
52.0, 0.8120735287666321 
53.0, 0.8162423372268677 
54.0, 0.8206228017807007 
55.0, 0.8250032663345337 
56.0, 0.8293976187705994 
57.0, 0.8337999582290649 
58.0, 0.8382012844085693 
59.0, 0.8420363068580627 
60.0, 0.8454609513282776 
61.0, 0.848884642124176 
62.0, 0.8551090955734253 
63.0, 0.8587036728858948 
64.0, 0.8621740937232971 
65.0, 0.8659653663635254 
66.0, 0.870363712310791 
67.0, 0.8747630715370178 
68.0, 0.8790531158447266 
69.0, 0.8829635977745056 
70.0, 0.8868750929832458 
71.0, 0.8910151720046997 
72.0, 0.8971064686775208 
73.0, 0.9000721573829651 
74.0, 0.9025022983551025 
75.0, 0.9073188900947571 
76.0, 0.9122060537338257 
77.0, 0.9170942306518555 
78.0, 0.9207354784011841 
79.0, 0.9241601824760437 
80.0, 0.9275848865509033 
81.0, 0.9318679571151733 
82.0, 0.9364610314369202 
83.0, 0.9406924247741699 
84.0, 0.942500650882721 
85.0, 0.9454345703125 
86.0, 0.9483694434165955 
87.0, 0.9513013362884521 
88.0, 0.9542312026023865 
89.0, 0.9571601152420044 
90.0, 0.9604586362838745 
91.0, 0.9643691778182983 
92.0, 0.968278706073761 
93.0, 0.9722756743431091 
94.0, 0.9765239953994751 
95.0, 0.9807732701301575 
96.0, 0.9837409257888794 
97.0, 0.9866728186607361 
98.0, 0.9896047115325928 
99.0, 0.9925366044044495 
100.0, 0.6752924343912212 
