Time(Seconds), Inputs 
0.0, 0.19414594769477844 
1.0, 0.2637871503829956 
2.0, 0.3039415180683136 
3.0, 0.33857783675193787 
4.0, 0.3701729476451874 
5.0, 0.3971799612045288 
6.0, 0.42118555307388306 
7.0, 0.44465264678001404 
8.0, 0.46685001254081726 
9.0, 0.48855456709861755 
10.0, 0.5050640106201172 
11.0, 0.5259876847267151 
12.0, 0.5448746085166931 
13.0, 0.5617456436157227 
14.0, 0.5786157250404358 
15.0, 0.592304527759552 
16.0, 0.6046282649040222 
17.0, 0.6169509291648865 
18.0, 0.6299462914466858 
19.0, 0.6436102390289307 
20.0, 0.658335268497467 
21.0, 0.671173632144928 
22.0, 0.6811069250106812 
23.0, 0.6910401582717896 
24.0, 0.7009744644165039 
25.0, 0.7113240361213684 
26.0, 0.7197292447090149 
27.0, 0.7281344532966614 
28.0, 0.7365397214889526 
29.0, 0.7449459433555603 
30.0, 0.7537694573402405 
31.0, 0.7605810761451721 
32.0, 0.7673926949501038 
33.0, 0.7742033004760742 
34.0, 0.7810149192810059 
35.0, 0.7896575927734375 
36.0, 0.7970563769340515 
37.0, 0.8013076782226562 
38.0, 0.8055579662322998 
39.0, 0.8098083138465881 
40.0, 0.8137456178665161 
41.0, 0.8174266219139099 
42.0, 0.8211086392402649 
43.0, 0.8247896432876587 
44.0, 0.8284716606140137 
45.0, 0.8370060920715332 
46.0, 0.8415951728820801 
47.0, 0.8458156585693359 
48.0, 0.8500361442565918 
49.0, 0.8542566895484924 
50.0, 0.8581363558769226 
51.0, 0.8618144392967224 
52.0, 0.8654924631118774 
53.0, 0.8691704869270325 
54.0, 0.8728485107421875 
55.0, 0.8763328194618225 
56.0, 0.8797197341918945 
57.0, 0.8830848336219788 
58.0, 0.8864479064941406 
59.0, 0.8898100256919861 
60.0, 0.8929684162139893 
61.0, 0.8960394263267517 
62.0, 0.8991103768348694 
63.0, 0.9021803736686707 
64.0, 0.9052513837814331 
65.0, 0.9086522459983826 
66.0, 0.9121662974357605 
67.0, 0.9156794548034668 
68.0, 0.9191925525665283 
69.0, 0.9227056503295898 
70.0, 0.9231169819831848 
71.0, 0.9255729913711548 
72.0, 0.9280279874801636 
73.0, 0.9304839372634888 
74.0, 0.9329389929771423 
75.0, 0.936142086982727 
76.0, 0.9395220875740051 
77.0, 0.9429020285606384 
78.0, 0.9462820291519165 
79.0, 0.9496620297431946 
80.0, 0.9528840184211731 
81.0, 0.9560801982879639 
82.0, 0.9592763781547546 
83.0, 0.9624725580215454 
84.0, 0.9653517603874207 
85.0, 0.9672364592552185 
86.0, 0.9693825244903564 
87.0, 0.9715295433998108 
88.0, 0.973675549030304 
89.0, 0.9758225679397583 
90.0, 0.9774052500724792 
91.0, 0.9789382219314575 
92.0, 0.9804702401161194 
93.0, 0.9820022583007812 
94.0, 0.9835352897644043 
95.0, 0.9865347146987915 
96.0, 0.989605724811554 
97.0, 0.9926757216453552 
98.0, 0.9957457184791565 
99.0, 0.998816728591919 
100.0, 0.4248293511725054 
