Time(Seconds), Inputs 
0.0, 0.21246160566806793 
1.0, 0.27620625495910645 
2.0, 0.31507396697998047 
3.0, 0.347330778837204 
4.0, 0.3741520345211029 
5.0, 0.39657291769981384 
6.0, 0.42016521096229553 
7.0, 0.4418201148509979 
8.0, 0.4623970091342926 
9.0, 0.4799705147743225 
10.0, 0.4965842664241791 
11.0, 0.5124737024307251 
12.0, 0.52718585729599 
13.0, 0.5466102957725525 
14.0, 0.5615459680557251 
15.0, 0.5745969414710999 
16.0, 0.5876479148864746 
17.0, 0.6010664701461792 
18.0, 0.6149052977561951 
19.0, 0.6275379657745361 
20.0, 0.6397801637649536 
21.0, 0.6506732106208801 
22.0, 0.661567211151123 
23.0, 0.6724612712860107 
24.0, 0.680776059627533 
25.0, 0.6894237399101257 
26.0, 0.6993897557258606 
27.0, 0.7093558311462402 
28.0, 0.7193219065666199 
29.0, 0.7283182740211487 
30.0, 0.7369013428688049 
31.0, 0.7444273233413696 
32.0, 0.7511852979660034 
33.0, 0.7579442262649536 
34.0, 0.7647032141685486 
35.0, 0.7715992331504822 
36.0, 0.7784973382949829 
37.0, 0.7848767638206482 
38.0, 0.7902825474739075 
39.0, 0.795688271522522 
40.0, 0.8010940551757812 
41.0, 0.8064998388290405 
42.0, 0.8102394938468933 
43.0, 0.8138469457626343 
44.0, 0.818723201751709 
45.0, 0.8236004114151001 
46.0, 0.8284766674041748 
47.0, 0.8333538770675659 
48.0, 0.8382300734519958 
49.0, 0.8431063294410706 
50.0, 0.8477858304977417 
51.0, 0.8517032861709595 
52.0, 0.8550792932510376 
53.0, 0.8584563136100769 
54.0, 0.861832320690155 
55.0, 0.8652083277702332 
56.0, 0.8687641620635986 
57.0, 0.8724252581596375 
58.0, 0.8760874271392822 
59.0, 0.8797485828399658 
60.0, 0.8834096789360046 
61.0, 0.8870708346366882 
62.0, 0.8930131196975708 
63.0, 0.8952276706695557 
64.0, 0.8974422812461853 
65.0, 0.8996568322181702 
66.0, 0.901871383190155 
67.0, 0.9040859937667847 
68.0, 0.9065131545066833 
69.0, 0.9099209308624268 
70.0, 0.9133287668228149 
71.0, 0.9167365431785583 
72.0, 0.9201443195343018 
73.0, 0.9235531091690063 
74.0, 0.9269609451293945 
75.0, 0.9299812316894531 
76.0, 0.9329797029495239 
77.0, 0.9359175562858582 
78.0, 0.9387709498405457 
79.0, 0.9416233897209167 
80.0, 0.9444767832756042 
81.0, 0.9468761682510376 
82.0, 0.949073851108551 
83.0, 0.9512705206871033 
84.0, 0.9534682035446167 
85.0, 0.9556658864021301 
86.0, 0.9578625559806824 
87.0, 0.9607229232788086 
88.0, 0.9643115401268005 
89.0, 0.9678991436958313 
90.0, 0.9714877605438232 
91.0, 0.9750754237174988 
92.0, 0.9777420163154602 
93.0, 0.9791876077651978 
94.0, 0.9811369180679321 
95.0, 0.9830852150917053 
96.0, 0.9850335121154785 
97.0, 0.9869818091392517 
98.0, 0.9889301061630249 
99.0, 0.9908784627914429 
100.0, 0.33810610673695596 
