Time(Seconds), Inputs 
0.0, 0.03639087826013565 
1.0, 0.2821207046508789 
2.0, 0.31857913732528687 
3.0, 0.3484097719192505 
4.0, 0.3755131661891937 
5.0, 0.40004730224609375 
6.0, 0.4201771318912506 
7.0, 0.4399244487285614 
8.0, 0.45842689275741577 
9.0, 0.47692933678627014 
10.0, 0.4932052791118622 
11.0, 0.5096928477287292 
12.0, 0.5254531502723694 
13.0, 0.539496660232544 
14.0, 0.5535391569137573 
15.0, 0.5672895312309265 
16.0, 0.5803126692771912 
17.0, 0.5933358073234558 
18.0, 0.6066580414772034 
19.0, 0.617927610874176 
20.0, 0.6291961669921875 
21.0, 0.640464723110199 
22.0, 0.6514273285865784 
23.0, 0.6614857316017151 
24.0, 0.6715253591537476 
25.0, 0.6814436912536621 
26.0, 0.6913610696792603 
27.0, 0.6992030143737793 
28.0, 0.7070081233978271 
29.0, 0.7148122787475586 
30.0, 0.7226174473762512 
31.0, 0.7317310571670532 
32.0, 0.7399623990058899 
33.0, 0.7471883296966553 
34.0, 0.7544132471084595 
35.0, 0.7616381645202637 
36.0, 0.768864095211029 
37.0, 0.7760890126228333 
38.0, 0.779603123664856 
39.0, 0.7853924036026001 
40.0, 0.7911816835403442 
41.0, 0.7969709634780884 
42.0, 0.8027602434158325 
43.0, 0.8085494637489319 
44.0, 0.814338743686676 
45.0, 0.8213083744049072 
46.0, 0.825698733329773 
47.0, 0.8300891518592834 
48.0, 0.8344795107841492 
49.0, 0.8388699293136597 
50.0, 0.8432602882385254 
51.0, 0.8476507067680359 
52.0, 0.8528707027435303 
53.0, 0.8582794666290283 
54.0, 0.8630672693252563 
55.0, 0.866251528263092 
56.0, 0.8694347739219666 
57.0, 0.8726190328598022 
58.0, 0.8758032917976379 
59.0, 0.8803218007087708 
60.0, 0.8848781585693359 
61.0, 0.8894354104995728 
62.0, 0.8939917683601379 
63.0, 0.8985480666160583 
64.0, 0.9031053781509399 
65.0, 0.9037203788757324 
66.0, 0.9070665836334229 
67.0, 0.9104137420654297 
68.0, 0.9137609601020813 
69.0, 0.9171081185340881 
70.0, 0.9204543232917786 
71.0, 0.9238014817237854 
72.0, 0.92682284116745 
73.0, 0.9290552735328674 
74.0, 0.9312887191772461 
75.0, 0.9335221648216248 
76.0, 0.9357545971870422 
77.0, 0.9379880428314209 
78.0, 0.9402214884757996 
79.0, 0.9478051066398621 
80.0, 0.9501528143882751 
81.0, 0.9525005221366882 
82.0, 0.9548482298851013 
83.0, 0.9571959376335144 
84.0, 0.9595435857772827 
85.0, 0.9618903398513794 
86.0, 0.9643065929412842 
87.0, 0.9667596220970154 
88.0, 0.969213604927063 
89.0, 0.9716675877571106 
90.0, 0.9741206169128418 
91.0, 0.9765746593475342 
92.0, 0.9790286421775818 
93.0, 0.9819992780685425 
94.0, 0.9850921630859375 
95.0, 0.9881849884986877 
96.0, 0.990979790687561 
97.0, 0.9932460188865662 
98.0, 0.9955112338066101 
99.0, 0.9977774620056152 
100.0, 0.3086284646076674 
