Time(Seconds), Inputs 
0.0, 0.1466643363237381 
1.0, 0.23604294657707214 
2.0, 0.2836010456085205 
3.0, 0.32106393575668335 
4.0, 0.3541255295276642 
5.0, 0.3853023648262024 
6.0, 0.4135681986808777 
7.0, 0.4407212734222412 
8.0, 0.46362999081611633 
9.0, 0.48460233211517334 
10.0, 0.5060784220695496 
11.0, 0.5276995301246643 
12.0, 0.5442993640899658 
13.0, 0.5611903071403503 
14.0, 0.5776609778404236 
15.0, 0.5922767519950867 
16.0, 0.6059705018997192 
17.0, 0.6192758083343506 
18.0, 0.6311981081962585 
19.0, 0.6426494717597961 
20.0, 0.6538912653923035 
21.0, 0.6635294556617737 
22.0, 0.6718303561210632 
23.0, 0.6809688210487366 
24.0, 0.6901082396507263 
25.0, 0.6992467045783997 
26.0, 0.7046842575073242 
27.0, 0.7117999196052551 
28.0, 0.7189165353775024 
29.0, 0.7260321974754333 
30.0, 0.733332633972168 
31.0, 0.7406757473945618 
32.0, 0.7452360391616821 
33.0, 0.7482255697250366 
34.0, 0.7544817924499512 
35.0, 0.7607380151748657 
36.0, 0.7669942378997803 
37.0, 0.7724546790122986 
38.0, 0.7772712707519531 
39.0, 0.7820869088172913 
40.0, 0.7847376465797424 
41.0, 0.7873267531394958 
42.0, 0.7914956212043762 
43.0, 0.795665442943573 
44.0, 0.7998352646827698 
45.0, 0.8040090799331665 
46.0, 0.808181881904602 
47.0, 0.8123556971549988 
48.0, 0.8170769214630127 
49.0, 0.8220763802528381 
50.0, 0.8270757794380188 
51.0, 0.8276093006134033 
52.0, 0.8317810893058777 
53.0, 0.835953950881958 
54.0, 0.8401257395744324 
55.0, 0.8437779545783997 
56.0, 0.8466979265213013 
57.0, 0.8496178984642029 
58.0, 0.8525378704071045 
59.0, 0.8564513921737671 
60.0, 0.8606440424919128 
61.0, 0.8648377060890198 
62.0, 0.8698510527610779 
63.0, 0.8729061484336853 
64.0, 0.8747421503067017 
65.0, 0.8765782117843628 
66.0, 0.8792189955711365 
67.0, 0.8825662136077881 
68.0, 0.8859143853187561 
69.0, 0.8892615437507629 
70.0, 0.8937374353408813 
71.0, 0.898325502872467 
72.0, 0.9029145836830139 
73.0, 0.9073516726493835 
74.0, 0.9113854169845581 
75.0, 0.9148518443107605 
76.0, 0.917448878288269 
77.0, 0.9202556014060974 
78.0, 0.9231775999069214 
79.0, 0.9260995388031006 
80.0, 0.9290264844894409 
81.0, 0.9323686957359314 
82.0, 0.9357109069824219 
83.0, 0.9390541315078735 
84.0, 0.9431782364845276 
85.0, 0.9485621452331543 
86.0, 0.9539461135864258 
87.0, 0.9573509097099304 
88.0, 0.9600324034690857 
89.0, 0.9629563689231873 
90.0, 0.9658803343772888 
91.0, 0.9689175486564636 
92.0, 0.9726750254631042 
93.0, 0.9764325618743896 
94.0, 0.980190098285675 
95.0, 0.9839505553245544 
96.0, 0.9877120852470398 
97.0, 0.9914745688438416 
98.0, 0.9952360391616821 
99.0, 0.9987292885780334 
100.0, 0.580951204868016 
