Time(Seconds), Inputs 
0.0, 0.15532688796520233 
1.0, 0.2365426868200302 
2.0, 0.2819945216178894 
3.0, 0.3197813034057617 
4.0, 0.3547266125679016 
5.0, 0.38454630970954895 
6.0, 0.41289061307907104 
7.0, 0.4377029240131378 
8.0, 0.46055305004119873 
9.0, 0.4820191562175751 
10.0, 0.503099799156189 
11.0, 0.5233190655708313 
12.0, 0.5409312844276428 
13.0, 0.5582385063171387 
14.0, 0.5755447745323181 
15.0, 0.5916388630867004 
16.0, 0.6070385575294495 
17.0, 0.6225484609603882 
18.0, 0.6341429352760315 
19.0, 0.6452207565307617 
20.0, 0.6562985777854919 
21.0, 0.6692392230033875 
22.0, 0.6783339977264404 
23.0, 0.6874276995658875 
24.0, 0.6965214610099792 
25.0, 0.7059907913208008 
26.0, 0.7139747142791748 
27.0, 0.7210367321968079 
28.0, 0.7280986905097961 
29.0, 0.735567033290863 
30.0, 0.7435718774795532 
31.0, 0.7515767216682434 
32.0, 0.7553600668907166 
33.0, 0.7596481442451477 
34.0, 0.765515923500061 
35.0, 0.7713846564292908 
36.0, 0.7772524356842041 
37.0, 0.7828668355941772 
38.0, 0.7870962619781494 
39.0, 0.7913247346878052 
40.0, 0.7950335741043091 
41.0, 0.7974657416343689 
42.0, 0.8022078275680542 
43.0, 0.8069499135017395 
44.0, 0.8116919994354248 
45.0, 0.8164331316947937 
46.0, 0.8202681541442871 
47.0, 0.8239471316337585 
48.0, 0.8276271820068359 
49.0, 0.8313071727752686 
50.0, 0.838180422782898 
51.0, 0.841346800327301 
52.0, 0.8445121645927429 
53.0, 0.847678542137146 
54.0, 0.850917398929596 
55.0, 0.8542089462280273 
56.0, 0.8575005531311035 
57.0, 0.8607921004295349 
58.0, 0.8640896081924438 
59.0, 0.8673940896987915 
60.0, 0.8706995248794556 
61.0, 0.8740040063858032 
62.0, 0.8799512386322021 
63.0, 0.8829467296600342 
64.0, 0.8859431743621826 
65.0, 0.8889396786689758 
66.0, 0.8920335173606873 
67.0, 0.8957055807113647 
68.0, 0.8993766903877258 
69.0, 0.9030477404594421 
70.0, 0.9067148566246033 
71.0, 0.9100064039230347 
72.0, 0.9132969379425049 
73.0, 0.9165875315666199 
74.0, 0.9198790788650513 
75.0, 0.9232977628707886 
76.0, 0.9260886311531067 
77.0, 0.92887943983078 
78.0, 0.9316692352294922 
79.0, 0.935343325138092 
80.0, 0.9393799901008606 
81.0, 0.9434167146682739 
82.0, 0.9474533796310425 
83.0, 0.9506455659866333 
84.0, 0.9532068967819214 
85.0, 0.9557672142982483 
86.0, 0.9583285450935364 
87.0, 0.962761640548706 
88.0, 0.9669066071510315 
89.0, 0.9687654972076416 
90.0, 0.9706254005432129 
91.0, 0.9728986024856567 
92.0, 0.9761871695518494 
93.0, 0.979475736618042 
94.0, 0.9827643036842346 
95.0, 0.986055850982666 
96.0, 0.9893593192100525 
97.0, 0.992662787437439 
98.0, 0.9959662556648254 
99.0, 0.9992697834968567 
100.0, 0.5087017062753632 
