Time(Seconds), Inputs 
0.0, 0.09899196773767471 
1.0, 0.32839715480804443 
2.0, 0.3556157946586609 
3.0, 0.37952303886413574 
4.0, 0.39959126710891724 
5.0, 0.41844043135643005 
6.0, 0.43477699160575867 
7.0, 0.4511125385761261 
8.0, 0.464849054813385 
9.0, 0.4775383472442627 
10.0, 0.49022766947746277 
11.0, 0.5025990605354309 
12.0, 0.5143753290176392 
13.0, 0.5261515974998474 
14.0, 0.5379278659820557 
15.0, 0.5484006404876709 
16.0, 0.5583726167678833 
17.0, 0.568959653377533 
18.0, 0.5796241760253906 
19.0, 0.5895366072654724 
20.0, 0.598947286605835 
21.0, 0.6083579659461975 
22.0, 0.6177695989608765 
23.0, 0.6271176934242249 
24.0, 0.6355537176132202 
25.0, 0.6439887881278992 
26.0, 0.6524248123168945 
27.0, 0.6608598232269287 
28.0, 0.6692938804626465 
29.0, 0.6772510409355164 
30.0, 0.6851515769958496 
31.0, 0.6924440264701843 
32.0, 0.6997365355491638 
33.0, 0.7070289850234985 
34.0, 0.7141068577766418 
35.0, 0.7207337021827698 
36.0, 0.7273595333099365 
37.0, 0.7339863181114197 
38.0, 0.7406121492385864 
39.0, 0.7472379803657532 
40.0, 0.7538648247718811 
41.0, 0.7602432370185852 
42.0, 0.7665879130363464 
43.0, 0.7729335427284241 
44.0, 0.7790815234184265 
45.0, 0.7847068309783936 
46.0, 0.7903332114219666 
47.0, 0.7959595322608948 
48.0, 0.801337480545044 
49.0, 0.8066339492797852 
50.0, 0.8119304776191711 
51.0, 0.8172259330749512 
52.0, 0.8225224614143372 
53.0, 0.8278189301490784 
54.0, 0.8331144452095032 
55.0, 0.8384109139442444 
56.0, 0.8428847789764404 
57.0, 0.8469880223274231 
58.0, 0.8513883352279663 
59.0, 0.8561373949050903 
60.0, 0.8608864545822144 
61.0, 0.8656365275382996 
62.0, 0.8703855872154236 
63.0, 0.8751346468925476 
64.0, 0.879884660243988 
65.0, 0.8842770457267761 
66.0, 0.8881269693374634 
67.0, 0.8919768929481506 
68.0, 0.8958268165588379 
69.0, 0.8996766805648804 
70.0, 0.9035256505012512 
71.0, 0.9073755145072937 
72.0, 0.9115205407142639 
73.0, 0.915815532207489 
74.0, 0.9201095700263977 
75.0, 0.9244036078453064 
76.0, 0.9280130863189697 
77.0, 0.9314019680023193 
78.0, 0.9347909092903137 
79.0, 0.9381808042526245 
80.0, 0.9415697455406189 
81.0, 0.9449586272239685 
82.0, 0.9483485817909241 
83.0, 0.9517374634742737 
84.0, 0.9551274180412292 
85.0, 0.9585162997245789 
86.0, 0.9619280695915222 
87.0, 0.9653438329696655 
88.0, 0.9686353802680969 
89.0, 0.9713625907897949 
90.0, 0.9740898013114929 
91.0, 0.9768170714378357 
92.0, 0.9795442819595337 
93.0, 0.9822714924812317 
94.0, 0.9849987626075745 
95.0, 0.9877269864082336 
96.0, 0.9904541969299316 
97.0, 0.9931814074516296 
98.0, 0.9959086775779724 
99.0, 0.9986358880996704 
100.0, 0.15267268213542043 
