Time(Seconds), Inputs 
0.0, 0.16390499472618103 
1.0, 0.25195229053497314 
2.0, 0.2930554449558258 
3.0, 0.32451942563056946 
4.0, 0.3549531400203705 
5.0, 0.38423433899879456 
6.0, 0.4102537930011749 
7.0, 0.4326806664466858 
8.0, 0.45561322569847107 
9.0, 0.47657862305641174 
10.0, 0.4966418743133545 
11.0, 0.5151373744010925 
12.0, 0.5314868092536926 
13.0, 0.5478313565254211 
14.0, 0.5624719262123108 
15.0, 0.577111542224884 
16.0, 0.593899130821228 
17.0, 0.6064274907112122 
18.0, 0.6189548969268799 
19.0, 0.6314822435379028 
20.0, 0.6435059309005737 
21.0, 0.6550149321556091 
22.0, 0.666071891784668 
23.0, 0.6767582297325134 
24.0, 0.6856204867362976 
25.0, 0.694483757019043 
26.0, 0.703907310962677 
27.0, 0.7137035131454468 
28.0, 0.7220571041107178 
29.0, 0.7293972373008728 
30.0, 0.7367364168167114 
31.0, 0.7444590926170349 
32.0, 0.7523526549339294 
33.0, 0.7602432370185852 
34.0, 0.765713632106781 
35.0, 0.7711829543113708 
36.0, 0.7762380242347717 
37.0, 0.781177818775177 
38.0, 0.786117672920227 
39.0, 0.7910574674606323 
40.0, 0.7959972620010376 
41.0, 0.8045743703842163 
42.0, 0.8086240291595459 
43.0, 0.8126726150512695 
44.0, 0.8167212605476379 
45.0, 0.8207698464393616 
46.0, 0.8250986337661743 
47.0, 0.8294394016265869 
48.0, 0.8337810635566711 
49.0, 0.838121771812439 
50.0, 0.8427228331565857 
51.0, 0.8473079204559326 
52.0, 0.8503093719482422 
53.0, 0.8533108234405518 
54.0, 0.8563112616539001 
55.0, 0.8593266010284424 
56.0, 0.8624224662780762 
57.0, 0.8655182719230652 
58.0, 0.868614137172699 
59.0, 0.8717089295387268 
60.0, 0.8755111694335938 
61.0, 0.8814634084701538 
62.0, 0.8874155879020691 
63.0, 0.8899133205413818 
64.0, 0.8922401666641235 
65.0, 0.8949375748634338 
66.0, 0.8983364105224609 
67.0, 0.9017362594604492 
68.0, 0.9051361083984375 
69.0, 0.9085359573364258 
70.0, 0.9116655588150024 
71.0, 0.9144454598426819 
72.0, 0.9172243475914001 
73.0, 0.9200042486190796 
74.0, 0.922784149646759 
75.0, 0.9294238686561584 
76.0, 0.9321371912956238 
77.0, 0.9342494010925293 
78.0, 0.9363606572151184 
79.0, 0.9384729266166687 
80.0, 0.9409984350204468 
81.0, 0.9437832832336426 
82.0, 0.9465681910514832 
83.0, 0.9493520259857178 
84.0, 0.9521368741989136 
85.0, 0.9549276828765869 
86.0, 0.9577205181121826 
87.0, 0.9605143070220947 
88.0, 0.9633070826530457 
89.0, 0.9660999178886414 
90.0, 0.9704465866088867 
91.0, 0.9742140173912048 
92.0, 0.9771508574485779 
93.0, 0.9800877571105957 
94.0, 0.9830256104469299 
95.0, 0.9861025810241699 
96.0, 0.9891934394836426 
97.0, 0.992283284664154 
98.0, 0.9953741431236267 
99.0, 0.9984650015830994 
100.0, 0.42959218869097554 
