Time(Seconds), Inputs 
0.0, 0.17148460447788239 
1.0, 0.2536919414997101 
2.0, 0.30087748169898987 
3.0, 0.33806517720222473 
4.0, 0.3709767162799835 
5.0, 0.4007566571235657 
6.0, 0.428376704454422 
7.0, 0.45212695002555847 
8.0, 0.4764742851257324 
9.0, 0.4983924627304077 
10.0, 0.5177066326141357 
11.0, 0.535438060760498 
12.0, 0.5538073778152466 
13.0, 0.5707470178604126 
14.0, 0.5877084732055664 
15.0, 0.6031131148338318 
16.0, 0.61567622423172 
17.0, 0.6282393932342529 
18.0, 0.6433042287826538 
19.0, 0.6534044146537781 
20.0, 0.6635046005249023 
21.0, 0.6736047863960266 
22.0, 0.6826806664466858 
23.0, 0.6907689571380615 
24.0, 0.6988572478294373 
25.0, 0.7069693803787231 
26.0, 0.715624988079071 
27.0, 0.724280595779419 
28.0, 0.7292452454566956 
29.0, 0.7344632148742676 
30.0, 0.7406061887741089 
31.0, 0.7467491626739502 
32.0, 0.7528931498527527 
33.0, 0.7583932876586914 
34.0, 0.7635338306427002 
35.0, 0.7681716084480286 
36.0, 0.7715257406234741 
37.0, 0.7755714058876038 
38.0, 0.7796726822853088 
39.0, 0.7837739586830139 
40.0, 0.7880629897117615 
41.0, 0.7929799556732178 
42.0, 0.7978978753089905 
43.0, 0.802815854549408 
44.0, 0.8100805282592773 
45.0, 0.8133015036582947 
46.0, 0.8165215253829956 
47.0, 0.8197425603866577 
48.0, 0.8230053186416626 
49.0, 0.8262760043144226 
50.0, 0.8295456767082214 
51.0, 0.8328690528869629 
52.0, 0.8365599513053894 
53.0, 0.8402519226074219 
54.0, 0.8439438343048096 
55.0, 0.8484465479850769 
56.0, 0.8531131148338318 
57.0, 0.8560141921043396 
58.0, 0.8589153289794922 
59.0, 0.8623816967010498 
60.0, 0.8660547733306885 
61.0, 0.8697288632392883 
62.0, 0.8733959794044495 
63.0, 0.8766765594482422 
64.0, 0.8799561858177185 
65.0, 0.8832358121871948 
66.0, 0.886721134185791 
67.0, 0.8906405568122864 
68.0, 0.8945600390434265 
69.0, 0.8967706561088562 
70.0, 0.8996438980102539 
71.0, 0.9029136300086975 
72.0, 0.9061822891235352 
73.0, 0.9094520211219788 
74.0, 0.9123520851135254 
75.0, 0.9152184128761292 
76.0, 0.9180847406387329 
77.0, 0.9213375449180603 
78.0, 0.9259922504425049 
79.0, 0.9306468963623047 
80.0, 0.9353016018867493 
81.0, 0.9358828067779541 
82.0, 0.9395727515220642 
83.0, 0.9432637095451355 
84.0, 0.9469536542892456 
85.0, 0.9502938985824585 
86.0, 0.9535556435585022 
87.0, 0.9568183422088623 
88.0, 0.9600831270217896 
89.0, 0.9633647203445435 
90.0, 0.9666473269462585 
91.0, 0.9699299335479736 
92.0, 0.9731718301773071 
93.0, 0.9763560891151428 
94.0, 0.9795164465904236 
95.0, 0.9818244576454163 
96.0, 0.9848169088363647 
97.0, 0.9880816340446472 
98.0, 0.9913463592529297 
99.0, 0.9946110844612122 
100.0, 0.5694816448715929 
