Time(Seconds), Inputs 
0.0, 0.12276605516672134 
1.0, 0.2246462106704712 
2.0, 0.27610987424850464 
3.0, 0.31636059284210205 
4.0, 0.35211560130119324 
5.0, 0.38443899154663086 
6.0, 0.41424280405044556 
7.0, 0.44182607531547546 
8.0, 0.4667695164680481 
9.0, 0.4865317642688751 
10.0, 0.5081568360328674 
11.0, 0.5280213952064514 
12.0, 0.547885000705719 
13.0, 0.562698483467102 
14.0, 0.5781348943710327 
15.0, 0.5930318236351013 
16.0, 0.6050196886062622 
17.0, 0.6182296276092529 
18.0, 0.6315816044807434 
19.0, 0.6405600905418396 
20.0, 0.6498376727104187 
21.0, 0.659856379032135 
22.0, 0.6698740720748901 
23.0, 0.6759713888168335 
24.0, 0.6823508143424988 
25.0, 0.6887302398681641 
26.0, 0.6951096653938293 
27.0, 0.7021954655647278 
28.0, 0.7093170881271362 
29.0, 0.7164387106895447 
30.0, 0.7187923192977905 
31.0, 0.7247247099876404 
32.0, 0.7306570410728455 
33.0, 0.7362962961196899 
34.0, 0.7413116097450256 
35.0, 0.7463259696960449 
36.0, 0.751346230506897 
37.0, 0.7572805881500244 
38.0, 0.7623982429504395 
39.0, 0.7666236758232117 
40.0, 0.7707597017288208 
41.0, 0.7748550176620483 
42.0, 0.7789503335952759 
43.0, 0.7830456495285034 
44.0, 0.787140965461731 
45.0, 0.7912372946739197 
46.0, 0.7954359650611877 
47.0, 0.8016474843025208 
48.0, 0.804487943649292 
49.0, 0.8066508769989014 
50.0, 0.8095738291740417 
51.0, 0.8127670288085938 
52.0, 0.8159602284431458 
53.0, 0.8197326064109802 
54.0, 0.824286937713623 
55.0, 0.8288412690162659 
56.0, 0.8334243893623352 
57.0, 0.8382499814033508 
58.0, 0.8430765271186829 
59.0, 0.8438782691955566 
60.0, 0.8459914922714233 
61.0, 0.8491846919059753 
62.0, 0.8523769378662109 
63.0, 0.8557817339897156 
64.0, 0.8594239950180054 
65.0, 0.8630662560462952 
66.0, 0.8668506145477295 
67.0, 0.8714198470115662 
68.0, 0.8759880661964417 
69.0, 0.8805562853813171 
70.0, 0.8849824666976929 
71.0, 0.8880355358123779 
72.0, 0.8895904421806335 
73.0, 0.8924925327301025 
74.0, 0.8965878486633301 
75.0, 0.9006831645965576 
76.0, 0.9045886993408203 
77.0, 0.9077799320220947 
78.0, 0.9109721183776855 
79.0, 0.9141632914543152 
80.0, 0.9190524816513062 
81.0, 0.9241402745246887 
82.0, 0.9292271733283997 
83.0, 0.9286747574806213 
84.0, 0.9323259592056274 
85.0, 0.9359771609306335 
86.0, 0.939746618270874 
87.0, 0.9438538551330566 
88.0, 0.9479610919952393 
89.0, 0.9520683288574219 
90.0, 0.9552943110466003 
91.0, 0.9584745764732361 
92.0, 0.9616538882255554 
93.0, 0.9698971509933472 
94.0, 0.9733953475952148 
95.0, 0.9752016067504883 
96.0, 0.9777231812477112 
97.0, 0.9818294048309326 
98.0, 0.9859366416931152 
99.0, 0.9900428652763367 
100.0, 0.6356759311698653 
