Time(Seconds), Inputs 
0.0, 0.28364476561546326 
1.0, 0.3425579071044922 
2.0, 0.37302637100219727 
3.0, 0.39787644147872925 
4.0, 0.41918063163757324 
5.0, 0.43681174516677856 
6.0, 0.4544428586959839 
7.0, 0.4691927433013916 
8.0, 0.48342302441596985 
9.0, 0.4976533055305481 
10.0, 0.5102104544639587 
11.0, 0.5224795341491699 
12.0, 0.5347485542297363 
13.0, 0.5473385453224182 
14.0, 0.5603517293930054 
15.0, 0.5724886655807495 
16.0, 0.5846245884895325 
17.0, 0.5947505831718445 
18.0, 0.6048179864883423 
19.0, 0.6148853898048401 
20.0, 0.6249527931213379 
21.0, 0.6336382031440735 
22.0, 0.6418358087539673 
23.0, 0.6500333547592163 
24.0, 0.6582309603691101 
25.0, 0.6694319844245911 
26.0, 0.6778183579444885 
27.0, 0.6858639121055603 
28.0, 0.6939094662666321 
29.0, 0.7019550800323486 
30.0, 0.7100006341934204 
31.0, 0.7171013951301575 
32.0, 0.7236973643302917 
33.0, 0.7302924394607544 
34.0, 0.7368884086608887 
35.0, 0.7434844374656677 
36.0, 0.7512061595916748 
37.0, 0.7581598162651062 
38.0, 0.7639580368995667 
39.0, 0.7697562575340271 
40.0, 0.7755534648895264 
41.0, 0.7813516855239868 
42.0, 0.7871499061584473 
43.0, 0.7929481267929077 
44.0, 0.798699676990509 
45.0, 0.8041282892227173 
46.0, 0.8094725012779236 
47.0, 0.8143844604492188 
48.0, 0.8192974328994751 
49.0, 0.824209451675415 
50.0, 0.829121470451355 
51.0, 0.8340344429016113 
52.0, 0.8389464020729065 
53.0, 0.8437789082527161 
54.0, 0.8485696911811829 
55.0, 0.8533614873886108 
56.0, 0.8581522703170776 
57.0, 0.8626221418380737 
58.0, 0.8668029308319092 
59.0, 0.8709836602210999 
60.0, 0.8751644492149353 
61.0, 0.879345178604126 
62.0, 0.8834822177886963 
63.0, 0.8870052695274353 
64.0, 0.8905283212661743 
65.0, 0.8940513730049133 
66.0, 0.8975744247436523 
67.0, 0.9010974764823914 
68.0, 0.905316948890686 
69.0, 0.9096278548240662 
70.0, 0.9139397740364075 
71.0, 0.9182516932487488 
72.0, 0.9225625991821289 
73.0, 0.9264383316040039 
74.0, 0.9288903474807739 
75.0, 0.9313433766365051 
76.0, 0.9337964057922363 
77.0, 0.9362493753433228 
78.0, 0.9389110803604126 
79.0, 0.9421330690383911 
80.0, 0.9453550577163696 
81.0, 0.9485770463943481 
82.0, 0.9517980813980103 
83.0, 0.9550200700759888 
84.0, 0.9582421183586121 
85.0, 0.9614641070365906 
86.0, 0.9646860957145691 
87.0, 0.9679080843925476 
88.0, 0.9707426428794861 
89.0, 0.9731529355049133 
90.0, 0.9757281541824341 
91.0, 0.978304386138916 
92.0, 0.9808796048164368 
93.0, 0.9834557771682739 
94.0, 0.9860309958457947 
95.0, 0.9886072278022766 
96.0, 0.9911824464797974 
97.0, 0.9937586784362793 
98.0, 0.9963338971138 
99.0, 0.998910129070282 
100.0, 0.19815277700892953 
