Time(Seconds), Inputs 
0.0, 0.20173251628875732 
1.0, 0.2665322721004486 
2.0, 0.3059057295322418 
3.0, 0.3361307680606842 
4.0, 0.3630433976650238 
5.0, 0.3875139653682709 
6.0, 0.4107455909252167 
7.0, 0.4313870966434479 
8.0, 0.45149803161621094 
9.0, 0.4690874218940735 
10.0, 0.48588794469833374 
11.0, 0.5027540326118469 
12.0, 0.5199470520019531 
13.0, 0.537140965461731 
14.0, 0.5509768128395081 
15.0, 0.5643616318702698 
16.0, 0.5785084366798401 
17.0, 0.591637909412384 
18.0, 0.6038890480995178 
19.0, 0.6161412000656128 
20.0, 0.6283417344093323 
21.0, 0.6396560072898865 
22.0, 0.6508877873420715 
23.0, 0.6621196269989014 
24.0, 0.6728218793869019 
25.0, 0.6821471452713013 
26.0, 0.6914713978767395 
27.0, 0.700756847858429 
28.0, 0.710002601146698 
29.0, 0.7180362939834595 
30.0, 0.7255374193191528 
31.0, 0.7330385446548462 
32.0, 0.7405396699905396 
33.0, 0.7489855885505676 
34.0, 0.7574842572212219 
35.0, 0.7636550068855286 
36.0, 0.76982581615448 
37.0, 0.7759956121444702 
38.0, 0.7821664214134216 
39.0, 0.788612425327301 
40.0, 0.7954617738723755 
41.0, 0.8009361028671265 
42.0, 0.8055957555770874 
43.0, 0.8102553486824036 
44.0, 0.8149140477180481 
45.0, 0.8196918964385986 
46.0, 0.8246605396270752 
47.0, 0.829629123210907 
48.0, 0.8345967531204224 
49.0, 0.8395653963088989 
50.0, 0.8438782691955566 
51.0, 0.8479040861129761 
52.0, 0.8516883850097656 
53.0, 0.8554737567901611 
54.0, 0.8592580556869507 
55.0, 0.8630434274673462 
56.0, 0.8668277263641357 
57.0, 0.8708267211914062 
58.0, 0.8753383159637451 
59.0, 0.8798508644104004 
60.0, 0.8839790225028992 
61.0, 0.8870131969451904 
62.0, 0.8900474309921265 
63.0, 0.8930786848068237 
64.0, 0.8961029648780823 
65.0, 0.899128258228302 
66.0, 0.9021525979042053 
67.0, 0.9051768779754639 
68.0, 0.9082011580467224 
69.0, 0.911373496055603 
70.0, 0.9150793552398682 
71.0, 0.9187852144241333 
72.0, 0.9224910736083984 
73.0, 0.9261959195137024 
74.0, 0.9280050992965698 
75.0, 0.9292758107185364 
76.0, 0.9317904710769653 
77.0, 0.9343060851097107 
78.0, 0.936821699142456 
79.0, 0.9393372535705566 
80.0, 0.941852867603302 
81.0, 0.944367527961731 
82.0, 0.9468821287155151 
83.0, 0.9493967294692993 
84.0, 0.9519113302230835 
85.0, 0.9544259309768677 
86.0, 0.9569405913352966 
87.0, 0.9595356583595276 
88.0, 0.9630329012870789 
89.0, 0.9665300846099854 
90.0, 0.9699537754058838 
91.0, 0.9714847803115845 
92.0, 0.9730158448219299 
93.0, 0.9746164083480835 
94.0, 0.9773784279823303 
95.0, 0.9801414012908936 
96.0, 0.9829034209251404 
97.0, 0.9856663942337036 
98.0, 0.9884293675422668 
99.0, 0.9911913871765137 
100.0, 0.34895183508701705 
