Time(Seconds), Inputs 
0.0, 0.08209904283285141 
1.0, 0.2801942527294159 
2.0, 0.31853047013282776 
3.0, 0.3488191068172455 
4.0, 0.3736661970615387 
5.0, 0.3969087302684784 
6.0, 0.4178333878517151 
7.0, 0.43789270520210266 
8.0, 0.45648157596588135 
9.0, 0.4748101234436035 
10.0, 0.4906529188156128 
11.0, 0.5066993236541748 
12.0, 0.5220820903778076 
13.0, 0.5364713668823242 
14.0, 0.550860583782196 
15.0, 0.564882218837738 
16.0, 0.5784289836883545 
17.0, 0.5902936458587646 
18.0, 0.6018890738487244 
19.0, 0.6135620474815369 
20.0, 0.6252339482307434 
21.0, 0.6369069218635559 
22.0, 0.6483304500579834 
23.0, 0.6593228578567505 
24.0, 0.6688050627708435 
25.0, 0.67825847864151 
26.0, 0.6875906586647034 
27.0, 0.6955299377441406 
28.0, 0.7034682035446167 
29.0, 0.7114064693450928 
30.0, 0.7195504307746887 
31.0, 0.7307603359222412 
32.0, 0.7373305559158325 
33.0, 0.743900716304779 
34.0, 0.7504709362983704 
35.0, 0.7570410966873169 
36.0, 0.7636123299598694 
37.0, 0.7724407911300659 
38.0, 0.7785152196884155 
39.0, 0.7845895886421204 
40.0, 0.79066401720047 
41.0, 0.7967384457588196 
42.0, 0.8028128743171692 
43.0, 0.8088873028755188 
44.0, 0.8145613074302673 
45.0, 0.819189190864563 
46.0, 0.8238299489021301 
47.0, 0.8284716606140137 
48.0, 0.8331124186515808 
49.0, 0.837753176689148 
50.0, 0.8423949480056763 
51.0, 0.8471797704696655 
52.0, 0.8522358536720276 
53.0, 0.8572908639907837 
54.0, 0.8614100813865662 
55.0, 0.8654656410217285 
56.0, 0.8695212006568909 
57.0, 0.8735777735710144 
58.0, 0.8775032162666321 
59.0, 0.8812567591667175 
60.0, 0.885010302066803 
61.0, 0.8887637853622437 
62.0, 0.8925173282623291 
63.0, 0.8962708711624146 
64.0, 0.9000244140625 
65.0, 0.9017462134361267 
66.0, 0.904618501663208 
67.0, 0.9074907898902893 
68.0, 0.9103640913963318 
69.0, 0.9132363796234131 
70.0, 0.9161086082458496 
71.0, 0.9189808964729309 
72.0, 0.9221870303153992 
73.0, 0.9255968332290649 
74.0, 0.9290065765380859 
75.0, 0.9324173927307129 
76.0, 0.9358271360397339 
77.0, 0.9392369389533997 
78.0, 0.9426476955413818 
79.0, 0.94501131772995 
80.0, 0.9478806257247925 
81.0, 0.9507508873939514 
82.0, 0.9536212086677551 
83.0, 0.9564905166625977 
84.0, 0.9593607783317566 
85.0, 0.9622310996055603 
86.0, 0.9645529985427856 
87.0, 0.9667586088180542 
88.0, 0.9689642190933228 
89.0, 0.9711698293685913 
90.0, 0.9733744859695435 
91.0, 0.975580096244812 
92.0, 0.9777857661247253 
93.0, 0.9828259348869324 
94.0, 0.9865208268165588 
95.0, 0.9884681701660156 
96.0, 0.9904144406318665 
97.0, 0.9923607707023621 
98.0, 0.9943081140518188 
99.0, 0.9962543845176697 
100.0, 0.3052069715847879 
