Time(Seconds), Inputs 
0.0, 0.0883999839425087 
1.0, 0.18512770533561707 
2.0, 0.24022866785526276 
3.0, 0.28492841124534607 
4.0, 0.3233669400215149 
5.0, 0.35725513100624084 
6.0, 0.38790440559387207 
7.0, 0.41442957520484924 
8.0, 0.4380625784397125 
9.0, 0.4590100944042206 
10.0, 0.4803043305873871 
11.0, 0.4976433515548706 
12.0, 0.5134602785110474 
13.0, 0.527861475944519 
14.0, 0.5416456460952759 
15.0, 0.5538222789764404 
16.0, 0.5650789737701416 
17.0, 0.5759292244911194 
18.0, 0.5868788957595825 
19.0, 0.5969910025596619 
20.0, 0.604099690914154 
21.0, 0.611602783203125 
22.0, 0.6189727783203125 
23.0, 0.626284122467041 
24.0, 0.6336113810539246 
25.0, 0.641004204750061 
26.0, 0.6483116149902344 
27.0, 0.6534928679466248 
28.0, 0.6577560901641846 
29.0, 0.6625756621360779 
30.0, 0.6698710918426514 
31.0, 0.6771665811538696 
32.0, 0.6843249201774597 
33.0, 0.6884788870811462 
34.0, 0.6912885904312134 
35.0, 0.6973997354507446 
36.0, 0.7035118937492371 
37.0, 0.709187924861908 
38.0, 0.7146473526954651 
39.0, 0.7201922535896301 
40.0, 0.7262139916419983 
41.0, 0.7307663559913635 
42.0, 0.7350564002990723 
43.0, 0.7405376434326172 
44.0, 0.7459354996681213 
45.0, 0.7508167028427124 
46.0, 0.7556978464126587 
47.0, 0.7598041296005249 
48.0, 0.7634662389755249 
49.0, 0.7677493691444397 
50.0, 0.7744705677032471 
51.0, 0.7787744998931885 
52.0, 0.783051609992981 
53.0, 0.7873128652572632 
54.0, 0.7917161583900452 
55.0, 0.7972034215927124 
56.0, 0.8026906847953796 
57.0, 0.8082563877105713 
58.0, 0.8138718008995056 
59.0, 0.8190361857414246 
60.0, 0.8233103156089783 
61.0, 0.8275834918022156 
62.0, 0.8322083353996277 
63.0, 0.8370627164840698 
64.0, 0.8418663740158081 
65.0, 0.8461355566978455 
66.0, 0.850405752658844 
67.0, 0.8555581569671631 
68.0, 0.8605198264122009 
69.0, 0.8646976351737976 
70.0, 0.8683528304100037 
71.0, 0.8720080256462097 
72.0, 0.8760099411010742 
73.0, 0.8802711367607117 
74.0, 0.8845323920249939 
75.0, 0.8887985944747925 
76.0, 0.8930647969245911 
77.0, 0.8994283080101013 
78.0, 0.9045559167861938 
79.0, 0.9088996052742004 
80.0, 0.9125697016716003 
81.0, 0.9162387847900391 
82.0, 0.9205725789070129 
83.0, 0.9254368543624878 
84.0, 0.9302753210067749 
85.0, 0.9345455169677734 
86.0, 0.9388146996498108 
87.0, 0.9453908205032349 
88.0, 0.9484837055206299 
89.0, 0.9516133069992065 
90.0, 0.9558705687522888 
91.0, 0.9601268172264099 
92.0, 0.9643910527229309 
93.0, 0.9686602354049683 
94.0, 0.972930371761322 
95.0, 0.9772114753723145 
96.0, 0.9814916253089905 
97.0, 0.9885138273239136 
98.0, 0.992908239364624 
99.0, 0.9973035454750061 
100.0, 0.8410251278535508 
