Time(Seconds), Inputs 
0.0, 0.20827190577983856 
1.0, 0.27316802740097046 
2.0, 0.31383901834487915 
3.0, 0.34652504324913025 
4.0, 0.3744640052318573 
5.0, 0.40091365575790405 
6.0, 0.42215025424957275 
7.0, 0.4436342716217041 
8.0, 0.46504873037338257 
9.0, 0.4835859537124634 
10.0, 0.5021231770515442 
11.0, 0.5164319276809692 
12.0, 0.5336120128631592 
13.0, 0.5507135391235352 
14.0, 0.565650224685669 
15.0, 0.5805869102478027 
16.0, 0.5952404141426086 
17.0, 0.6086361408233643 
18.0, 0.6215152144432068 
19.0, 0.6341776847839355 
20.0, 0.6452704071998596 
21.0, 0.6561793088912964 
22.0, 0.6670892238616943 
23.0, 0.6779981851577759 
24.0, 0.6870313286781311 
25.0, 0.6971811652183533 
26.0, 0.707330048084259 
27.0, 0.7174789309501648 
28.0, 0.7261613607406616 
29.0, 0.7340807318687439 
30.0, 0.7419742941856384 
31.0, 0.7497208118438721 
32.0, 0.7574673295021057 
33.0, 0.7647607922554016 
34.0, 0.7702341675758362 
35.0, 0.775707483291626 
36.0, 0.7811798453330994 
37.0, 0.7875920534133911 
38.0, 0.7941651940345764 
39.0, 0.8007394075393677 
40.0, 0.8070611953735352 
41.0, 0.8118281364440918 
42.0, 0.8165950775146484 
43.0, 0.8212705850601196 
44.0, 0.8258795738220215 
45.0, 0.8304875493049622 
46.0, 0.835096538066864 
47.0, 0.8397045135498047 
48.0, 0.8443134427070618 
49.0, 0.8487555384635925 
50.0, 0.8524087071418762 
51.0, 0.8560231328010559 
52.0, 0.8596385717391968 
53.0, 0.8632530570030212 
54.0, 0.8668684959411621 
55.0, 0.8704829216003418 
56.0, 0.8745394945144653 
57.0, 0.8785950541496277 
58.0, 0.8826506733894348 
59.0, 0.8867062330245972 
60.0, 0.8907628059387207 
61.0, 0.8929445743560791 
62.0, 0.8956320881843567 
63.0, 0.8987835049629211 
64.0, 0.9019359946250916 
65.0, 0.9050884246826172 
66.0, 0.9082409143447876 
67.0, 0.9113923907279968 
68.0, 0.9147295951843262 
69.0, 0.9183152318000793 
70.0, 0.9219008684158325 
71.0, 0.9254865050315857 
72.0, 0.9290721416473389 
73.0, 0.932657778263092 
74.0, 0.9349269866943359 
75.0, 0.937349259853363 
76.0, 0.9397714734077454 
77.0, 0.9421936869621277 
78.0, 0.9446168541908264 
79.0, 0.9470390677452087 
80.0, 0.9494612812995911 
81.0, 0.9518934488296509 
82.0, 0.9543275833129883 
83.0, 0.9567617177963257 
84.0, 0.9591968655586243 
85.0, 0.9616310000419617 
86.0, 0.9640651345252991 
87.0, 0.9668797850608826 
88.0, 0.9699676632881165 
89.0, 0.9730565547943115 
90.0, 0.9761444330215454 
91.0, 0.9785298705101013 
92.0, 0.9805020689964294 
93.0, 0.9826123118400574 
94.0, 0.9850305318832397 
95.0, 0.9874497652053833 
96.0, 0.9898680448532104 
97.0, 0.992287278175354 
98.0, 0.9947054982185364 
99.0, 0.9971247315406799 
100.0, 0.33537018978960054 
