Time(Seconds), Inputs 
0.0, 0.04181851074099541 
1.0, 0.3689727783203125 
2.0, 0.3922908306121826 
3.0, 0.4146660268306732 
4.0, 0.430130273103714 
5.0, 0.4455935060977936 
6.0, 0.46013179421424866 
7.0, 0.47290754318237305 
8.0, 0.48568230867385864 
9.0, 0.49845805764198303 
10.0, 0.5093451142311096 
11.0, 0.5202013850212097 
12.0, 0.5310576558113098 
13.0, 0.5419148802757263 
14.0, 0.5516594052314758 
15.0, 0.5612667798995972 
16.0, 0.5697823166847229 
17.0, 0.5782700181007385 
18.0, 0.586729884147644 
19.0, 0.5948986411094666 
20.0, 0.6030673980712891 
21.0, 0.6112362146377563 
22.0, 0.6194049715995789 
23.0, 0.6275747418403625 
24.0, 0.6347886919975281 
25.0, 0.6418079733848572 
26.0, 0.6488262414932251 
27.0, 0.6558455228805542 
28.0, 0.6628637909889221 
29.0, 0.6698830127716064 
30.0, 0.6767115592956543 
31.0, 0.683464527130127 
32.0, 0.6900873780250549 
33.0, 0.6962392926216125 
34.0, 0.7023912072181702 
35.0, 0.708544135093689 
36.0, 0.7146960496902466 
37.0, 0.7206552028656006 
38.0, 0.7266104221343994 
39.0, 0.7325655817985535 
40.0, 0.7385197877883911 
41.0, 0.7444750070571899 
42.0, 0.7504302263259888 
43.0, 0.7563853859901428 
44.0, 0.7618984580039978 
45.0, 0.7672814130783081 
46.0, 0.7726643085479736 
47.0, 0.7780482172966003 
48.0, 0.7834311723709106 
49.0, 0.7885975241661072 
50.0, 0.7933833003044128 
51.0, 0.7981681227684021 
52.0, 0.8028863668441772 
53.0, 0.8075321316719055 
54.0, 0.8121768832206726 
55.0, 0.8168225884437561 
56.0, 0.8214673399925232 
57.0, 0.8261130452156067 
58.0, 0.8307577967643738 
59.0, 0.8354035019874573 
60.0, 0.8400482535362244 
61.0, 0.8446094989776611 
62.0, 0.8488995432853699 
63.0, 0.8531895875930786 
64.0, 0.8574796915054321 
65.0, 0.8617697358131409 
66.0, 0.8658521175384521 
67.0, 0.8697934150695801 
68.0, 0.8737337589263916 
69.0, 0.8776741027832031 
70.0, 0.881615400314331 
71.0, 0.8855557441711426 
72.0, 0.8892794847488403 
73.0, 0.8929336667060852 
74.0, 0.8965878486633301 
75.0, 0.9002430438995361 
76.0, 0.903897225856781 
77.0, 0.9075514078140259 
78.0, 0.9112055897712708 
79.0, 0.9148597717285156 
80.0, 0.9185139536857605 
81.0, 0.9221691489219666 
82.0, 0.9258233308792114 
83.0, 0.9305952191352844 
84.0, 0.9336960315704346 
85.0, 0.9367958307266235 
86.0, 0.9398966431617737 
87.0, 0.9429974555969238 
88.0, 0.9460982084274292 
89.0, 0.9491980075836182 
90.0, 0.9522988200187683 
91.0, 0.9553996324539185 
92.0, 0.9585003852844238 
93.0, 0.9616001844406128 
94.0, 0.9647009968757629 
95.0, 0.9678018093109131 
96.0, 0.9709026217460632 
97.0, 0.9733248353004456 
98.0, 0.9751429557800293 
99.0, 0.9769611358642578 
100.0, 0.12559455627046615 
