Time(Seconds), Inputs 
0.0, 0.2893068790435791 
1.0, 0.3385678827762604 
2.0, 0.3664790093898773 
3.0, 0.3885810077190399 
4.0, 0.4083193838596344 
5.0, 0.4256574213504791 
6.0, 0.4400019347667694 
7.0, 0.4543454945087433 
8.0, 0.46803924441337585 
9.0, 0.4810892343521118 
10.0, 0.4941401779651642 
11.0, 0.506894052028656 
12.0, 0.5174234509468079 
13.0, 0.5279538631439209 
14.0, 0.5384832620620728 
15.0, 0.548952043056488 
16.0, 0.5585464835166931 
17.0, 0.5681419968605042 
18.0, 0.5781934857368469 
19.0, 0.5886582732200623 
20.0, 0.5972384214401245 
21.0, 0.6052809953689575 
22.0, 0.6133235692977905 
23.0, 0.6213671565055847 
24.0, 0.6294097900390625 
25.0, 0.6373480558395386 
26.0, 0.645171046257019 
27.0, 0.6529940962791443 
28.0, 0.6608161330223083 
29.0, 0.6686391234397888 
30.0, 0.6764770746231079 
31.0, 0.6850373148918152 
32.0, 0.691484272480011 
33.0, 0.6978269815444946 
34.0, 0.7041686177253723 
35.0, 0.710511326789856 
36.0, 0.7168529629707336 
37.0, 0.7231648564338684 
38.0, 0.7294608354568481 
39.0, 0.7357578277587891 
40.0, 0.7420538067817688 
41.0, 0.7483507394790649 
42.0, 0.7546467185020447 
43.0, 0.7609426975250244 
44.0, 0.766726016998291 
45.0, 0.772312581539154 
46.0, 0.7775753140449524 
47.0, 0.7828380465507507 
48.0, 0.7881007194519043 
49.0, 0.7933634519577026 
50.0, 0.7986261248588562 
51.0, 0.8038888573646545 
52.0, 0.8087809681892395 
53.0, 0.8136423230171204 
54.0, 0.8185046315193176 
55.0, 0.8233669400215149 
56.0, 0.828228235244751 
57.0, 0.833090603351593 
58.0, 0.8379529118537903 
59.0, 0.8430755138397217 
60.0, 0.8480480909347534 
61.0, 0.8522993922233582 
62.0, 0.8565506935119629 
63.0, 0.8608019948005676 
64.0, 0.8650532960891724 
65.0, 0.8693045973777771 
66.0, 0.8735558986663818 
67.0, 0.8778071999549866 
68.0, 0.8820585012435913 
69.0, 0.886309802532196 
70.0, 0.8902640342712402 
71.0, 0.8931978940963745 
72.0, 0.8962361216545105 
73.0, 0.8998773694038391 
74.0, 0.9035186767578125 
75.0, 0.9071609377861023 
76.0, 0.9108021855354309 
77.0, 0.9144434928894043 
78.0, 0.9180847406387329 
79.0, 0.9217260479927063 
80.0, 0.9253683090209961 
81.0, 0.9290095567703247 
82.0, 0.9324928522109985 
83.0, 0.9346498250961304 
84.0, 0.936805784702301 
85.0, 0.9389626979827881 
86.0, 0.9417028427124023 
87.0, 0.9448761940002441 
88.0, 0.9480494856834412 
89.0, 0.951222836971283 
90.0, 0.95439612865448 
91.0, 0.9575694799423218 
92.0, 0.9607427716255188 
93.0, 0.9639161229133606 
94.0, 0.9670894742012024 
95.0, 0.9702627658843994 
96.0, 0.9734361171722412 
97.0, 0.9762030839920044 
98.0, 0.9786103963851929 
99.0, 0.9810186624526978 
100.0, 0.1551445884201517 
