Time(Seconds), Inputs 
0.0, 0.042514972388744354 
1.0, 0.2307712882757187 
2.0, 0.27871787548065186 
3.0, 0.31661295890808105 
4.0, 0.34814348816871643 
5.0, 0.37782609462738037 
6.0, 0.4055057168006897 
7.0, 0.43072935938835144 
8.0, 0.4531254470348358 
9.0, 0.47470781207084656 
10.0, 0.4962891936302185 
11.0, 0.5141507983207703 
12.0, 0.5342805981636047 
13.0, 0.5514457821846008 
14.0, 0.5675120949745178 
15.0, 0.583579421043396 
16.0, 0.5968638062477112 
17.0, 0.609248161315918 
18.0, 0.62163245677948 
19.0, 0.6335636973381042 
20.0, 0.6454363465309143 
21.0, 0.6574301719665527 
22.0, 0.6693236827850342 
23.0, 0.6761382818222046 
24.0, 0.684447169303894 
25.0, 0.6934494972229004 
26.0, 0.7024518251419067 
27.0, 0.7114541530609131 
28.0, 0.7162648439407349 
29.0, 0.7227257490158081 
30.0, 0.7291865944862366 
31.0, 0.7356474995613098 
32.0, 0.7428436279296875 
33.0, 0.750329852104187 
34.0, 0.756289005279541 
35.0, 0.7606426477432251 
36.0, 0.7654344439506531 
37.0, 0.7703752517700195 
38.0, 0.7753170132637024 
39.0, 0.7802578210830688 
40.0, 0.7857818603515625 
41.0, 0.7914966344833374 
42.0, 0.7969897985458374 
43.0, 0.8004383444786072 
44.0, 0.8041591048240662 
45.0, 0.8079583644866943 
46.0, 0.8117566108703613 
47.0, 0.8155558109283447 
48.0, 0.819068968296051 
49.0, 0.8225025534629822 
50.0, 0.8259361982345581 
51.0, 0.8293707966804504 
52.0, 0.8347706198692322 
53.0, 0.8399350047111511 
54.0, 0.8430407643318176 
55.0, 0.8461465239524841 
56.0, 0.8492105603218079 
57.0, 0.8522646427154541 
58.0, 0.8553197383880615 
59.0, 0.858374834060669 
60.0, 0.8627095818519592 
61.0, 0.8672897219657898 
62.0, 0.8718699216842651 
63.0, 0.8764510154724121 
64.0, 0.8802989721298218 
65.0, 0.8833868503570557 
66.0, 0.8861190676689148 
67.0, 0.8888512253761292 
68.0, 0.892195463180542 
69.0, 0.8956330418586731 
70.0, 0.8990716338157654 
71.0, 0.9025092720985413 
72.0, 0.9055981040000916 
73.0, 0.9086452722549438 
74.0, 0.9116924405097961 
75.0, 0.9147395491600037 
76.0, 0.9194607734680176 
77.0, 0.9241810441017151 
78.0, 0.9256057739257812 
79.0, 0.9270304441452026 
80.0, 0.9302991628646851 
81.0, 0.9337337613105774 
82.0, 0.9371694326400757 
83.0, 0.9406050443649292 
84.0, 0.9436670541763306 
85.0, 0.9467052817344666 
86.0, 0.949744462966919 
87.0, 0.9527836441993713 
88.0, 0.9570747017860413 
89.0, 0.9614362716674805 
90.0, 0.9657978415489197 
91.0, 0.9680551290512085 
92.0, 0.9706999063491821 
93.0, 0.9733754992485046 
94.0, 0.9760510325431824 
95.0, 0.9787266254425049 
96.0, 0.982141375541687 
97.0, 0.9855591058731079 
98.0, 0.98897784948349 
99.0, 0.9923955798149109 
100.0, 0.5291050464360689 
