Time(Seconds), Inputs 
0.0, 0.10487265139818192 
1.0, 0.3911224603652954 
2.0, 0.41525816917419434 
3.0, 0.43395236134529114 
4.0, 0.4496590197086334 
5.0, 0.46548986434936523 
6.0, 0.4786014258861542 
7.0, 0.4913901090621948 
8.0, 0.5041787624359131 
9.0, 0.5151016116142273 
10.0, 0.5246444344520569 
11.0, 0.5341862440109253 
12.0, 0.5437290668487549 
13.0, 0.5531566143035889 
14.0, 0.5617893934249878 
15.0, 0.5704221129417419 
16.0, 0.5790548920631409 
17.0, 0.587687611579895 
18.0, 0.5961316227912903 
19.0, 0.6038662195205688 
20.0, 0.6116018295288086 
21.0, 0.6193364262580872 
22.0, 0.6270710229873657 
23.0, 0.6348056197166443 
24.0, 0.6407856345176697 
25.0, 0.6463861465454102 
26.0, 0.653217613697052 
27.0, 0.6600491404533386 
28.0, 0.6668816208839417 
29.0, 0.6737130880355835 
30.0, 0.6805445551872253 
31.0, 0.6867004632949829 
32.0, 0.6928185820579529 
33.0, 0.6989357471466064 
34.0, 0.7050528526306152 
35.0, 0.71117103099823 
36.0, 0.7172881364822388 
37.0, 0.7234002947807312 
38.0, 0.7287693619728088 
39.0, 0.7341383695602417 
40.0, 0.7395073771476746 
41.0, 0.7448763847351074 
42.0, 0.7502453923225403 
43.0, 0.7556143999099731 
44.0, 0.760983407497406 
45.0, 0.7663136720657349 
46.0, 0.7712922692298889 
47.0, 0.7762330770492554 
48.0, 0.7811728715896606 
49.0, 0.7861136794090271 
50.0, 0.7910534739494324 
51.0, 0.7959942817687988 
52.0, 0.8009341359138489 
53.0, 0.8058739304542542 
54.0, 0.8104699850082397 
55.0, 0.8147481083869934 
56.0, 0.8190252184867859 
57.0, 0.8233033418655396 
58.0, 0.8275805115699768 
59.0, 0.8318576216697693 
60.0, 0.836135745048523 
61.0, 0.8404128551483154 
62.0, 0.8446909785270691 
63.0, 0.8489681482315063 
64.0, 0.8531190752983093 
65.0, 0.8571856021881104 
66.0, 0.8612520694732666 
67.0, 0.8653185963630676 
68.0, 0.8695410490036011 
69.0, 0.8737884163856506 
70.0, 0.8780357241630554 
71.0, 0.8822820782661438 
72.0, 0.8865293860435486 
73.0, 0.8907766938209534 
74.0, 0.8947110772132874 
75.0, 0.8982559442520142 
76.0, 0.9018008708953857 
77.0, 0.9053457379341125 
78.0, 0.9088906645774841 
79.0, 0.9124345779418945 
80.0, 0.9159795045852661 
81.0, 0.9195243716239929 
82.0, 0.9230692982673645 
83.0, 0.9266132116317749 
84.0, 0.9301580786705017 
85.0, 0.9337030053138733 
86.0, 0.9368087649345398 
87.0, 0.9394197463989258 
88.0, 0.9420297145843506 
89.0, 0.9450302124023438 
90.0, 0.9483296871185303 
91.0, 0.951630175113678 
92.0, 0.9549296498298645 
93.0, 0.9582291841506958 
94.0, 0.9615286588668823 
95.0, 0.96482914686203 
96.0, 0.9681286811828613 
97.0, 0.9714281558990479 
98.0, 0.9747276902198792 
99.0, 0.9780281782150269 
100.0, 0.09894651229139964 
