Time(Seconds), Inputs 
0.0, 0.23000329732894897 
1.0, 0.29034411907196045 
2.0, 0.3255000412464142 
3.0, 0.3551766574382782 
4.0, 0.3792478144168854 
5.0, 0.4018714129924774 
6.0, 0.4217439293861389 
7.0, 0.44132930040359497 
8.0, 0.4598148465156555 
9.0, 0.47620704770088196 
10.0, 0.4911904036998749 
11.0, 0.5062711238861084 
12.0, 0.5213518738746643 
13.0, 0.5359636545181274 
14.0, 0.5493693351745605 
15.0, 0.5627749562263489 
16.0, 0.5762342810630798 
17.0, 0.5892444849014282 
18.0, 0.600250780582428 
19.0, 0.6112570762634277 
20.0, 0.6221639513969421 
21.0, 0.6329288482666016 
22.0, 0.6436946988105774 
23.0, 0.654459536075592 
24.0, 0.664880633354187 
25.0, 0.6748178601264954 
26.0, 0.6840189099311829 
27.0, 0.6932209730148315 
28.0, 0.702422022819519 
29.0, 0.7103722095489502 
30.0, 0.7182131409645081 
31.0, 0.7260540127754211 
32.0, 0.7338939309120178 
33.0, 0.7417348623275757 
34.0, 0.7501957416534424 
35.0, 0.7571395039558411 
36.0, 0.7640842199325562 
37.0, 0.7710279822349548 
38.0, 0.7779717445373535 
39.0, 0.7849164605140686 
40.0, 0.7912998795509338 
41.0, 0.7970384955406189 
42.0, 0.8027145266532898 
43.0, 0.8083478212356567 
44.0, 0.8139820694923401 
45.0, 0.819615364074707 
46.0, 0.8252496719360352 
47.0, 0.8308829665184021 
48.0, 0.8352485299110413 
49.0, 0.8394928574562073 
50.0, 0.8440084457397461 
51.0, 0.8489343523979187 
52.0, 0.8538612127304077 
53.0, 0.8587881326675415 
54.0, 0.8637150526046753 
55.0, 0.8686419129371643 
56.0, 0.8735688328742981 
57.0, 0.8764848113059998 
58.0, 0.8793670535087585 
59.0, 0.883252739906311 
60.0, 0.8871374130249023 
61.0, 0.8910230994224548 
62.0, 0.8949077725410461 
63.0, 0.8987934589385986 
64.0, 0.9026781320571899 
65.0, 0.9065638184547424 
66.0, 0.9104484915733337 
67.0, 0.9136446714401245 
68.0, 0.9167852401733398 
69.0, 0.9199297428131104 
70.0, 0.923075258731842 
71.0, 0.9262197613716125 
72.0, 0.9293652772903442 
73.0, 0.9325097799301147 
74.0, 0.9356552958488464 
75.0, 0.9388484358787537 
76.0, 0.9420654773712158 
77.0, 0.945282518863678 
78.0, 0.9484995603561401 
79.0, 0.9517166018486023 
80.0, 0.9549336433410645 
81.0, 0.9581506848335266 
82.0, 0.9603632688522339 
83.0, 0.9624128937721252 
84.0, 0.965185821056366 
85.0, 0.9679588079452515 
86.0, 0.9707326889038086 
87.0, 0.9735056161880493 
88.0, 0.97627854347229 
89.0, 0.9790514707565308 
90.0, 0.9818254113197327 
91.0, 0.9844016432762146 
92.0, 0.9862595200538635 
93.0, 0.9881174564361572 
94.0, 0.9899762868881226 
95.0, 0.9918342232704163 
96.0, 0.9936921000480652 
97.0, 0.9955499768257141 
98.0, 0.9974079132080078 
99.0, 0.9992657899856567 
100.0, 0.2560818262724675 
