Time(Seconds), Inputs 
0.0, 0.08308561146259308 
1.0, 0.31188079714775085 
2.0, 0.34266719222068787 
3.0, 0.36609354615211487 
4.0, 0.3894423842430115 
5.0, 0.41074955463409424 
6.0, 0.43099164962768555 
7.0, 0.44645389914512634 
8.0, 0.46191614866256714 
9.0, 0.4769641160964966 
10.0, 0.49111488461494446 
11.0, 0.5052657127380371 
12.0, 0.5187538266181946 
13.0, 0.5307416915893555 
14.0, 0.5429143905639648 
15.0, 0.5553622841835022 
16.0, 0.5664699077606201 
17.0, 0.5769823789596558 
18.0, 0.5874949097633362 
19.0, 0.5980063676834106 
20.0, 0.6077737212181091 
21.0, 0.6171218156814575 
22.0, 0.6264709234237671 
23.0, 0.6358199715614319 
24.0, 0.6456270813941956 
25.0, 0.654094934463501 
26.0, 0.6625627279281616 
27.0, 0.671030580997467 
28.0, 0.6794974207878113 
29.0, 0.6879364252090454 
30.0, 0.6961548328399658 
31.0, 0.7043743133544922 
32.0, 0.7125927209854126 
33.0, 0.7205856442451477 
34.0, 0.7282606363296509 
35.0, 0.7350623607635498 
36.0, 0.7416871786117554 
37.0, 0.7483109831809998 
38.0, 0.7549358606338501 
39.0, 0.7615596652030945 
40.0, 0.7681844830513 
41.0, 0.774279773235321 
42.0, 0.7795842289924622 
43.0, 0.7850486040115356 
44.0, 0.7905179858207703 
45.0, 0.7959883213043213 
46.0, 0.8014577031135559 
47.0, 0.8069270849227905 
48.0, 0.8123974204063416 
49.0, 0.8178021907806396 
50.0, 0.8231592774391174 
51.0, 0.8285154104232788 
52.0, 0.8334671258926392 
53.0, 0.8379181027412415 
54.0, 0.8423681259155273 
55.0, 0.8468191027641296 
56.0, 0.8512701392173767 
57.0, 0.855721116065979 
58.0, 0.8599803447723389 
59.0, 0.8641303181648254 
60.0, 0.868280291557312 
61.0, 0.8724292516708374 
62.0, 0.8761728405952454 
63.0, 0.8799035549163818 
64.0, 0.8836342096328735 
65.0, 0.8873659372329712 
66.0, 0.8910965919494629 
67.0, 0.8948273062705994 
68.0, 0.8985589742660522 
69.0, 0.9021535515785217 
70.0, 0.9056706428527832 
71.0, 0.9088886976242065 
72.0, 0.9117708802223206 
73.0, 0.9146531224250793 
74.0, 0.9175353646278381 
75.0, 0.9204175472259521 
76.0, 0.9232997894287109 
77.0, 0.926181972026825 
78.0, 0.9290642142295837 
79.0, 0.9319454431533813 
80.0, 0.9348276853561401 
81.0, 0.9400367140769958 
82.0, 0.9437177181243896 
83.0, 0.9459839463233948 
84.0, 0.9482501745223999 
85.0, 0.9505164623260498 
86.0, 0.9527826905250549 
87.0, 0.9550489187240601 
88.0, 0.9573161005973816 
89.0, 0.9595823884010315 
90.0, 0.9622410535812378 
91.0, 0.9653298854827881 
92.0, 0.9684197902679443 
93.0, 0.9715096354484558 
94.0, 0.9745985269546509 
95.0, 0.9776883721351624 
96.0, 0.9807782769203186 
97.0, 0.9838671088218689 
98.0, 0.9856763482093811 
99.0, 0.9866281151771545 
100.0, 0.22214368141577848 
