Time(Seconds), Inputs 
0.0, 0.3003767430782318 
1.0, 0.3474748432636261 
2.0, 0.3716682195663452 
3.0, 0.3931214213371277 
4.0, 0.4110347032546997 
5.0, 0.42877906560897827 
6.0, 0.4436541497707367 
7.0, 0.45772942900657654 
8.0, 0.4715285301208496 
9.0, 0.48312297463417053 
10.0, 0.49471741914749146 
11.0, 0.5063118934631348 
12.0, 0.517528772354126 
13.0, 0.528279721736908 
14.0, 0.5390316843986511 
15.0, 0.5497835874557495 
16.0, 0.5596801042556763 
17.0, 0.5687182545661926 
18.0, 0.5777573585510254 
19.0, 0.586795449256897 
20.0, 0.5958335399627686 
21.0, 0.6022706031799316 
22.0, 0.6104135513305664 
23.0, 0.6185564994812012 
24.0, 0.6266994476318359 
25.0, 0.6348433494567871 
26.0, 0.6428790092468262 
27.0, 0.6503821015357971 
28.0, 0.6578851938247681 
29.0, 0.6653892993927002 
30.0, 0.6728924512863159 
31.0, 0.680396556854248 
32.0, 0.687294602394104 
33.0, 0.6936094164848328 
34.0, 0.6999232769012451 
35.0, 0.7062371373176575 
36.0, 0.712552011013031 
37.0, 0.7186145186424255 
38.0, 0.7246630787849426 
39.0, 0.7306659817695618 
40.0, 0.7366480231285095 
41.0, 0.7426300048828125 
42.0, 0.7486130595207214 
43.0, 0.7545950412750244 
44.0, 0.7605770826339722 
45.0, 0.7665600776672363 
46.0, 0.7717870473861694 
47.0, 0.7764884233474731 
48.0, 0.7811887860298157 
49.0, 0.7858901619911194 
50.0, 0.7905914783477783 
51.0, 0.795292854309082 
52.0, 0.8008586168289185 
53.0, 0.8066637516021729 
54.0, 0.8122782111167908 
55.0, 0.8169557452201843 
56.0, 0.8216342329978943 
57.0, 0.8263127207756042 
58.0, 0.8309902548789978 
59.0, 0.8356688022613525 
60.0, 0.8403472900390625 
61.0, 0.8450258374214172 
62.0, 0.849703311920166 
63.0, 0.8543103337287903 
64.0, 0.8582128882408142 
65.0, 0.8621164560317993 
66.0, 0.8660200238227844 
67.0, 0.8701262474060059 
68.0, 0.8743705749511719 
69.0, 0.8786139488220215 
70.0, 0.8828582763671875 
71.0, 0.8871016502380371 
72.0, 0.8913459777832031 
73.0, 0.8955893516540527 
74.0, 0.8991620540618896 
75.0, 0.9025728106498718 
76.0, 0.9059836268424988 
77.0, 0.909394383430481 
78.0, 0.9128061532974243 
79.0, 0.9162169098854065 
80.0, 0.9196277260780334 
81.0, 0.9230384826660156 
82.0, 0.9268288016319275 
83.0, 0.93129962682724 
84.0, 0.9357705116271973 
85.0, 0.9398320317268372 
86.0, 0.9429596662521362 
87.0, 0.9460873007774353 
88.0, 0.9492149353027344 
89.0, 0.9523425102233887 
90.0, 0.9554701447486877 
91.0, 0.9585977792739868 
92.0, 0.9617254137992859 
93.0, 0.9648529887199402 
94.0, 0.9679806232452393 
95.0, 0.9711082577705383 
96.0, 0.9742358922958374 
97.0, 0.9771737456321716 
98.0, 0.9792581796646118 
99.0, 0.9813435673713684 
100.0, 0.13869927908056157 
