Time(Seconds), Inputs 
0.0, 0.26252639293670654 
1.0, 0.3175438940525055 
2.0, 0.3483789563179016 
3.0, 0.37445804476737976 
4.0, 0.39844274520874023 
5.0, 0.4180082678794861 
6.0, 0.43726974725723267 
7.0, 0.4541785717010498 
8.0, 0.47108837962150574 
9.0, 0.4863072335720062 
10.0, 0.5004172921180725 
11.0, 0.5145283341407776 
12.0, 0.5274292826652527 
13.0, 0.5395095348358154 
14.0, 0.5515908598899841 
15.0, 0.563481330871582 
16.0, 0.5746456384658813 
17.0, 0.5862162113189697 
18.0, 0.5977868437767029 
19.0, 0.6087344884872437 
20.0, 0.6186051964759827 
21.0, 0.6284768581390381 
22.0, 0.6383485198020935 
23.0, 0.6481347680091858 
24.0, 0.6567376852035522 
25.0, 0.6655423045158386 
26.0, 0.6745645403862 
27.0, 0.6835867762565613 
28.0, 0.6923099160194397 
29.0, 0.7002968788146973 
30.0, 0.7082838416099548 
31.0, 0.7162708044052124 
32.0, 0.7242577075958252 
33.0, 0.7322446703910828 
34.0, 0.7381949424743652 
35.0, 0.7447929382324219 
36.0, 0.7513919472694397 
37.0, 0.7579899430274963 
38.0, 0.7645889520645142 
39.0, 0.7711869478225708 
40.0, 0.777480959892273 
41.0, 0.7833844423294067 
42.0, 0.7892870306968689 
43.0, 0.7951895594596863 
44.0, 0.8008109331130981 
45.0, 0.8063796162605286 
46.0, 0.8119473457336426 
47.0, 0.8174982070922852 
48.0, 0.8224816918373108 
49.0, 0.8274662494659424 
50.0, 0.8324507474899292 
51.0, 0.837435245513916 
52.0, 0.8424198031425476 
53.0, 0.8468767404556274 
54.0, 0.8509154319763184 
55.0, 0.8549541234970093 
56.0, 0.8589928150177002 
57.0, 0.863085150718689 
58.0, 0.8671903610229492 
59.0, 0.8712956309318542 
60.0, 0.8754018545150757 
61.0, 0.8795071244239807 
62.0, 0.8835686445236206 
63.0, 0.887507975101471 
64.0, 0.8914473056793213 
65.0, 0.8953866362571716 
66.0, 0.899325966835022 
67.0, 0.9030566811561584 
68.0, 0.9062031507492065 
69.0, 0.9093486666679382 
70.0, 0.9124941825866699 
71.0, 0.9156396985054016 
72.0, 0.9187444448471069 
73.0, 0.9218462705612183 
74.0, 0.9249480366706848 
75.0, 0.9280498027801514 
76.0, 0.9311516284942627 
77.0, 0.9342533946037292 
78.0, 0.9373552203178406 
79.0, 0.9404569864273071 
80.0, 0.9435587525367737 
81.0, 0.9462422728538513 
82.0, 0.9486903548240662 
83.0, 0.951137363910675 
84.0, 0.9535854458808899 
85.0, 0.9560325145721436 
86.0, 0.9584805369377136 
87.0, 0.9609276056289673 
88.0, 0.9633756279945374 
89.0, 0.965822696685791 
90.0, 0.9684157967567444 
91.0, 0.9712781310081482 
92.0, 0.9741405248641968 
93.0, 0.9770028591156006 
94.0, 0.9798651933670044 
95.0, 0.9827275276184082 
96.0, 0.9855899214744568 
97.0, 0.987980306148529 
98.0, 0.9898253083229065 
99.0, 0.9916712641716003 
100.0, 0.2264764370483608 
