Time(Seconds), Inputs 
0.0, 0.09394088387489319 
1.0, 0.31394433975219727 
2.0, 0.3465985655784607 
3.0, 0.37125688791275024 
4.0, 0.39464449882507324 
5.0, 0.4141136407852173 
6.0, 0.4335837662220001 
7.0, 0.4494980573654175 
8.0, 0.46538853645324707 
9.0, 0.48077327013015747 
10.0, 0.4946627914905548 
11.0, 0.5085532665252686 
12.0, 0.5222539901733398 
13.0, 0.5350068807601929 
14.0, 0.5477597713470459 
15.0, 0.5605127215385437 
16.0, 0.5717653632164001 
17.0, 0.5821517109870911 
18.0, 0.5922995805740356 
19.0, 0.6024474501609802 
20.0, 0.612673819065094 
21.0, 0.6229408979415894 
22.0, 0.6332089900970459 
23.0, 0.643476128578186 
24.0, 0.6533805727958679 
25.0, 0.6628806591033936 
26.0, 0.6714915633201599 
27.0, 0.6793304681777954 
28.0, 0.6871703863143921 
29.0, 0.695027232170105 
30.0, 0.7029118537902832 
31.0, 0.7107954621315002 
32.0, 0.7186790704727173 
33.0, 0.7265627384185791 
34.0, 0.7344463467597961 
35.0, 0.7399246692657471 
36.0, 0.746686577796936 
37.0, 0.7534485459327698 
38.0, 0.7602095007896423 
39.0, 0.7669714093208313 
40.0, 0.773733377456665 
41.0, 0.7798256278038025 
42.0, 0.7849870324134827 
43.0, 0.7901474237442017 
44.0, 0.7954339385032654 
45.0, 0.8014318943023682 
46.0, 0.8074297904968262 
47.0, 0.8134276866912842 
48.0, 0.819425642490387 
49.0, 0.8244339823722839 
50.0, 0.8292028903961182 
51.0, 0.8339718580245972 
52.0, 0.8387407660484314 
53.0, 0.8435096740722656 
54.0, 0.8483282923698425 
55.0, 0.8531469106674194 
56.0, 0.8579654693603516 
57.0, 0.8627851009368896 
58.0, 0.8668456077575684 
59.0, 0.8707700371742249 
60.0, 0.8746944665908813 
61.0, 0.8786188960075378 
62.0, 0.8825433254241943 
63.0, 0.8863425850868225 
64.0, 0.8901040554046631 
65.0, 0.8938655853271484 
66.0, 0.8976260423660278 
67.0, 0.9013875722885132 
68.0, 0.9051490426063538 
69.0, 0.9084237217903137 
70.0, 0.9114420413970947 
71.0, 0.9144603610038757 
72.0, 0.9173624515533447 
73.0, 0.9201900362968445 
74.0, 0.9230176210403442 
75.0, 0.925845205783844 
76.0, 0.9286727905273438 
77.0, 0.9314993619918823 
78.0, 0.9343269467353821 
79.0, 0.9371544718742371 
80.0, 0.9399820566177368 
81.0, 0.9436134099960327 
82.0, 0.9484926462173462 
83.0, 0.9515208601951599 
84.0, 0.9541447758674622 
85.0, 0.9567686915397644 
86.0, 0.9593926072120667 
87.0, 0.9620165228843689 
88.0, 0.9646403789520264 
89.0, 0.9672642946243286 
90.0, 0.9698862433433533 
91.0, 0.972500205039978 
92.0, 0.9751141667366028 
93.0, 0.9777281284332275 
94.0, 0.9803420901298523 
95.0, 0.9829570651054382 
96.0, 0.985571026802063 
97.0, 0.9881849884986877 
98.0, 0.9907989501953125 
99.0, 0.9907582402229309 
100.0, 0.2294550734758707 
