Time(Seconds), Inputs 
0.0, 0.22897101938724518 
1.0, 0.28797754645347595 
2.0, 0.3231642544269562 
3.0, 0.35171225666999817 
4.0, 0.37615299224853516 
5.0, 0.39965981245040894 
6.0, 0.4185308516025543 
7.0, 0.4374018907546997 
8.0, 0.45530423521995544 
9.0, 0.47271379828453064 
10.0, 0.4890195429325104 
11.0, 0.5037237405776978 
12.0, 0.5189038515090942 
13.0, 0.5334629416465759 
14.0, 0.5467652678489685 
15.0, 0.5600686073303223 
16.0, 0.5733252167701721 
17.0, 0.5862549543380737 
18.0, 0.5991837382316589 
19.0, 0.6105327606201172 
20.0, 0.6212628483772278 
21.0, 0.6319184303283691 
22.0, 0.6425729990005493 
23.0, 0.6532275676727295 
24.0, 0.6632979512214661 
25.0, 0.6730444431304932 
26.0, 0.6827899217605591 
27.0, 0.6925572752952576 
28.0, 0.7019312381744385 
29.0, 0.7102192044258118 
30.0, 0.7185081839561462 
31.0, 0.7267962098121643 
32.0, 0.7350851893424988 
33.0, 0.7432211637496948 
34.0, 0.7502891421318054 
35.0, 0.7573153376579285 
36.0, 0.7643176913261414 
37.0, 0.7713190913200378 
38.0, 0.7783204913139343 
39.0, 0.7852761149406433 
40.0, 0.7913108468055725 
41.0, 0.7973455190658569 
42.0, 0.8033801913261414 
43.0, 0.8093780875205994 
44.0, 0.8153422474861145 
45.0, 0.8213053941726685 
46.0, 0.8272694945335388 
47.0, 0.8318029642105103 
48.0, 0.8362390398979187 
49.0, 0.8406751751899719 
50.0, 0.8451112508773804 
51.0, 0.8496119379997253 
52.0, 0.8541861176490784 
53.0, 0.858759343624115 
54.0, 0.863333523273468 
55.0, 0.8679067492485046 
56.0, 0.8719374537467957 
57.0, 0.8753700852394104 
58.0, 0.8788027167320251 
59.0, 0.8822234272956848 
60.0, 0.8856222629547119 
61.0, 0.8890211582183838 
62.0, 0.8924199938774109 
63.0, 0.8958198428153992 
64.0, 0.8992186784744263 
65.0, 0.9026175737380981 
66.0, 0.9060173630714417 
67.0, 0.912060022354126 
68.0, 0.9157142043113708 
69.0, 0.9186918139457703 
70.0, 0.9216694235801697 
71.0, 0.9246479868888855 
72.0, 0.9276255965232849 
73.0, 0.9306041598320007 
74.0, 0.9335817694664001 
75.0, 0.9365782737731934 
76.0, 0.9396293759346008 
77.0, 0.9426795244216919 
78.0, 0.9457296133041382 
79.0, 0.9487807154655457 
80.0, 0.9518308639526367 
81.0, 0.9548810124397278 
82.0, 0.9570508599281311 
83.0, 0.9590021371841431 
84.0, 0.9612743258476257 
85.0, 0.9635465145111084 
86.0, 0.9658187031745911 
87.0, 0.9680908918380737 
88.0, 0.97036212682724 
89.0, 0.9726343154907227 
90.0, 0.9749065041542053 
91.0, 0.9772393107414246 
92.0, 0.9800847768783569 
93.0, 0.9829292297363281 
94.0, 0.9857746958732605 
95.0, 0.9886201620101929 
96.0, 0.9914646148681641 
97.0, 0.9943100810050964 
98.0, 0.9971545338630676 
99.0, 0.9967402219772339 
100.0, 0.26111080357180877 
