Time(Seconds), Inputs 
0.0, 0.11344578862190247 
1.0, 0.20243096351623535 
2.0, 0.25519514083862305 
3.0, 0.2991199493408203 
4.0, 0.33535581827163696 
5.0, 0.3671635687351227 
6.0, 0.3978128433227539 
7.0, 0.4248307943344116 
8.0, 0.4496411383152008 
9.0, 0.4720073938369751 
10.0, 0.49337518215179443 
11.0, 0.5094404816627502 
12.0, 0.5249951481819153 
13.0, 0.5425795316696167 
14.0, 0.5565047860145569 
15.0, 0.5692547559738159 
16.0, 0.5808273553848267 
17.0, 0.5919429063796997 
18.0, 0.6020301580429077 
19.0, 0.6117468476295471 
20.0, 0.6214635372161865 
21.0, 0.6300545930862427 
22.0, 0.6372288465499878 
23.0, 0.6443970799446106 
24.0, 0.651441216468811 
25.0, 0.6584843397140503 
26.0, 0.6685169339179993 
27.0, 0.6749738454818726 
28.0, 0.680442214012146 
29.0, 0.6854098439216614 
30.0, 0.6897048950195312 
31.0, 0.6940008997917175 
32.0, 0.7004309892654419 
33.0, 0.7083175778388977 
34.0, 0.7124655842781067 
35.0, 0.7162548899650574 
36.0, 0.7211122512817383 
37.0, 0.7259695529937744 
38.0, 0.7308298945426941 
39.0, 0.7356902360916138 
40.0, 0.7406817078590393 
41.0, 0.7464243173599243 
42.0, 0.7521678805351257 
43.0, 0.7551087141036987 
44.0, 0.759967029094696 
45.0, 0.7648254036903381 
46.0, 0.7696847319602966 
47.0, 0.7745450735092163 
48.0, 0.779405415058136 
49.0, 0.7838881611824036 
50.0, 0.7882070541381836 
51.0, 0.7925258874893188 
52.0, 0.7963122129440308 
53.0, 0.798854649066925 
54.0, 0.8009291291236877 
55.0, 0.8052480220794678 
56.0, 0.809566855430603 
57.0, 0.8138837218284607 
58.0, 0.8181966543197632 
59.0, 0.8225095272064209 
60.0, 0.8265929222106934 
61.0, 0.8303692936897278 
62.0, 0.8341466784477234 
63.0, 0.840221107006073 
64.0, 0.8429602980613708 
65.0, 0.8456994295120239 
66.0, 0.8501265645027161 
67.0, 0.854983925819397 
68.0, 0.8598412871360779 
69.0, 0.8631129264831543 
70.0, 0.866351842880249 
71.0, 0.8696781992912292 
72.0, 0.8734585642814636 
73.0, 0.8772379159927368 
74.0, 0.8836888670921326 
75.0, 0.8869982957839966 
76.0, 0.8903077840805054 
77.0, 0.893580436706543 
78.0, 0.8968213200569153 
79.0, 0.9000622034072876 
80.0, 0.904459536075592 
81.0, 0.9093208909034729 
82.0, 0.914182186126709 
83.0, 0.9194250106811523 
84.0, 0.9247105717658997 
85.0, 0.9256802797317505 
86.0, 0.9300001263618469 
87.0, 0.9343189597129822 
88.0, 0.938927948474884 
89.0, 0.9443277716636658 
90.0, 0.9497275948524475 
91.0, 0.9541477560997009 
92.0, 0.9573836922645569 
93.0, 0.9606205821037292 
94.0, 0.9656915664672852 
95.0, 0.9710903763771057 
96.0, 0.9760818481445312 
97.0, 0.9800877571105957 
98.0, 0.9838681221008301 
99.0, 0.9876495003700256 
100.0, 0.7482530584783618 
