Time(Seconds), Inputs 
0.0, 0.1830512434244156 
1.0, 0.2662292420864105 
2.0, 0.3087730407714844 
3.0, 0.34204721450805664 
4.0, 0.3728663921356201 
5.0, 0.40083515644073486 
6.0, 0.42484569549560547 
7.0, 0.4450252056121826 
8.0, 0.469795823097229 
9.0, 0.49202993512153625 
10.0, 0.5119044184684753 
11.0, 0.5281863212585449 
12.0, 0.5463887453079224 
13.0, 0.5664798021316528 
14.0, 0.5807657241821289 
15.0, 0.5945260524749756 
16.0, 0.6100757718086243 
17.0, 0.6222484111785889 
18.0, 0.6342065334320068 
19.0, 0.64616459608078 
20.0, 0.6577073931694031 
21.0, 0.6686659455299377 
22.0, 0.6796175837516785 
23.0, 0.6905702352523804 
24.0, 0.6998040676116943 
25.0, 0.707837700843811 
26.0, 0.716734766960144 
27.0, 0.7256307601928711 
28.0, 0.7345278263092041 
29.0, 0.7398849129676819 
30.0, 0.7455211877822876 
31.0, 0.7525086402893066 
32.0, 0.7594961524009705 
33.0, 0.7664825916290283 
34.0, 0.7732604146003723 
35.0, 0.7779697775840759 
36.0, 0.7824088335037231 
37.0, 0.7865588068962097 
38.0, 0.7907077670097351 
39.0, 0.7955194115638733 
40.0, 0.8008516430854797 
41.0, 0.8061848878860474 
42.0, 0.811518132686615 
43.0, 0.8168583512306213 
44.0, 0.8228016495704651 
45.0, 0.8262660503387451 
46.0, 0.8297056555747986 
47.0, 0.8331462144851685 
48.0, 0.8363860845565796 
49.0, 0.8393964767456055 
50.0, 0.8424058556556702 
51.0, 0.8454152941703796 
52.0, 0.8484256863594055 
53.0, 0.8525597453117371 
54.0, 0.856776237487793 
55.0, 0.8609927892684937 
56.0, 0.8652102947235107 
57.0, 0.865184485912323 
58.0, 0.8688604831695557 
59.0, 0.8725355863571167 
60.0, 0.876210629940033 
61.0, 0.8798856735229492 
62.0, 0.8827201724052429 
63.0, 0.8853957653045654 
64.0, 0.8880723118782043 
65.0, 0.8907479047775269 
66.0, 0.8936519622802734 
67.0, 0.8970726728439331 
68.0, 0.9004933834075928 
69.0, 0.9039140939712524 
70.0, 0.9073348045349121 
71.0, 0.9070009589195251 
72.0, 0.9099984765052795 
73.0, 0.9129959344863892 
74.0, 0.9159933924674988 
75.0, 0.9190633893013 
76.0, 0.9224095940589905 
77.0, 0.9257557988166809 
78.0, 0.9291029572486877 
79.0, 0.9324491620063782 
80.0, 0.9355628490447998 
81.0, 0.9385653138160706 
82.0, 0.9415667653083801 
83.0, 0.9445691704750061 
84.0, 0.9493122696876526 
85.0, 0.9528393149375916 
86.0, 0.9556182026863098 
87.0, 0.9583981037139893 
88.0, 0.9611769914627075 
89.0, 0.9635097980499268 
90.0, 0.9655196666717529 
91.0, 0.9675295948982239 
92.0, 0.96953946352005 
93.0, 0.9716030359268188 
94.0, 0.9745965003967285 
95.0, 0.977590024471283 
96.0, 0.9805825352668762 
97.0, 0.9835759997367859 
98.0, 0.9875978231430054 
99.0, 0.9926638007164001 
100.0, 0.46400086868024476 
