Time(Seconds), Inputs 
0.0, 0.2900390923023224 
1.0, 0.3423939645290375 
2.0, 0.36894693970680237 
3.0, 0.39103102684020996 
4.0, 0.4111320674419403 
5.0, 0.42896783351898193 
6.0, 0.4444350600242615 
7.0, 0.459902286529541 
8.0, 0.4737222194671631 
9.0, 0.4869410991668701 
10.0, 0.5004122853279114 
11.0, 0.512779712677002 
12.0, 0.5234978795051575 
13.0, 0.5342170596122742 
14.0, 0.5449352264404297 
15.0, 0.5553751587867737 
16.0, 0.565413773059845 
17.0, 0.5754533410072327 
18.0, 0.585491955280304 
19.0, 0.5952572822570801 
20.0, 0.6034757494926453 
21.0, 0.6116942167282104 
22.0, 0.6199116706848145 
23.0, 0.6281300783157349 
24.0, 0.638656497001648 
25.0, 0.6464338302612305 
26.0, 0.6542121767997742 
27.0, 0.6619904637336731 
28.0, 0.6697677969932556 
29.0, 0.6775460839271545 
30.0, 0.6848107576370239 
31.0, 0.6916442513465881 
32.0, 0.6984786987304688 
33.0, 0.705312192440033 
34.0, 0.7121466398239136 
35.0, 0.7189801335334778 
36.0, 0.7257688641548157 
37.0, 0.7324444055557251 
38.0, 0.7391198873519897 
39.0, 0.745794415473938 
40.0, 0.7524669170379639 
41.0, 0.7591394186019897 
42.0, 0.7658109664916992 
43.0, 0.7718595862388611 
44.0, 0.7770388126373291 
45.0, 0.7822180390357971 
46.0, 0.7873973250389099 
47.0, 0.7925765514373779 
48.0, 0.7977548241615295 
49.0, 0.8029341101646423 
50.0, 0.8081133365631104 
51.0, 0.813326358795166 
52.0, 0.8187182545661926 
53.0, 0.8241090774536133 
54.0, 0.8294761180877686 
55.0, 0.8342808485031128 
56.0, 0.8390855193138123 
57.0, 0.8438901901245117 
58.0, 0.8486958742141724 
59.0, 0.8535006046295166 
60.0, 0.8578909635543823 
61.0, 0.8620468974113464 
62.0, 0.8662028312683105 
63.0, 0.8703587651252747 
64.0, 0.8745136857032776 
65.0, 0.8786695599555969 
66.0, 0.882825493812561 
67.0, 0.8869814276695251 
68.0, 0.8911373615264893 
69.0, 0.8952435851097107 
70.0, 0.898841142654419 
71.0, 0.9026235342025757 
72.0, 0.9064068794250488 
73.0, 0.910190224647522 
74.0, 0.9139735698699951 
75.0, 0.9177559018135071 
76.0, 0.9215392470359802 
77.0, 0.9253225922584534 
78.0, 0.9291059374809265 
79.0, 0.9328883290290833 
80.0, 0.9366716742515564 
81.0, 0.9404550194740295 
82.0, 0.9436988830566406 
83.0, 0.9468920230865479 
84.0, 0.9500822424888611 
85.0, 0.9532049298286438 
86.0, 0.9563275575637817 
87.0, 0.9594511985778809 
88.0, 0.9625738859176636 
89.0, 0.9656965136528015 
90.0, 0.9688201546669006 
91.0, 0.9719428420066833 
92.0, 0.9750654697418213 
93.0, 0.9781891107559204 
94.0, 0.9813117980957031 
95.0, 0.9842585921287537 
96.0, 0.9867563247680664 
97.0, 0.989253044128418 
98.0, 0.9917507767677307 
99.0, 0.9942484498023987 
100.0, 0.14040257367813694 
