Time(Seconds), Inputs 
0.0, 0.010802609845995903 
1.0, 0.19771072268486023 
2.0, 0.2511693835258484 
3.0, 0.2960658371448517 
4.0, 0.33338963985443115 
5.0, 0.3685157597064972 
6.0, 0.39830565452575684 
7.0, 0.42472848296165466 
8.0, 0.4507995843887329 
9.0, 0.470885694026947 
10.0, 0.49287939071655273 
11.0, 0.5108085870742798 
12.0, 0.5284208059310913 
13.0, 0.5440331101417542 
14.0, 0.5589836835861206 
15.0, 0.572327733039856 
16.0, 0.582970380783081 
17.0, 0.5927456617355347 
18.0, 0.6032243967056274 
19.0, 0.6137040853500366 
20.0, 0.6227213740348816 
21.0, 0.6307877898216248 
22.0, 0.6388542056083679 
23.0, 0.6473121047019958 
24.0, 0.6558514833450317 
25.0, 0.6610813736915588 
26.0, 0.6668398976325989 
27.0, 0.6725983619689941 
28.0, 0.6783548593521118 
29.0, 0.6841073632240295 
30.0, 0.6898608803749084 
31.0, 0.6964588761329651 
32.0, 0.703170120716095 
33.0, 0.7053231000900269 
34.0, 0.7099320888519287 
35.0, 0.7145410776138306 
36.0, 0.7194679379463196 
37.0, 0.7246204018592834 
38.0, 0.7297717928886414 
39.0, 0.7349530458450317 
40.0, 0.7401372790336609 
41.0, 0.7453463077545166 
42.0, 0.7500198483467102 
43.0, 0.754435122013092 
44.0, 0.7582452893257141 
45.0, 0.7616967558860779 
46.0, 0.7651482820510864 
47.0, 0.7702967524528503 
48.0, 0.7754819393157959 
49.0, 0.7804376482963562 
50.0, 0.7849293947219849 
51.0, 0.7894211411476135 
52.0, 0.7908478379249573 
53.0, 0.7948706150054932 
54.0, 0.7989351153373718 
55.0, 0.8041163682937622 
56.0, 0.8092986345291138 
57.0, 0.8138082027435303 
58.0, 0.8172567486763 
59.0, 0.8207052946090698 
60.0, 0.8254424333572388 
61.0, 0.8306425213813782 
62.0, 0.8356618285179138 
63.0, 0.839111328125 
64.0, 0.8425618410110474 
65.0, 0.8467704653739929 
66.0, 0.8519248366355896 
67.0, 0.857079267501831 
68.0, 0.8613653182983398 
69.0, 0.8654119968414307 
70.0, 0.8698053359985352 
71.0, 0.8756552338600159 
72.0, 0.879244863986969 
73.0, 0.8830450773239136 
74.0, 0.8870579600334167 
75.0, 0.8910707831382751 
76.0, 0.8955783843994141 
77.0, 0.9001824259757996 
78.0, 0.9046761393547058 
79.0, 0.9087029099464417 
80.0, 0.9127286672592163 
81.0, 0.9179774522781372 
82.0, 0.9214279651641846 
83.0, 0.9248794913291931 
84.0, 0.9303915500640869 
85.0, 0.9361540079116821 
86.0, 0.9412031173706055 
87.0, 0.9440823793411255 
88.0, 0.9469615817070007 
89.0, 0.9505352973937988 
90.0, 0.9545720219612122 
91.0, 0.9586097002029419 
92.0, 0.9634928703308105 
93.0, 0.9669890999794006 
94.0, 0.9708171486854553 
95.0, 0.9754340648651123 
96.0, 0.9800509810447693 
97.0, 0.9846519827842712 
98.0, 0.9892430901527405 
99.0, 0.9938351511955261 
100.0, 0.7957494283317507 
