Time(Seconds), Inputs 
0.0, 0.13120506703853607 
1.0, 0.21761104464530945 
2.0, 0.26749104261398315 
3.0, 0.3049439787864685 
4.0, 0.3421793580055237 
5.0, 0.3739205300807953 
6.0, 0.40369948744773865 
7.0, 0.4313294589519501 
8.0, 0.4556986689567566 
9.0, 0.47879815101623535 
10.0, 0.49825337529182434 
11.0, 0.5189346075057983 
12.0, 0.5359666347503662 
13.0, 0.5529976487159729 
14.0, 0.5695160627365112 
15.0, 0.584091067314148 
16.0, 0.5986660718917847 
17.0, 0.6101353764533997 
18.0, 0.6221838593482971 
19.0, 0.6342323422431946 
20.0, 0.6462470293045044 
21.0, 0.6555265784263611 
22.0, 0.6644077301025391 
23.0, 0.6732888221740723 
24.0, 0.6826329827308655 
25.0, 0.690608024597168 
26.0, 0.6966903805732727 
27.0, 0.7027776837348938 
28.0, 0.7098833918571472 
29.0, 0.7169890999794006 
30.0, 0.7240937948226929 
31.0, 0.7316376566886902 
32.0, 0.7369887828826904 
33.0, 0.7423409223556519 
34.0, 0.7476890683174133 
35.0, 0.7530153393745422 
36.0, 0.7583406567573547 
37.0, 0.7636669278144836 
38.0, 0.7707140445709229 
39.0, 0.7760075330734253 
40.0, 0.7803691029548645 
41.0, 0.7847574949264526 
42.0, 0.7892184257507324 
43.0, 0.7936784029006958 
44.0, 0.7981393337249756 
45.0, 0.8025833964347839 
46.0, 0.8070244193077087 
47.0, 0.8114655017852783 
48.0, 0.8154991865158081 
49.0, 0.8190679550170898 
50.0, 0.8226367235183716 
51.0, 0.8262074589729309 
52.0, 0.8301984071731567 
53.0, 0.8341884016990662 
54.0, 0.8381794095039368 
55.0, 0.841917097568512 
56.0, 0.8454639315605164 
57.0, 0.8490108251571655 
58.0, 0.8527604341506958 
59.0, 0.8578701019287109 
60.0, 0.8614001274108887 
61.0, 0.8648228049278259 
62.0, 0.8686578273773193 
63.0, 0.8726597428321838 
64.0, 0.8766626715660095 
65.0, 0.8805373907089233 
66.0, 0.8840922713279724 
67.0, 0.8876470923423767 
68.0, 0.8912009596824646 
69.0, 0.8948869109153748 
70.0, 0.8985957503318787 
71.0, 0.9020879864692688 
72.0, 0.9054152965545654 
73.0, 0.9089860320091248 
74.0, 0.9125567674636841 
75.0, 0.9161275029182434 
76.0, 0.9196754097938538 
77.0, 0.9232242703437805 
78.0, 0.9267721772193909 
79.0, 0.9300676584243774 
80.0, 0.9331724643707275 
81.0, 0.9362761974334717 
82.0, 0.9397138357162476 
83.0, 0.9444668292999268 
84.0, 0.9473838210105896 
85.0, 0.9503008127212524 
86.0, 0.9536788463592529 
87.0, 0.9572485685348511 
88.0, 0.9608182907104492 
89.0, 0.9641237854957581 
90.0, 0.9667814373970032 
91.0, 0.9694391489028931 
92.0, 0.9720968008041382 
93.0, 0.9761652946472168 
94.0, 0.9804851412773132 
95.0, 0.9848049879074097 
96.0, 0.9864175319671631 
97.0, 0.9904144406318665 
98.0, 0.9944103956222534 
99.0, 0.9984073638916016 
100.0, 0.6147935394035914 
