Time(Seconds), Inputs 
0.0, 0.13406245410442352 
1.0, 0.22057871520519257 
2.0, 0.2693856954574585 
3.0, 0.3090353310108185 
4.0, 0.3449433445930481 
5.0, 0.3781141936779022 
6.0, 0.4063223898410797 
7.0, 0.43318137526512146 
8.0, 0.45765194296836853 
9.0, 0.4824334681034088 
10.0, 0.502956748008728 
11.0, 0.5224288702011108 
12.0, 0.5386640429496765 
13.0, 0.5580626726150513 
14.0, 0.5724091529846191 
15.0, 0.5852415561676025 
16.0, 0.6018890738487244 
17.0, 0.6136077046394348 
18.0, 0.6240795254707336 
19.0, 0.6352894306182861 
20.0, 0.6469603776931763 
21.0, 0.6555136442184448 
22.0, 0.6637619137763977 
23.0, 0.6719426512718201 
24.0, 0.6801242828369141 
25.0, 0.6883050203323364 
26.0, 0.6954882144927979 
27.0, 0.7022134065628052 
28.0, 0.7089385390281677 
29.0, 0.7154630422592163 
30.0, 0.7218216061592102 
31.0, 0.7281801700592041 
32.0, 0.7340996265411377 
33.0, 0.7381700873374939 
34.0, 0.7422405481338501 
35.0, 0.7463110089302063 
36.0, 0.7507739663124084 
37.0, 0.7553232908248901 
38.0, 0.7598726749420166 
39.0, 0.7646624445915222 
40.0, 0.7697254419326782 
41.0, 0.774788498878479 
42.0, 0.7765161991119385 
43.0, 0.7810377478599548 
44.0, 0.7855592966079712 
45.0, 0.790081799030304 
46.0, 0.793950617313385 
47.0, 0.7975888848304749 
48.0, 0.8012272119522095 
49.0, 0.8048645257949829 
50.0, 0.808499813079834 
51.0, 0.8121351003646851 
52.0, 0.8159890174865723 
53.0, 0.8205592632293701 
54.0, 0.8230420351028442 
55.0, 0.8255248665809631 
56.0, 0.8290796875953674 
57.0, 0.8331502079963684 
58.0, 0.8372216820716858 
59.0, 0.8412981033325195 
60.0, 0.8453864455223083 
61.0, 0.8494748473167419 
62.0, 0.8535631895065308 
63.0, 0.8571050763130188 
64.0, 0.8606172204017639 
65.0, 0.8624045848846436 
66.0, 0.8650890588760376 
67.0, 0.8687233924865723 
68.0, 0.8723567128181458 
69.0, 0.8760953545570374 
70.0, 0.8801678419113159 
71.0, 0.8842402696609497 
72.0, 0.8883137702941895 
73.0, 0.8920096755027771 
74.0, 0.8956489562988281 
75.0, 0.8992882370948792 
76.0, 0.9052553772926331 
77.0, 0.908070981502533 
78.0, 0.9108856916427612 
79.0, 0.9139755368232727 
80.0, 0.9184950590133667 
81.0, 0.9230156540870667 
82.0, 0.9275351762771606 
83.0, 0.9306429028511047 
84.0, 0.9333711266517639 
85.0, 0.9360993504524231 
86.0, 0.940449059009552 
87.0, 0.9468523263931274 
88.0, 0.949996829032898 
89.0, 0.9532158374786377 
90.0, 0.9573062062263489 
91.0, 0.9613975286483765 
92.0, 0.9654878973960876 
93.0, 0.9695633053779602 
94.0, 0.9736338257789612 
95.0, 0.9777042865753174 
96.0, 0.981497585773468 
97.0, 0.9847811460494995 
98.0, 0.988065779209137 
99.0, 0.9894875288009644 
100.0, 0.627472438564293 
