Time(Seconds), Inputs 
0.0, 0.18660110235214233 
1.0, 0.26099634170532227 
2.0, 0.30368319153785706 
3.0, 0.33853113651275635 
4.0, 0.3703041076660156 
5.0, 0.39965882897377014 
6.0, 0.423272967338562 
7.0, 0.44743847846984863 
8.0, 0.46881619095802307 
9.0, 0.489658385515213 
10.0, 0.5082293748855591 
11.0, 0.526801347732544 
12.0, 0.5462725162506104 
13.0, 0.5666874647140503 
14.0, 0.5811870098114014 
15.0, 0.5939816236495972 
16.0, 0.606869637966156 
17.0, 0.6205942034721375 
18.0, 0.633236825466156 
19.0, 0.6458794474601746 
20.0, 0.6575692892074585 
21.0, 0.6658304333686829 
22.0, 0.6771417260169983 
23.0, 0.6884540319442749 
24.0, 0.6994553208351135 
25.0, 0.706379234790802 
26.0, 0.7140641808509827 
27.0, 0.7224147319793701 
28.0, 0.7307663559913635 
29.0, 0.739116907119751 
30.0, 0.7450551986694336 
31.0, 0.751164436340332 
32.0, 0.7575815916061401 
33.0, 0.7639977931976318 
34.0, 0.7704149484634399 
35.0, 0.7768182754516602 
36.0, 0.7829691767692566 
37.0, 0.7880023717880249 
38.0, 0.7927812337875366 
39.0, 0.7975600957870483 
40.0, 0.8021402359008789 
41.0, 0.8062882423400879 
42.0, 0.8104372024536133 
43.0, 0.8145851492881775 
44.0, 0.8187341094017029 
45.0, 0.82520991563797 
46.0, 0.8294880390167236 
47.0, 0.8328958749771118 
48.0, 0.8363036513328552 
49.0, 0.8397124409675598 
50.0, 0.8434749245643616 
51.0, 0.8473218679428101 
52.0, 0.8511688113212585 
53.0, 0.8550147414207458 
54.0, 0.8588278889656067 
55.0, 0.8621740937232971 
56.0, 0.8655202984809875 
57.0, 0.8688664436340332 
58.0, 0.8718242049217224 
59.0, 0.8749299645423889 
60.0, 0.8784619569778442 
61.0, 0.8819929361343384 
62.0, 0.8855249285697937 
63.0, 0.8890559077262878 
64.0, 0.8922123312950134 
65.0, 0.8951005339622498 
66.0, 0.8979877233505249 
67.0, 0.9008758664131165 
68.0, 0.9037630558013916 
69.0, 0.9076278805732727 
70.0, 0.9116755127906799 
71.0, 0.9143749475479126 
72.0, 0.9170256853103638 
73.0, 0.9196674227714539 
74.0, 0.9222198128700256 
75.0, 0.9247722029685974 
76.0, 0.9273245334625244 
77.0, 0.9298779368400574 
78.0, 0.9327561855316162 
79.0, 0.9362921118736267 
80.0, 0.9398270845413208 
81.0, 0.9433620572090149 
82.0, 0.9468979835510254 
83.0, 0.9506803750991821 
84.0, 0.9545312523841858 
85.0, 0.956902801990509 
86.0, 0.9592733979225159 
87.0, 0.9616449475288391 
88.0, 0.9644556045532227 
89.0, 0.9673417806625366 
90.0, 0.9702289700508118 
91.0, 0.9731152057647705 
92.0, 0.9759994149208069 
93.0, 0.9788696765899658 
94.0, 0.9817389845848083 
95.0, 0.9846093058586121 
96.0, 0.9874786138534546 
97.0, 0.9904770255088806 
98.0, 0.9937179088592529 
99.0, 0.9969587922096252 
100.0, 0.44414471190901 
