Time(Seconds), Inputs 
0.0, 0.2033122181892395 
1.0, 0.27016758918762207 
2.0, 0.31088826060295105 
3.0, 0.3445906341075897 
4.0, 0.37457823753356934 
5.0, 0.4012226462364197 
6.0, 0.42668670415878296 
7.0, 0.44860291481018066 
8.0, 0.469097375869751 
9.0, 0.48815417289733887 
10.0, 0.5073947906494141 
11.0, 0.5249633193016052 
12.0, 0.5425318479537964 
13.0, 0.5582703351974487 
14.0, 0.57377028465271 
15.0, 0.5895991921424866 
16.0, 0.6044096946716309 
17.0, 0.6184988617897034 
18.0, 0.6320078372955322 
19.0, 0.6434621810913086 
20.0, 0.6549175381660461 
21.0, 0.6667643785476685 
22.0, 0.6776951551437378 
23.0, 0.6877228021621704 
24.0, 0.6977514624595642 
25.0, 0.7077791094779968 
26.0, 0.7172364592552185 
27.0, 0.7255751490592957 
28.0, 0.7339128255844116 
29.0, 0.7422515153884888 
30.0, 0.7505901455879211 
31.0, 0.7575289607048035 
32.0, 0.7638765573501587 
33.0, 0.7702242136001587 
34.0, 0.7765718698501587 
35.0, 0.7829185128211975 
36.0, 0.7892661690711975 
37.0, 0.7954240441322327 
38.0, 0.8013871908187866 
39.0, 0.8070641756057739 
40.0, 0.8127411603927612 
41.0, 0.8184182047843933 
42.0, 0.8231106400489807 
43.0, 0.8271969556808472 
44.0, 0.8312833309173584 
45.0, 0.8353697061538696 
46.0, 0.8394560813903809 
47.0, 0.8417879343032837 
48.0, 0.8458594083786011 
49.0, 0.8499318361282349 
50.0, 0.8540043234825134 
51.0, 0.8580757975578308 
52.0, 0.8620558381080627 
53.0, 0.8655182719230652 
54.0, 0.8689807057380676 
55.0, 0.8724431395530701 
56.0, 0.8759055733680725 
57.0, 0.8793680667877197 
58.0, 0.8839978575706482 
59.0, 0.8872824907302856 
60.0, 0.8904736638069153 
61.0, 0.8936658501625061 
62.0, 0.8968570828437805 
63.0, 0.8998495936393738 
64.0, 0.9027417302131653 
65.0, 0.9056338667869568 
66.0, 0.9085250496864319 
67.0, 0.9114171862602234 
68.0, 0.9143788814544678 
69.0, 0.917436957359314 
70.0, 0.9204960465431213 
71.0, 0.9235541224479675 
72.0, 0.9266121983528137 
73.0, 0.927284836769104 
74.0, 0.930186927318573 
75.0, 0.933089017868042 
76.0, 0.935991108417511 
77.0, 0.93889319896698 
78.0, 0.941795289516449 
79.0, 0.9446814656257629 
80.0, 0.9475666284561157 
81.0, 0.9504518508911133 
82.0, 0.9533370733261108 
83.0, 0.9562232494354248 
84.0, 0.9590011239051819 
85.0, 0.9617353081703186 
86.0, 0.9644685387611389 
87.0, 0.9672027230262756 
88.0, 0.9692106246948242 
89.0, 0.9704614877700806 
90.0, 0.9730605483055115 
91.0, 0.9756596088409424 
92.0, 0.9782586693763733 
93.0, 0.9808587431907654 
94.0, 0.9834597706794739 
95.0, 0.9860697984695435 
96.0, 0.9886797666549683 
97.0, 0.9912897348403931 
98.0, 0.9938997626304626 
99.0, 0.9965097308158875 
100.0, 0.40238844484945 
