Time(Seconds), Inputs 
0.0, 0.1363247036933899 
1.0, 0.22372619807720184 
2.0, 0.27217549085617065 
3.0, 0.31076109409332275 
4.0, 0.3449254631996155 
5.0, 0.37604469060897827 
6.0, 0.4027009904384613 
7.0, 0.4310055673122406 
8.0, 0.45491576194763184 
9.0, 0.4779645800590515 
10.0, 0.49770793318748474 
11.0, 0.5180225372314453 
12.0, 0.5356914401054382 
13.0, 0.5529102087020874 
14.0, 0.568327784538269 
15.0, 0.5822291970252991 
16.0, 0.5961306095123291 
17.0, 0.6104642152786255 
18.0, 0.6215966939926147 
19.0, 0.6327291131019592 
20.0, 0.6455178260803223 
21.0, 0.6551629304885864 
22.0, 0.6631221175193787 
23.0, 0.6710821986198425 
24.0, 0.6799226403236389 
25.0, 0.6888454556465149 
26.0, 0.6967112421989441 
27.0, 0.7035446763038635 
28.0, 0.7097184658050537 
29.0, 0.7158932685852051 
30.0, 0.7220779657363892 
31.0, 0.7288537621498108 
32.0, 0.7355521321296692 
33.0, 0.7419792413711548 
34.0, 0.7472648024559021 
35.0, 0.7516731023788452 
36.0, 0.7560814023017883 
37.0, 0.760646641254425 
38.0, 0.766412079334259 
39.0, 0.7721784710884094 
40.0, 0.7767139077186584 
41.0, 0.7793567180633545 
42.0, 0.7833288311958313 
43.0, 0.7872999310493469 
44.0, 0.7912710905075073 
45.0, 0.7952412366867065 
46.0, 0.799211323261261 
47.0, 0.803180456161499 
48.0, 0.8078798651695251 
49.0, 0.8127977848052979 
50.0, 0.8177147507667542 
51.0, 0.8218200206756592 
52.0, 0.8249039053916931 
53.0, 0.8279878497123718 
54.0, 0.8310717344284058 
55.0, 0.8345411419868469 
56.0, 0.8380691409111023 
57.0, 0.8415971398353577 
58.0, 0.8454877734184265 
59.0, 0.849878191947937 
60.0, 0.8542675971984863 
61.0, 0.858657956123352 
62.0, 0.8633801937103271 
63.0, 0.8664442300796509 
64.0, 0.8695082664489746 
65.0, 0.8725842237472534 
66.0, 0.8756721019744873 
67.0, 0.8787609934806824 
68.0, 0.881874680519104 
69.0, 0.8854027390480042 
70.0, 0.8889307379722595 
71.0, 0.8924587368965149 
72.0, 0.8965967893600464 
73.0, 0.901127278804779 
74.0, 0.905200719833374 
75.0, 0.9080759882926941 
76.0, 0.9116010069847107 
77.0, 0.9151270389556885 
78.0, 0.9186520576477051 
79.0, 0.9225009679794312 
80.0, 0.9264860153198242 
81.0, 0.9304710626602173 
82.0, 0.9340944290161133 
83.0, 0.936728298664093 
84.0, 0.9393610954284668 
85.0, 0.9419949650764465 
86.0, 0.9481816291809082 
87.0, 0.9506396055221558 
88.0, 0.9530985951423645 
89.0, 0.956092119216919 
90.0, 0.960061252117157 
91.0, 0.9640293717384338 
92.0, 0.9679985046386719 
93.0, 0.9719775915145874 
94.0, 0.9759576320648193 
95.0, 0.979937732219696 
96.0, 0.9835591316223145 
97.0, 0.9867691993713379 
98.0, 0.9898044466972351 
99.0, 0.9911913871765137 
100.0, 0.610875961829168 
