Time(Seconds), Inputs 
0.0, 0.019754281267523766 
1.0, 0.2848012447357178 
2.0, 0.32156169414520264 
3.0, 0.3519129455089569 
4.0, 0.37561747431755066 
5.0, 0.40063148736953735 
6.0, 0.42094114422798157 
7.0, 0.44023144245147705 
8.0, 0.4569266736507416 
9.0, 0.4736228585243225 
10.0, 0.4898133873939514 
11.0, 0.5058240294456482 
12.0, 0.5225401520729065 
13.0, 0.5377758741378784 
14.0, 0.5530115962028503 
15.0, 0.5671335458755493 
16.0, 0.5791522264480591 
17.0, 0.59117192029953 
18.0, 0.6031906008720398 
19.0, 0.6123707890510559 
20.0, 0.62428218126297 
21.0, 0.636193573474884 
22.0, 0.6480761170387268 
23.0, 0.6578027606010437 
24.0, 0.6675294041633606 
25.0, 0.6772559881210327 
26.0, 0.6869826316833496 
27.0, 0.6959651112556458 
28.0, 0.7045153975486755 
29.0, 0.7130666375160217 
30.0, 0.7216179370880127 
31.0, 0.7301682233810425 
32.0, 0.7376663684844971 
33.0, 0.7446647882461548 
34.0, 0.751482367515564 
35.0, 0.7581280469894409 
36.0, 0.7647727131843567 
37.0, 0.7714184522628784 
38.0, 0.7778981924057007 
39.0, 0.7841306328773499 
40.0, 0.7903630137443542 
41.0, 0.7963430285453796 
42.0, 0.8015013933181763 
43.0, 0.8066588044166565 
44.0, 0.8118162155151367 
45.0, 0.8169736266136169 
46.0, 0.8222213983535767 
47.0, 0.8274890780448914 
48.0, 0.8327577710151672 
49.0, 0.8374094367027283 
50.0, 0.8420223593711853 
51.0, 0.8466353416442871 
52.0, 0.851247251033783 
53.0, 0.8558602333068848 
54.0, 0.8604493141174316 
55.0, 0.8638283014297485 
56.0, 0.8674556612968445 
57.0, 0.8712042570114136 
58.0, 0.8749527931213379 
59.0, 0.8787003755569458 
60.0, 0.8824489712715149 
61.0, 0.8861965537071228 
62.0, 0.8899450898170471 
63.0, 0.8935685157775879 
64.0, 0.8969932198524475 
65.0, 0.900416910648346 
66.0, 0.9036965370178223 
67.0, 0.906608521938324 
68.0, 0.9095205664634705 
69.0, 0.9124326109886169 
70.0, 0.915249228477478 
71.0, 0.9173356294631958 
72.0, 0.9194220304489136 
73.0, 0.9215084314346313 
74.0, 0.9235948324203491 
75.0, 0.9256812334060669 
76.0, 0.9277666807174683 
77.0, 0.929853081703186 
78.0, 0.933926522731781 
79.0, 0.9383715987205505 
80.0, 0.9428166151046753 
81.0, 0.9463644623756409 
82.0, 0.9487161636352539 
83.0, 0.9510678648948669 
84.0, 0.9534195065498352 
85.0, 0.9558536410331726 
86.0, 0.9583543539047241 
87.0, 0.9608540534973145 
88.0, 0.9633538126945496 
89.0, 0.9658544659614563 
90.0, 0.9683542251586914 
91.0, 0.9708539247512817 
92.0, 0.9735990166664124 
93.0, 0.9769929051399231 
94.0, 0.980387806892395 
95.0, 0.9837816953659058 
96.0, 0.9871755838394165 
97.0, 0.9882783889770508 
98.0, 0.9888198375701904 
99.0, 0.9893603324890137 
100.0, 0.28948982068566126 
