Time(Seconds), Inputs 
0.0, 0.21393002569675446 
1.0, 0.31354594230651855 
2.0, 0.34821802377700806 
3.0, 0.37394338846206665 
4.0, 0.3965659737586975 
5.0, 0.4177936613559723 
6.0, 0.4375101923942566 
7.0, 0.45488297939300537 
8.0, 0.47225677967071533 
9.0, 0.4871775507926941 
10.0, 0.5019661784172058 
11.0, 0.5165461897850037 
12.0, 0.528687059879303 
13.0, 0.5420837998390198 
14.0, 0.5555400848388672 
15.0, 0.5682790875434875 
16.0, 0.5808561444282532 
17.0, 0.5934321880340576 
18.0, 0.6051846146583557 
19.0, 0.6151785254478455 
20.0, 0.6251723766326904 
21.0, 0.635010302066803 
22.0, 0.6444567441940308 
23.0, 0.654172420501709 
24.0, 0.6638880968093872 
25.0, 0.6736037731170654 
26.0, 0.6833195090293884 
27.0, 0.6912647485733032 
28.0, 0.6981826424598694 
29.0, 0.7051015496253967 
30.0, 0.7136637568473816 
31.0, 0.7234917283058167 
32.0, 0.7321781516075134 
33.0, 0.7391964197158813 
34.0, 0.7462136745452881 
35.0, 0.753231942653656 
36.0, 0.7602491974830627 
37.0, 0.7672674655914307 
38.0, 0.7717751264572144 
39.0, 0.777418315410614 
40.0, 0.7838742733001709 
41.0, 0.7903302311897278 
42.0, 0.7967871427536011 
43.0, 0.8032430410385132 
44.0, 0.8096989989280701 
45.0, 0.8157266974449158 
46.0, 0.8207539916038513 
47.0, 0.8257633447647095 
48.0, 0.8307011723518372 
49.0, 0.8356389999389648 
50.0, 0.8405758142471313 
51.0, 0.845513641834259 
52.0, 0.8504504561424255 
53.0, 0.8553882837295532 
54.0, 0.8591547608375549 
55.0, 0.8625128865242004 
56.0, 0.8664025068283081 
57.0, 0.8708574771881104 
58.0, 0.8753114938735962 
59.0, 0.8797664642333984 
60.0, 0.8842214345932007 
61.0, 0.8886753916740417 
62.0, 0.893130362033844 
63.0, 0.8975843191146851 
64.0, 0.899109423160553 
65.0, 0.9018664360046387 
66.0, 0.9053497314453125 
67.0, 0.9088330268859863 
68.0, 0.9123163223266602 
69.0, 0.9157996773719788 
70.0, 0.919283926486969 
71.0, 0.9227672219276428 
72.0, 0.9262505769729614 
73.0, 0.9297398328781128 
74.0, 0.9332897067070007 
75.0, 0.9368385672569275 
76.0, 0.9403884410858154 
77.0, 0.9432905316352844 
78.0, 0.9458746910095215 
79.0, 0.9484588503837585 
80.0, 0.9510430097579956 
81.0, 0.9536271691322327 
82.0, 0.9562907814979553 
83.0, 0.9590776562690735 
84.0, 0.9618644714355469 
85.0, 0.964651346206665 
86.0, 0.9674391746520996 
87.0, 0.970225989818573 
88.0, 0.9730128645896912 
89.0, 0.9757996797561646 
90.0, 0.9785865545272827 
91.0, 0.9841492772102356 
92.0, 0.9860250353813171 
93.0, 0.9879018068313599 
94.0, 0.9897776246070862 
95.0, 0.9916533827781677 
96.0, 0.9935301542282104 
97.0, 0.995405912399292 
98.0, 0.9972817301750183 
99.0, 0.999158501625061 
100.0, 0.24235114269776314 
