Time(Seconds), Inputs 
0.0, 0.04824662581086159 
1.0, 0.224899560213089 
2.0, 0.27790218591690063 
3.0, 0.31756672263145447 
4.0, 0.3517172038555145 
5.0, 0.3844062089920044 
6.0, 0.4133426547050476 
7.0, 0.43950220942497253 
8.0, 0.46443673968315125 
9.0, 0.4887830913066864 
10.0, 0.5084678530693054 
11.0, 0.5295365452766418 
12.0, 0.5475412011146545 
13.0, 0.5648851990699768 
14.0, 0.5792158246040344 
15.0, 0.5926711559295654 
16.0, 0.6067414879798889 
17.0, 0.6202921867370605 
18.0, 0.6314296126365662 
19.0, 0.6426524519920349 
20.0, 0.6538753509521484 
21.0, 0.663169801235199 
22.0, 0.6707931160926819 
23.0, 0.6784164309501648 
24.0, 0.6860387921333313 
25.0, 0.6945433616638184 
26.0, 0.7034245133399963 
27.0, 0.7088322639465332 
28.0, 0.7144625782966614 
29.0, 0.7207456231117249 
30.0, 0.7270277142524719 
31.0, 0.7333097457885742 
32.0, 0.7412341237068176 
33.0, 0.7477059364318848 
34.0, 0.7517247796058655 
35.0, 0.7561985850334167 
36.0, 0.7611125707626343 
37.0, 0.766027569770813 
38.0, 0.7708481550216675 
39.0, 0.774872899055481 
40.0, 0.7788987159729004 
41.0, 0.7829234600067139 
42.0, 0.7882109880447388 
43.0, 0.7913525700569153 
44.0, 0.7942665815353394 
45.0, 0.7975302934646606 
46.0, 0.8015660047531128 
47.0, 0.8056007027626038 
48.0, 0.8096364140510559 
49.0, 0.8136740922927856 
50.0, 0.8177117705345154 
51.0, 0.8217495083808899 
52.0, 0.825967013835907 
53.0, 0.83034348487854 
54.0, 0.8341338038444519 
55.0, 0.8377671241760254 
56.0, 0.841353714466095 
57.0, 0.8449393510818481 
58.0, 0.8485260009765625 
59.0, 0.8521126508712769 
60.0, 0.8556992411613464 
61.0, 0.8592848777770996 
62.0, 0.8632599711418152 
63.0, 0.8679812550544739 
64.0, 0.872703492641449 
65.0, 0.873809278011322 
66.0, 0.8780605792999268 
67.0, 0.8825433254241943 
68.0, 0.8870261311531067 
69.0, 0.8907598257064819 
70.0, 0.8938953876495361 
71.0, 0.8970319628715515 
72.0, 0.9002410173416138 
73.0, 0.9038206934928894 
74.0, 0.907400369644165 
75.0, 0.9109800457954407 
76.0, 0.9163609743118286 
77.0, 0.9192680716514587 
78.0, 0.9221651554107666 
79.0, 0.9254785776138306 
80.0, 0.9294894337654114 
81.0, 0.9335002899169922 
82.0, 0.9375112056732178 
83.0, 0.9406834840774536 
84.0, 0.9438230395317078 
85.0, 0.9469615817070007 
86.0, 0.9518716335296631 
87.0, 0.958109974861145 
88.0, 0.960511326789856 
89.0, 0.9627199172973633 
90.0, 0.9667605757713318 
91.0, 0.9708012342453003 
92.0, 0.9748419523239136 
93.0, 0.9785110354423523 
94.0, 0.9820837378501892 
95.0, 0.9856564402580261 
96.0, 0.9892361164093018 
97.0, 0.9928237795829773 
98.0, 0.9964113831520081 
99.0, 1.0 
100.0, 0.6208019110965385 
