Time(Seconds), Inputs 
0.0, 0.17595845460891724 
1.0, 0.25080376863479614 
2.0, 0.2953226864337921 
3.0, 0.3316340744495392 
4.0, 0.36387398838996887 
5.0, 0.3942510485649109 
6.0, 0.4194578230381012 
7.0, 0.4444449841976166 
8.0, 0.4675872027873993 
9.0, 0.4889947175979614 
10.0, 0.5100594758987427 
11.0, 0.528648316860199 
12.0, 0.5457359552383423 
13.0, 0.5647640228271484 
14.0, 0.5805600881576538 
15.0, 0.596355140209198 
16.0, 0.6090543866157532 
17.0, 0.6218997240066528 
18.0, 0.6355795860290527 
19.0, 0.648720920085907 
20.0, 0.6586909890174866 
21.0, 0.6694756746292114 
22.0, 0.6811893582344055 
23.0, 0.6916849613189697 
24.0, 0.6987330317497253 
25.0, 0.7060056924819946 
26.0, 0.7151947617530823 
27.0, 0.7243849039077759 
28.0, 0.7332441806793213 
29.0, 0.739815354347229 
30.0, 0.7461888194084167 
31.0, 0.752490758895874 
32.0, 0.7587937116622925 
33.0, 0.7650966048240662 
34.0, 0.771556556224823 
35.0, 0.7773478031158447 
36.0, 0.7821832895278931 
37.0, 0.7870187759399414 
38.0, 0.7918145656585693 
39.0, 0.7952948808670044 
40.0, 0.7987751960754395 
41.0, 0.8022555112838745 
42.0, 0.8057358264923096 
43.0, 0.8100675940513611 
44.0, 0.8148325681686401 
45.0, 0.8187867999076843 
46.0, 0.8216610550880432 
47.0, 0.8249426484107971 
48.0, 0.8291244506835938 
49.0, 0.8333051800727844 
50.0, 0.8374859690666199 
51.0, 0.8416677117347717 
52.0, 0.8448678255081177 
53.0, 0.848015308380127 
54.0, 0.851162850856781 
55.0, 0.8543103337287903 
56.0, 0.8578671216964722 
57.0, 0.861304759979248 
58.0, 0.8641800284385681 
59.0, 0.8670552968978882 
60.0, 0.8699921369552612 
61.0, 0.8731237053871155 
62.0, 0.8762562870979309 
63.0, 0.8793879151344299 
64.0, 0.8825204968452454 
65.0, 0.8859750032424927 
66.0, 0.8894791603088379 
67.0, 0.8929833173751831 
68.0, 0.8964874744415283 
69.0, 0.8995525240898132 
70.0, 0.902228057384491 
71.0, 0.9045777916908264 
72.0, 0.9068589210510254 
73.0, 0.9093874096870422 
74.0, 0.9132283926010132 
75.0, 0.9170693755149841 
76.0, 0.9209093451499939 
77.0, 0.9247503280639648 
78.0, 0.9274646639823914 
79.0, 0.9299057126045227 
80.0, 0.9323458075523376 
81.0, 0.9347859621047974 
82.0, 0.9379403591156006 
83.0, 0.9419909715652466 
84.0, 0.9456789493560791 
85.0, 0.9478389024734497 
86.0, 0.9500762820243835 
87.0, 0.9532158374786377 
88.0, 0.9563543796539307 
89.0, 0.9594939351081848 
90.0, 0.962633490562439 
91.0, 0.9655226469039917 
92.0, 0.9683144688606262 
93.0, 0.9711072444915771 
94.0, 0.9738990664482117 
95.0, 0.9771210551261902 
96.0, 0.9810951948165894 
97.0, 0.9850683212280273 
98.0, 0.9881899356842041 
99.0, 0.9893573522567749 
100.0, 0.4836377262720417 
