Time(Seconds), Inputs 
0.0, 0.16492435336112976 
1.0, 0.24239157140254974 
2.0, 0.2899894416332245 
3.0, 0.32752782106399536 
4.0, 0.360627144575119 
5.0, 0.3911741077899933 
6.0, 0.4202585816383362 
7.0, 0.44549715518951416 
8.0, 0.4693407714366913 
9.0, 0.49106621742248535 
10.0, 0.5099014639854431 
11.0, 0.5294749140739441 
12.0, 0.5487006902694702 
13.0, 0.5642334818840027 
14.0, 0.5799957513809204 
15.0, 0.5952751636505127 
16.0, 0.6087027192115784 
17.0, 0.6221311688423157 
18.0, 0.6349496841430664 
19.0, 0.6454045176506042 
20.0, 0.6558583974838257 
21.0, 0.6663132905960083 
22.0, 0.6772192120552063 
23.0, 0.6859066486358643 
24.0, 0.6945940256118774 
25.0, 0.7032814025878906 
26.0, 0.7113091349601746 
27.0, 0.7188549637794495 
28.0, 0.7262080311775208 
29.0, 0.7335601449012756 
30.0, 0.7392619848251343 
31.0, 0.744350790977478 
32.0, 0.7494386434555054 
33.0, 0.7545264959335327 
34.0, 0.7616341710090637 
35.0, 0.7670767307281494 
36.0, 0.7725182771682739 
37.0, 0.7779608368873596 
38.0, 0.7815176248550415 
39.0, 0.7850446701049805 
40.0, 0.7885707020759583 
41.0, 0.7925209403038025 
42.0, 0.7998551726341248 
43.0, 0.8039941787719727 
44.0, 0.8065068125724792 
45.0, 0.8094585537910461 
46.0, 0.8137485980987549 
47.0, 0.8180386424064636 
48.0, 0.8223286867141724 
49.0, 0.8263475298881531 
50.0, 0.8298745155334473 
51.0, 0.8334015607833862 
52.0, 0.8369285464286804 
53.0, 0.8426463007926941 
54.0, 0.8469631671905518 
55.0, 0.849894106388092 
56.0, 0.8528249859809875 
57.0, 0.8561175465583801 
58.0, 0.8596296310424805 
59.0, 0.8631407618522644 
60.0, 0.8666529059410095 
61.0, 0.8698878288269043 
62.0, 0.8730223774909973 
63.0, 0.8761559724807739 
64.0, 0.8792905211448669 
65.0, 0.8839601278305054 
66.0, 0.888148844242096 
67.0, 0.8907707333564758 
68.0, 0.8933946490287781 
69.0, 0.8965302109718323 
70.0, 0.8996647596359253 
71.0, 0.9028003811836243 
72.0, 0.9059339165687561 
73.0, 0.9090566039085388 
74.0, 0.9121792316436768 
75.0, 0.9153019189834595 
76.0, 0.9186550378799438 
77.0, 0.9227344393730164 
78.0, 0.9268128871917725 
79.0, 0.9302614331245422 
80.0, 0.9323487877845764 
81.0, 0.9350869655609131 
82.0, 0.9378251433372498 
83.0, 0.9405632615089417 
84.0, 0.9436919093132019 
85.0, 0.9472199082374573 
86.0, 0.9507479071617126 
87.0, 0.9542769193649292 
88.0, 0.9573171138763428 
89.0, 0.9600622057914734 
90.0, 0.9628073573112488 
91.0, 0.965551495552063 
92.0, 0.9690804481506348 
93.0, 0.9726025462150574 
94.0, 0.974602460861206 
95.0, 0.9766034483909607 
96.0, 0.9795939922332764 
97.0, 0.9827285408973694 
98.0, 0.9858630895614624 
99.0, 0.9889976978302002 
100.0, 0.5441110718407078 
