Time(Seconds), Inputs 
0.0, 0.10776381194591522 
1.0, 0.21333888173103333 
2.0, 0.26465749740600586 
3.0, 0.3068823516368866 
4.0, 0.3431589901447296 
5.0, 0.3757307529449463 
6.0, 0.405477911233902 
7.0, 0.4317527115345001 
8.0, 0.4566614031791687 
9.0, 0.4790097773075104 
10.0, 0.499961256980896 
11.0, 0.5193995833396912 
12.0, 0.5358682870864868 
13.0, 0.5528615713119507 
14.0, 0.569855809211731 
15.0, 0.5808541774749756 
16.0, 0.5940551161766052 
17.0, 0.6072571277618408 
18.0, 0.6184680461883545 
19.0, 0.6285672783851624 
20.0, 0.6386664509773254 
21.0, 0.6487825512886047 
22.0, 0.6590446829795837 
23.0, 0.666261613368988 
24.0, 0.6726241707801819 
25.0, 0.6791715025901794 
26.0, 0.685718834400177 
27.0, 0.6925761699676514 
28.0, 0.7025133967399597 
29.0, 0.708253026008606 
30.0, 0.713316023349762 
31.0, 0.7178574204444885 
32.0, 0.7223998308181763 
33.0, 0.726942241191864 
34.0, 0.7314866185188293 
35.0, 0.7360320091247559 
36.0, 0.7421759963035583 
37.0, 0.7499254941940308 
38.0, 0.7543447017669678 
39.0, 0.7587320804595947 
40.0, 0.7627658247947693 
41.0, 0.7667985558509827 
42.0, 0.7708709836006165 
43.0, 0.7754173874855042 
44.0, 0.7799637317657471 
45.0, 0.784607470035553 
46.0, 0.7897559404373169 
47.0, 0.7931568026542664 
48.0, 0.7966381311416626 
49.0, 0.8011825084686279 
50.0, 0.8057268857955933 
51.0, 0.8101689219474792 
52.0, 0.8131962418556213 
53.0, 0.8162235021591187 
54.0, 0.8193878531455994 
55.0, 0.8246406316757202 
56.0, 0.8298934102058411 
57.0, 0.8299510478973389 
58.0, 0.8350120782852173 
59.0, 0.8400731086730957 
60.0, 0.8450765013694763 
61.0, 0.8491171598434448 
62.0, 0.8531578183174133 
63.0, 0.8571707010269165 
64.0, 0.8607036471366882 
65.0, 0.8642366528511047 
66.0, 0.8678421378135681 
67.0, 0.8728465437889099 
68.0, 0.8764917850494385 
69.0, 0.8798786997795105 
70.0, 0.8834156394004822 
71.0, 0.886953592300415 
72.0, 0.8905313014984131 
73.0, 0.8950737118721008 
74.0, 0.8996151089668274 
75.0, 0.9041028618812561 
76.0, 0.9071281552314758 
77.0, 0.9101524353027344 
78.0, 0.9133426547050476 
79.0, 0.9181026220321655 
80.0, 0.9209520816802979 
81.0, 0.9238382577896118 
82.0, 0.9278669953346252 
83.0, 0.9318947792053223 
84.0, 0.9359126091003418 
85.0, 0.9394475817680359 
86.0, 0.94298255443573 
87.0, 0.9465333819389343 
88.0, 0.9510241150856018 
89.0, 0.9555148482322693 
90.0, 0.9586554169654846 
91.0, 0.9621863961219788 
92.0, 0.9657173752784729 
93.0, 0.969248354434967 
94.0, 0.9727823734283447 
95.0, 0.9763163328170776 
96.0, 0.9798513054847717 
97.0, 0.9833812713623047 
98.0, 0.9869122505187988 
99.0, 0.9904432892799377 
100.0, 0.701716920954356 
