Time(Seconds), Inputs 
0.0, 0.20783574879169464 
1.0, 0.27130913734436035 
2.0, 0.3099324703216553 
3.0, 0.3415623903274536 
4.0, 0.3696861267089844 
5.0, 0.39488592743873596 
6.0, 0.41742804646492004 
7.0, 0.4392727017402649 
8.0, 0.4607408046722412 
9.0, 0.478247731924057 
10.0, 0.49560266733169556 
11.0, 0.5130131840705872 
12.0, 0.530340313911438 
13.0, 0.5476683974266052 
14.0, 0.5612478852272034 
15.0, 0.5742809772491455 
16.0, 0.590864896774292 
17.0, 0.6053425669670105 
18.0, 0.6185058355331421 
19.0, 0.6316680312156677 
20.0, 0.6433966159820557 
21.0, 0.6543611884117126 
22.0, 0.6659069657325745 
23.0, 0.6774527430534363 
24.0, 0.6876661777496338 
25.0, 0.6961687803268433 
26.0, 0.7048561573028564 
27.0, 0.7150169610977173 
28.0, 0.7251787185668945 
29.0, 0.7331597208976746 
30.0, 0.74080491065979 
31.0, 0.7484501004219055 
32.0, 0.7560674548149109 
33.0, 0.7636560201644897 
34.0, 0.7707398533821106 
35.0, 0.7765191793441772 
36.0, 0.7822995185852051 
37.0, 0.7880789041519165 
38.0, 0.7942079305648804 
39.0, 0.8003946542739868 
40.0, 0.8065823316574097 
41.0, 0.8123904466629028 
42.0, 0.8163456916809082 
43.0, 0.8204588890075684 
44.0, 0.8250499963760376 
45.0, 0.8296410441398621 
46.0, 0.8342321515083313 
47.0, 0.8388231992721558 
48.0, 0.843414306640625 
49.0, 0.8487256765365601 
50.0, 0.8543917536735535 
51.0, 0.857024610042572 
52.0, 0.8596574664115906 
53.0, 0.8622903227806091 
54.0, 0.8649231791496277 
55.0, 0.8687095046043396 
56.0, 0.872512698173523 
57.0, 0.8763149380683899 
58.0, 0.8801171779632568 
59.0, 0.883919358253479 
60.0, 0.8879044055938721 
61.0, 0.892179548740387 
62.0, 0.8964546918869019 
63.0, 0.8990756273269653 
64.0, 0.901502788066864 
65.0, 0.9039300084114075 
66.0, 0.9067744612693787 
67.0, 0.9097480773925781 
68.0, 0.9127227067947388 
69.0, 0.9156973361968994 
70.0, 0.9186709523200989 
71.0, 0.9215710163116455 
72.0, 0.923998236656189 
73.0, 0.9264264106750488 
74.0, 0.9288535714149475 
75.0, 0.9312817454338074 
76.0, 0.9337089657783508 
77.0, 0.9402731657028198 
78.0, 0.9421956539154053 
79.0, 0.9441181421279907 
80.0, 0.9460415840148926 
81.0, 0.947964072227478 
82.0, 0.9498875141143799 
83.0, 0.9527339935302734 
84.0, 0.9557205438613892 
85.0, 0.9587070941925049 
86.0, 0.961694598197937 
87.0, 0.9646811485290527 
88.0, 0.9674481153488159 
89.0, 0.9696070551872253 
90.0, 0.9717669486999512 
91.0, 0.9739269018173218 
92.0, 0.9760858416557312 
93.0, 0.978245735168457 
94.0, 0.9808647036552429 
95.0, 0.983235239982605 
96.0, 0.9852292537689209 
97.0, 0.9872232675552368 
98.0, 0.9892172813415527 
99.0, 0.9912112951278687 
100.0, 0.3748270091424338 
