Time(Seconds), Inputs 
0.0, 0.10335752367973328 
1.0, 0.19961431622505188 
2.0, 0.25334519147872925 
3.0, 0.2983827292919159 
4.0, 0.338060200214386 
5.0, 0.3720507323741913 
6.0, 0.4036140441894531 
7.0, 0.42929670214653015 
8.0, 0.45282140374183655 
9.0, 0.47564470767974854 
10.0, 0.4954158663749695 
11.0, 0.5121935606002808 
12.0, 0.5289960503578186 
13.0, 0.5450206398963928 
14.0, 0.5577467083930969 
15.0, 0.570472776889801 
16.0, 0.5802977681159973 
17.0, 0.5895395874977112 
18.0, 0.5990933179855347 
19.0, 0.6106470227241516 
20.0, 0.6183468699455261 
21.0, 0.6256890296936035 
22.0, 0.6336799263954163 
23.0, 0.6414781212806702 
24.0, 0.6485530138015747 
25.0, 0.6556289196014404 
26.0, 0.6602666974067688 
27.0, 0.6670773029327393 
28.0, 0.6734945178031921 
29.0, 0.6790135502815247 
30.0, 0.6845325827598572 
31.0, 0.6902523040771484 
32.0, 0.6960117816925049 
33.0, 0.7011930346488953 
34.0, 0.7067418694496155 
35.0, 0.7122896909713745 
36.0, 0.7161425948143005 
37.0, 0.7198445200920105 
38.0, 0.7241137027740479 
39.0, 0.729048490524292 
40.0, 0.7339922785758972 
41.0, 0.7417606711387634 
42.0, 0.7458033561706543 
43.0, 0.7499890923500061 
44.0, 0.7542900443077087 
45.0, 0.7585930228233337 
46.0, 0.762915849685669 
47.0, 0.7672386765480042 
48.0, 0.7711620926856995 
49.0, 0.7748520374298096 
50.0, 0.779036819934845 
51.0, 0.7847515344619751 
52.0, 0.7877092957496643 
53.0, 0.7911906242370605 
54.0, 0.7948765754699707 
55.0, 0.7987235188484192 
56.0, 0.8030503392219543 
57.0, 0.8073761463165283 
58.0, 0.8116940259933472 
59.0, 0.8160098791122437 
60.0, 0.8206148743629456 
61.0, 0.8257812261581421 
62.0, 0.8290956020355225 
63.0, 0.8321655988693237 
64.0, 0.835239589214325 
65.0, 0.8390874862670898 
66.0, 0.8440442085266113 
67.0, 0.8489999175071716 
68.0, 0.8545129895210266 
69.0, 0.8600459694862366 
70.0, 0.8649877309799194 
71.0, 0.8691784143447876 
72.0, 0.8720993995666504 
73.0, 0.8770501613616943 
74.0, 0.8820018768310547 
75.0, 0.8869367241859436 
76.0, 0.8918586373329163 
77.0, 0.8968570828437805 
78.0, 0.9023959636688232 
79.0, 0.9079349040985107 
80.0, 0.9129502177238464 
81.0, 0.9162785410881042 
82.0, 0.9199456572532654 
83.0, 0.9248864650726318 
84.0, 0.9298272728919983 
85.0, 0.9347521662712097 
86.0, 0.9396710991859436 
87.0, 0.9445115923881531 
88.0, 0.9491622447967529 
89.0, 0.9538467526435852 
90.0, 0.9583802223205566 
91.0, 0.9620761275291443 
92.0, 0.9662310481071472 
93.0, 0.9711529612541199 
94.0, 0.9760739207267761 
95.0, 0.9798910021781921 
96.0, 0.9835988879203796 
97.0, 0.9884234070777893 
98.0, 0.9945634007453918 
99.0, 0.997734785079956 
100.0, 0.8573384318618288 
