Time(Seconds), Inputs 
0.0, 0.14264652132987976 
1.0, 0.27367672324180603 
2.0, 0.31343069672584534 
3.0, 0.345420241355896 
4.0, 0.37450870871543884 
5.0, 0.3999072015285492 
6.0, 0.4238581359386444 
7.0, 0.44474107027053833 
8.0, 0.46514809131622314 
9.0, 0.48437678813934326 
10.0, 0.5040188431739807 
11.0, 0.5210577845573425 
12.0, 0.5380967855453491 
13.0, 0.5546498894691467 
14.0, 0.5709059834480286 
15.0, 0.585290253162384 
16.0, 0.5982050895690918 
17.0, 0.6111130118370056 
18.0, 0.6240208745002747 
19.0, 0.6369436979293823 
20.0, 0.6494323015213013 
21.0, 0.6608101725578308 
22.0, 0.6721383333206177 
23.0, 0.6811486482620239 
24.0, 0.6901589035987854 
25.0, 0.6991692185401917 
26.0, 0.7093468904495239 
27.0, 0.718624472618103 
28.0, 0.7269988656044006 
29.0, 0.735373318195343 
30.0, 0.7437477111816406 
31.0, 0.7511286735534668 
32.0, 0.7580823302268982 
33.0, 0.764153778553009 
34.0, 0.7701835036277771 
35.0, 0.7762131690979004 
36.0, 0.7819607257843018 
37.0, 0.7873396873474121 
38.0, 0.7927186489105225 
39.0, 0.7980976104736328 
40.0, 0.8036265969276428 
41.0, 0.809143602848053 
42.0, 0.8137138485908508 
43.0, 0.8182830810546875 
44.0, 0.8228532671928406 
45.0, 0.8274235129356384 
46.0, 0.8319927453994751 
47.0, 0.8367875218391418 
48.0, 0.8416249752044678 
49.0, 0.8455672860145569 
50.0, 0.8490227460861206 
51.0, 0.8524772524833679 
52.0, 0.8559228181838989 
53.0, 0.8593594431877136 
54.0, 0.8627970218658447 
55.0, 0.8662346005439758 
56.0, 0.8696712255477905 
57.0, 0.8732568621635437 
58.0, 0.8772259950637817 
59.0, 0.8811941146850586 
60.0, 0.8851632475852966 
61.0, 0.8878706097602844 
62.0, 0.8903405666351318 
63.0, 0.8937821388244629 
64.0, 0.8972246646881104 
65.0, 0.9006682634353638 
66.0, 0.9041118025779724 
67.0, 0.907555341720581 
68.0, 0.9103849530220032 
69.0, 0.9129661321640015 
70.0, 0.9155482649803162 
71.0, 0.9181304574012756 
72.0, 0.9207116365432739 
73.0, 0.9245834350585938 
74.0, 0.9290046095848083 
75.0, 0.9311625361442566 
76.0, 0.9333195090293884 
77.0, 0.9354764223098755 
78.0, 0.937724769115448 
79.0, 0.9406000375747681 
80.0, 0.9434753060340881 
81.0, 0.9463505744934082 
82.0, 0.9492258429527283 
83.0, 0.9521011114120483 
84.0, 0.9547329545021057 
85.0, 0.9573220610618591 
86.0, 0.9599112272262573 
87.0, 0.9624993801116943 
88.0, 0.9650884866714478 
89.0, 0.9687843918800354 
90.0, 0.9719328880310059 
91.0, 0.97405606508255 
92.0, 0.9761782288551331 
93.0, 0.9783014059066772 
94.0, 0.9804742336273193 
95.0, 0.9827712774276733 
96.0, 0.9850683212280273 
97.0, 0.9873653054237366 
98.0, 0.9896623492240906 
99.0, 0.9919593930244446 
100.0, 0.39876681471135544 
