Time(Seconds), Inputs 
0.0, 0.2411576211452484 
1.0, 0.3009500205516815 
2.0, 0.33351680636405945 
3.0, 0.359849214553833 
4.0, 0.38119611144065857 
5.0, 0.4020750820636749 
6.0, 0.42208966612815857 
7.0, 0.43915048241615295 
8.0, 0.4561845064163208 
9.0, 0.4715692400932312 
10.0, 0.486954003572464 
11.0, 0.5017853379249573 
12.0, 0.514894962310791 
13.0, 0.52800452709198 
14.0, 0.5414339900016785 
15.0, 0.5536543726921082 
16.0, 0.565875768661499 
17.0, 0.5780961513519287 
18.0, 0.5893508195877075 
19.0, 0.5997271537780762 
20.0, 0.6101035475730896 
21.0, 0.620479941368103 
22.0, 0.6304599046707153 
23.0, 0.639875590801239 
24.0, 0.64924156665802 
25.0, 0.6585786938667297 
26.0, 0.6679158806800842 
27.0, 0.676935076713562 
28.0, 0.6859026551246643 
29.0, 0.6948712468147278 
30.0, 0.7038387656211853 
31.0, 0.7126175761222839 
32.0, 0.7197699546813965 
33.0, 0.7269620895385742 
34.0, 0.7343231439590454 
35.0, 0.7416841983795166 
36.0, 0.7490462064743042 
37.0, 0.756079375743866 
38.0, 0.7621557712554932 
39.0, 0.7682331800460815 
40.0, 0.7743105888366699 
41.0, 0.7803869843482971 
42.0, 0.7864643931388855 
43.0, 0.7932472229003906 
44.0, 0.7995203137397766 
45.0, 0.8048326969146729 
46.0, 0.8101450800895691 
47.0, 0.8154574632644653 
48.0, 0.8207698464393616 
49.0, 0.8260822296142578 
50.0, 0.831394612789154 
51.0, 0.8367069959640503 
52.0, 0.8425886631011963 
53.0, 0.8469582200050354 
54.0, 0.8513287305831909 
55.0, 0.85569828748703 
56.0, 0.8600677847862244 
57.0, 0.8644373416900635 
58.0, 0.8688068389892578 
59.0, 0.8731763958930969 
60.0, 0.8775469064712524 
61.0, 0.8819164037704468 
62.0, 0.8854156136512756 
63.0, 0.8889615535736084 
64.0, 0.8925064206123352 
65.0, 0.8960523009300232 
66.0, 0.899598240852356 
67.0, 0.9031431078910828 
68.0, 0.9066889882087708 
69.0, 0.9102349281311035 
70.0, 0.9137797951698303 
71.0, 0.9172641038894653 
72.0, 0.920646071434021 
73.0, 0.9240290522575378 
74.0, 0.9272609949111938 
75.0, 0.9304213523864746 
76.0, 0.9335808157920837 
77.0, 0.9367402195930481 
78.0, 0.9398996233940125 
79.0, 0.943060040473938 
80.0, 0.9462194442749023 
81.0, 0.9487836956977844 
82.0, 0.951296329498291 
83.0, 0.9538089632987976 
84.0, 0.9563215970993042 
85.0, 0.9588342308998108 
86.0, 0.9613468647003174 
87.0, 0.963859498500824 
88.0, 0.9663721323013306 
89.0, 0.9677968621253967 
90.0, 0.9688857197761536 
91.0, 0.9713039994239807 
92.0, 0.9737212061882019 
93.0, 0.976139485836029 
94.0, 0.9785577058792114 
95.0, 0.9809749722480774 
96.0, 0.9833931922912598 
97.0, 0.9858114719390869 
98.0, 0.9882286787033081 
99.0, 0.9906469583511353 
100.0, 0.22290590574819344 
