Time(Seconds), Inputs 
0.0, 0.22917668521404266 
1.0, 0.2928716540336609 
2.0, 0.3309107720851898 
3.0, 0.36153125762939453 
4.0, 0.3851950764656067 
5.0, 0.4089353680610657 
6.0, 0.4302266538143158 
7.0, 0.4505065083503723 
8.0, 0.4692921042442322 
9.0, 0.48772498965263367 
10.0, 0.5040704607963562 
11.0, 0.5204159617424011 
12.0, 0.5377997159957886 
13.0, 0.5522515177726746 
14.0, 0.5667043328285217 
15.0, 0.579842746257782 
16.0, 0.5925539135932922 
17.0, 0.6052650809288025 
18.0, 0.6154775619506836 
19.0, 0.6274783611297607 
20.0, 0.6396868228912354 
21.0, 0.6518942713737488 
22.0, 0.6626720428466797 
23.0, 0.6725337505340576 
24.0, 0.6823955178260803 
25.0, 0.6921549439430237 
26.0, 0.7013043165206909 
27.0, 0.7097164988517761 
28.0, 0.7181276679039001 
29.0, 0.7265398502349854 
30.0, 0.7349520325660706 
31.0, 0.743322491645813 
32.0, 0.7509070634841919 
33.0, 0.7577981948852539 
34.0, 0.7646892666816711 
35.0, 0.7715803980827332 
36.0, 0.7784714698791504 
37.0, 0.7852036356925964 
38.0, 0.7912939190864563 
39.0, 0.7971398234367371 
40.0, 0.8028843998908997 
41.0, 0.8086289763450623 
42.0, 0.8143725395202637 
43.0, 0.8201171159744263 
44.0, 0.8258616924285889 
45.0, 0.832337498664856 
46.0, 0.8364417552947998 
47.0, 0.8404824137687683 
48.0, 0.8445230722427368 
49.0, 0.8485637307167053 
50.0, 0.852605402469635 
51.0, 0.8566461205482483 
52.0, 0.8609877824783325 
53.0, 0.8663836717605591 
54.0, 0.87081378698349 
55.0, 0.8744123578071594 
56.0, 0.8780108690261841 
57.0, 0.8816094398498535 
58.0, 0.885208010673523 
59.0, 0.8886913061141968 
60.0, 0.8920503854751587 
61.0, 0.8954095244407654 
62.0, 0.8987686038017273 
63.0, 0.902127742767334 
64.0, 0.9054868221282959 
65.0, 0.9088469743728638 
66.0, 0.9113009572029114 
67.0, 0.914566695690155 
68.0, 0.9178482890129089 
69.0, 0.9211299419403076 
70.0, 0.9244115352630615 
71.0, 0.9276931285858154 
72.0, 0.9309737682342529 
73.0, 0.9341282248497009 
74.0, 0.9372806549072266 
75.0, 0.9404321312904358 
76.0, 0.9435846209526062 
77.0, 0.9467360973358154 
78.0, 0.9498885273933411 
79.0, 0.9530419707298279 
80.0, 0.9556251168251038 
81.0, 0.9580334424972534 
82.0, 0.9604417681694031 
83.0, 0.9628500938415527 
84.0, 0.9652593731880188 
85.0, 0.9676676988601685 
86.0, 0.9702101349830627 
87.0, 0.9728996157646179 
88.0, 0.9755890369415283 
89.0, 0.9782795310020447 
90.0, 0.9809690117835999 
91.0, 0.9836594462394714 
92.0, 0.9863489270210266 
93.0, 0.9889649152755737 
94.0, 0.991550087928772 
95.0, 0.9941362142562866 
96.0, 0.9964034557342529 
97.0, 0.9973522424697876 
98.0, 0.998301088809967 
99.0, 0.9992498755455017 
100.0, 0.3123373885938877 
