Time(Seconds), Inputs 
0.0, 0.27373236417770386 
1.0, 0.3311671018600464 
2.0, 0.3614348769187927 
3.0, 0.38443899154663086 
4.0, 0.40657079219818115 
5.0, 0.42441949248313904 
6.0, 0.4422691762447357 
7.0, 0.4582172632217407 
8.0, 0.4732940196990967 
9.0, 0.4869897663593292 
10.0, 0.49997615814208984 
11.0, 0.5128333568572998 
12.0, 0.525691568851471 
13.0, 0.5375006198883057 
14.0, 0.5483479499816895 
15.0, 0.5591942667961121 
16.0, 0.5700406432151794 
17.0, 0.5809614658355713 
18.0, 0.591935932636261 
19.0, 0.6029094457626343 
20.0, 0.6122794151306152 
21.0, 0.6210283637046814 
22.0, 0.6295051574707031 
23.0, 0.6379818916320801 
24.0, 0.6464586853981018 
25.0, 0.6549354195594788 
26.0, 0.663231372833252 
27.0, 0.6712381839752197 
28.0, 0.6792460083961487 
29.0, 0.6872528791427612 
30.0, 0.695259690284729 
31.0, 0.7040553689002991 
32.0, 0.7109465003013611 
33.0, 0.7178385853767395 
34.0, 0.7247306704521179 
35.0, 0.7316217422485352 
36.0, 0.7385138273239136 
37.0, 0.7454049587249756 
38.0, 0.7515836954116821 
39.0, 0.757732629776001 
40.0, 0.7638825178146362 
41.0, 0.7700314521789551 
42.0, 0.7761813998222351 
43.0, 0.7836427688598633 
44.0, 0.7903828620910645 
45.0, 0.7958144545555115 
46.0, 0.8012450933456421 
47.0, 0.8066766858100891 
48.0, 0.8121073246002197 
49.0, 0.8175389170646667 
50.0, 0.8229695558547974 
51.0, 0.8284011483192444 
52.0, 0.83319491147995 
53.0, 0.8373100757598877 
54.0, 0.8417094349861145 
55.0, 0.8462746739387512 
56.0, 0.8508409261703491 
57.0, 0.8554061651229858 
58.0, 0.8599724173545837 
59.0, 0.8645376563072205 
60.0, 0.8691039085388184 
61.0, 0.8736691474914551 
62.0, 0.8778340220451355 
63.0, 0.8819710612297058 
64.0, 0.8861081004142761 
65.0, 0.8902481198310852 
66.0, 0.8944000601768494 
67.0, 0.8985510468482971 
68.0, 0.9027019739151001 
69.0, 0.9068539142608643 
70.0, 0.911004900932312 
71.0, 0.915155827999115 
72.0, 0.9185169339179993 
73.0, 0.9213951826095581 
74.0, 0.9242724180221558 
75.0, 0.9271497130393982 
76.0, 0.9300269484519958 
77.0, 0.9333522915840149 
78.0, 0.9367610812187195 
79.0, 0.9401688575744629 
80.0, 0.9435766339302063 
81.0, 0.9469854235649109 
82.0, 0.9503932595252991 
83.0, 0.9538020491600037 
84.0, 0.9572098255157471 
85.0, 0.9606186151504517 
86.0, 0.96319979429245 
87.0, 0.9656696915626526 
88.0, 0.9682250618934631 
89.0, 0.9709026217460632 
90.0, 0.9735801219940186 
91.0, 0.9762576818466187 
92.0, 0.9789352416992188 
93.0, 0.98161381483078 
94.0, 0.9842913746833801 
95.0, 0.9869689345359802 
96.0, 0.9896464347839355 
97.0, 0.9923239946365356 
98.0, 0.9950025677680969 
99.0, 0.997680127620697 
100.0, 0.18492456534050988 
