Time(Seconds), Inputs 
0.0, 0.06193046271800995 
1.0, 0.24588580429553986 
2.0, 0.29243847727775574 
3.0, 0.3298189043998718 
4.0, 0.3616693615913391 
5.0, 0.3930498957633972 
6.0, 0.4198780655860901 
7.0, 0.4450242221355438 
8.0, 0.46939441561698914 
9.0, 0.4894348382949829 
10.0, 0.5111483335494995 
11.0, 0.5298425555229187 
12.0, 0.5481740832328796 
13.0, 0.563908576965332 
14.0, 0.580832302570343 
15.0, 0.597756028175354 
16.0, 0.6101731061935425 
17.0, 0.6225703358650208 
18.0, 0.6376848220825195 
19.0, 0.6495584845542908 
20.0, 0.6604534983634949 
21.0, 0.671348512172699 
22.0, 0.680846631526947 
23.0, 0.6893422603607178 
24.0, 0.6974067091941833 
25.0, 0.7054711580276489 
26.0, 0.714535117149353 
27.0, 0.7237570285797119 
28.0, 0.7297211289405823 
29.0, 0.7344235181808472 
30.0, 0.7397676706314087 
31.0, 0.7452926635742188 
32.0, 0.7508176565170288 
33.0, 0.7563426494598389 
34.0, 0.763839840888977 
35.0, 0.7704298496246338 
36.0, 0.7741754651069641 
37.0, 0.7779220342636108 
38.0, 0.7818524241447449 
39.0, 0.7859259247779846 
40.0, 0.7899983525276184 
41.0, 0.794070839881897 
42.0, 0.7986132502555847 
43.0, 0.803708016872406 
44.0, 0.8088028430938721 
45.0, 0.8127689957618713 
46.0, 0.8157117962837219 
47.0, 0.8190470933914185 
48.0, 0.8223823308944702 
49.0, 0.8257166147232056 
50.0, 0.8291472792625427 
51.0, 0.8328511714935303 
52.0, 0.8365560173988342 
53.0, 0.8402608633041382 
54.0, 0.8441107869148254 
55.0, 0.848768413066864 
56.0, 0.8534260988235474 
57.0, 0.8569292426109314 
58.0, 0.8602416515350342 
59.0, 0.8632033467292786 
60.0, 0.8661640882492065 
61.0, 0.8691257834434509 
62.0, 0.8720874786376953 
63.0, 0.8753949403762817 
64.0, 0.8787271976470947 
65.0, 0.8820604681968689 
66.0, 0.8853927850723267 
67.0, 0.8884150981903076 
68.0, 0.8913718461990356 
69.0, 0.8943285346031189 
70.0, 0.896614670753479 
71.0, 0.8992902040481567 
72.0, 0.903001070022583 
73.0, 0.9067118763923645 
74.0, 0.910422682762146 
75.0, 0.9131996035575867 
76.0, 0.9154151678085327 
77.0, 0.9176307320594788 
78.0, 0.9198462963104248 
79.0, 0.9228159189224243 
80.0, 0.926523745059967 
81.0, 0.9302316308021545 
82.0, 0.9339384436607361 
83.0, 0.9397098422050476 
84.0, 0.942457914352417 
85.0, 0.9452060461044312 
86.0, 0.9479541182518005 
87.0, 0.9507668018341064 
88.0, 0.9537165760993958 
89.0, 0.9566663503646851 
90.0, 0.9596161246299744 
91.0, 0.9627159237861633 
92.0, 0.966431736946106 
93.0, 0.970148503780365 
94.0, 0.9738643169403076 
95.0, 0.9779953956604004 
96.0, 0.9830852150917053 
97.0, 0.985683262348175 
98.0, 0.9882803559303284 
99.0, 0.9908774495124817 
100.0, 0.5135560958784529 
