Time(Seconds), Inputs 
0.0, 0.008946703746914864 
1.0, 0.2742340862751007 
2.0, 0.3123825192451477 
3.0, 0.34366071224212646 
4.0, 0.37222161889076233 
5.0, 0.3966742753982544 
6.0, 0.41994068026542664 
7.0, 0.439771443605423 
8.0, 0.46121570467948914 
9.0, 0.47963568568229675 
10.0, 0.4974287450313568 
11.0, 0.5142809748649597 
12.0, 0.5300531983375549 
13.0, 0.5458263754844666 
14.0, 0.5602126717567444 
15.0, 0.5746416449546814 
16.0, 0.5890696048736572 
17.0, 0.6015632152557373 
18.0, 0.6134577393531799 
19.0, 0.625353217124939 
20.0, 0.6386038661003113 
21.0, 0.6502231359481812 
22.0, 0.6618434190750122 
23.0, 0.6734626889228821 
24.0, 0.6836383938789368 
25.0, 0.6928821802139282 
26.0, 0.7020087242126465 
27.0, 0.710853099822998 
28.0, 0.719698429107666 
29.0, 0.7273684740066528 
30.0, 0.7348735928535461 
31.0, 0.7423776388168335 
32.0, 0.7496959567070007 
33.0, 0.7563217878341675 
34.0, 0.7629466652870178 
35.0, 0.7690091133117676 
36.0, 0.7750139832496643 
37.0, 0.781018853187561 
38.0, 0.7869840264320374 
39.0, 0.7925517559051514 
40.0, 0.7981194257736206 
41.0, 0.8036862015724182 
42.0, 0.8091525435447693 
43.0, 0.8145265579223633 
44.0, 0.8198995590209961 
45.0, 0.8242074847221375 
46.0, 0.8284766674041748 
47.0, 0.8327458500862122 
48.0, 0.8370159864425659 
49.0, 0.8412851691246033 
50.0, 0.8455543518066406 
51.0, 0.8511171340942383 
52.0, 0.8548120260238647 
53.0, 0.8585079908370972 
54.0, 0.8622028827667236 
55.0, 0.8658978343009949 
56.0, 0.8695937395095825 
57.0, 0.8734416365623474 
58.0, 0.877339243888855 
59.0, 0.8812368512153625 
60.0, 0.8851344585418701 
61.0, 0.8890320658683777 
62.0, 0.8925561308860779 
63.0, 0.8955565690994263 
64.0, 0.8988073468208313 
65.0, 0.9020591974258423 
66.0, 0.9053099751472473 
67.0, 0.9085608124732971 
68.0, 0.9118126034736633 
69.0, 0.9150654077529907 
70.0, 0.9183211922645569 
71.0, 0.921576976776123 
72.0, 0.9248318076133728 
73.0, 0.928087592124939 
74.0, 0.931342363357544 
75.0, 0.9348455667495728 
76.0, 0.9372379779815674 
77.0, 0.939630389213562 
78.0, 0.9420228004455566 
79.0, 0.9444161653518677 
80.0, 0.9468085765838623 
81.0, 0.9493241906166077 
82.0, 0.9520832300186157 
83.0, 0.9548422694206238 
84.0, 0.9576012492179871 
85.0, 0.9603613018989563 
86.0, 0.9631202816963196 
87.0, 0.9659190773963928 
88.0, 0.9688390493392944 
89.0, 0.971759021282196 
90.0, 0.9746789932250977 
91.0, 0.9776128530502319 
92.0, 0.9807464480400085 
93.0, 0.9837836623191833 
94.0, 0.986033022403717 
95.0, 0.9882833361625671 
96.0, 0.9905326962471008 
97.0, 0.9927830100059509 
98.0, 0.9950323700904846 
99.0, 0.9972826838493347 
100.0, 0.3451215513607195 
