Time(Seconds), Inputs 
0.0, 0.16139832139015198 
1.0, 0.33532005548477173 
2.0, 0.3615074157714844 
3.0, 0.38354483246803284 
4.0, 0.40087687969207764 
5.0, 0.4181721806526184 
6.0, 0.4333343803882599 
7.0, 0.44849660992622375 
8.0, 0.46288880705833435 
9.0, 0.4744485020637512 
10.0, 0.4860091507434845 
11.0, 0.49756884574890137 
12.0, 0.5081856846809387 
13.0, 0.5179897546768188 
14.0, 0.5277938842773438 
15.0, 0.5376129150390625 
16.0, 0.5473157167434692 
17.0, 0.5565008521080017 
18.0, 0.565684974193573 
19.0, 0.5748691558837891 
20.0, 0.5840542912483215 
21.0, 0.5926045775413513 
22.0, 0.6006948947906494 
23.0, 0.6087841391563416 
24.0, 0.6168744564056396 
25.0, 0.6249637603759766 
26.0, 0.632635772228241 
27.0, 0.6394374370574951 
28.0, 0.6462391018867493 
29.0, 0.6530407667160034 
30.0, 0.6598424911499023 
31.0, 0.6666441559791565 
32.0, 0.6763349771499634 
33.0, 0.6825375556945801 
34.0, 0.6887401938438416 
35.0, 0.6949427723884583 
36.0, 0.701145350933075 
37.0, 0.7073479294776917 
38.0, 0.7135505080223083 
39.0, 0.7197123765945435 
40.0, 0.7258235216140747 
41.0, 0.7319347262382507 
42.0, 0.738045871257782 
43.0, 0.7441580891609192 
44.0, 0.7502692341804504 
45.0, 0.7563804388046265 
46.0, 0.7616381645202637 
47.0, 0.7660384774208069 
48.0, 0.7708272933959961 
49.0, 0.7761337161064148 
50.0, 0.7814391255378723 
51.0, 0.786745548248291 
52.0, 0.7920510172843933 
53.0, 0.797357439994812 
54.0, 0.8025883436203003 
55.0, 0.8073433637619019 
56.0, 0.8120983839035034 
57.0, 0.816853404045105 
58.0, 0.8216084241867065 
59.0, 0.8263634443283081 
60.0, 0.8311174511909485 
61.0, 0.83587247133255 
62.0, 0.8406274914741516 
63.0, 0.8451848030090332 
64.0, 0.8489392995834351 
65.0, 0.8530097603797913 
66.0, 0.8570852279663086 
67.0, 0.8611606955528259 
68.0, 0.8652371168136597 
69.0, 0.869312584400177 
70.0, 0.8733879923820496 
71.0, 0.8774634599685669 
72.0, 0.8815388679504395 
73.0, 0.8856143355369568 
74.0, 0.8892337679862976 
75.0, 0.8926315903663635 
76.0, 0.8960304856300354 
77.0, 0.8994283080101013 
78.0, 0.902826189994812 
79.0, 0.9062240719795227 
80.0, 0.9096218943595886 
81.0, 0.9134499430656433 
82.0, 0.9176654815673828 
83.0, 0.9218810200691223 
84.0, 0.9260965585708618 
85.0, 0.9300577640533447 
86.0, 0.9330353140830994 
87.0, 0.9360129237174988 
88.0, 0.938989520072937 
89.0, 0.9419671297073364 
90.0, 0.9449437260627747 
91.0, 0.9479213356971741 
92.0, 0.9508989453315735 
93.0, 0.9538755416870117 
94.0, 0.9568531513214111 
95.0, 0.9598307609558105 
96.0, 0.9628073573112488 
97.0, 0.9657849669456482 
98.0, 0.9688648581504822 
99.0, 0.9719477891921997 
100.0, 0.1279067786866747 
