Time(Seconds), Inputs 
0.0, 0.2421809434890747 
1.0, 0.3305600583553314 
2.0, 0.3602674901485443 
3.0, 0.3836064338684082 
4.0, 0.40472084283828735 
5.0, 0.4243538975715637 
6.0, 0.4429318606853485 
7.0, 0.4606364965438843 
8.0, 0.4751916527748108 
9.0, 0.4897477924823761 
10.0, 0.5037932991981506 
11.0, 0.5166564583778381 
12.0, 0.5297322869300842 
13.0, 0.5431935787200928 
14.0, 0.5550224781036377 
15.0, 0.5668523907661438 
16.0, 0.5786812901496887 
17.0, 0.5896796584129333 
18.0, 0.59977787733078 
19.0, 0.6098770499229431 
20.0, 0.6199762225151062 
21.0, 0.6296829581260681 
22.0, 0.6390420198440552 
23.0, 0.6488908529281616 
24.0, 0.6587406396865845 
25.0, 0.6685894727706909 
26.0, 0.6766430139541626 
27.0, 0.6844620704650879 
28.0, 0.6922810673713684 
29.0, 0.7000991702079773 
30.0, 0.7079182267189026 
31.0, 0.7121804356575012 
32.0, 0.7197948098182678 
33.0, 0.7284792065620422 
34.0, 0.7371636629104614 
35.0, 0.7458470463752747 
36.0, 0.7545315027236938 
37.0, 0.7605641484260559 
38.0, 0.7665650844573975 
39.0, 0.7725669741630554 
40.0, 0.7785678505897522 
41.0, 0.7845767140388489 
42.0, 0.7906173467636108 
43.0, 0.7966579794883728 
44.0, 0.8020080924034119 
45.0, 0.8073065876960754 
46.0, 0.812605082988739 
47.0, 0.8179025650024414 
48.0, 0.8232010006904602 
49.0, 0.8284994959831238 
50.0, 0.8337979912757874 
51.0, 0.8406781554222107 
52.0, 0.8448350429534912 
53.0, 0.8489909768104553 
54.0, 0.8531478643417358 
55.0, 0.8573048114776611 
56.0, 0.8614607453346252 
57.0, 0.8656176328659058 
58.0, 0.8697745203971863 
59.0, 0.8739304542541504 
60.0, 0.8780874013900757 
61.0, 0.8839372396469116 
62.0, 0.8878050446510315 
63.0, 0.8916718363761902 
64.0, 0.8955396413803101 
65.0, 0.8994074463844299 
66.0, 0.9032752513885498 
67.0, 0.9071430563926697 
68.0, 0.9110108613967896 
69.0, 0.9148786664009094 
70.0, 0.9186322093009949 
71.0, 0.9213206768035889 
72.0, 0.9240091443061829 
73.0, 0.9270036220550537 
74.0, 0.9300557374954224 
75.0, 0.9331088662147522 
76.0, 0.9361609816551208 
77.0, 0.9392141103744507 
78.0, 0.9422661662101746 
79.0, 0.9453192949295044 
80.0, 0.9483267068862915 
81.0, 0.9512635469436646 
82.0, 0.9541994333267212 
83.0, 0.9571362733840942 
84.0, 0.9600731730461121 
85.0, 0.9630100131034851 
86.0, 0.9659458994865417 
87.0, 0.9679229855537415 
88.0, 0.9694440960884094 
89.0, 0.9709661602973938 
90.0, 0.9730565547943115 
91.0, 0.9754032492637634 
92.0, 0.9777509570121765 
93.0, 0.9800977110862732 
94.0, 0.9824444055557251 
95.0, 0.9847921133041382 
96.0, 0.9871388077735901 
97.0, 0.9894865155220032 
98.0, 0.9918332099914551 
99.0, 0.9941809177398682 
100.0, 0.2173233577046402 
