Time(Seconds), Inputs 
0.0, 0.22699888050556183 
1.0, 0.2893833816051483 
2.0, 0.3278626501560211 
3.0, 0.3608705699443817 
4.0, 0.38534706830978394 
5.0, 0.40531396865844727 
6.0, 0.42736032605171204 
7.0, 0.44809919595718384 
8.0, 0.46658870577812195 
9.0, 0.4849679470062256 
10.0, 0.5017833709716797 
11.0, 0.5185978412628174 
12.0, 0.5331956744194031 
13.0, 0.5479028820991516 
14.0, 0.5626090168952942 
15.0, 0.5763484835624695 
16.0, 0.5889702439308167 
17.0, 0.6015920042991638 
18.0, 0.614213764667511 
19.0, 0.6248405575752258 
20.0, 0.6372218728065491 
21.0, 0.6496031880378723 
22.0, 0.6608131527900696 
23.0, 0.6702138781547546 
24.0, 0.6796146035194397 
25.0, 0.6890153884887695 
26.0, 0.7011900544166565 
27.0, 0.7093926072120667 
28.0, 0.717596173286438 
29.0, 0.7257996797561646 
30.0, 0.7340032458305359 
31.0, 0.7422067523002625 
32.0, 0.7488683462142944 
33.0, 0.7562671899795532 
34.0, 0.7636669278144836 
35.0, 0.7710667252540588 
36.0, 0.7784655094146729 
37.0, 0.7856189012527466 
38.0, 0.791327714920044 
39.0, 0.7971557378768921 
40.0, 0.8030810952186584 
41.0, 0.8090065121650696 
42.0, 0.8149319291114807 
43.0, 0.8208572864532471 
44.0, 0.8267827033996582 
45.0, 0.8298646211624146 
46.0, 0.8340721726417542 
47.0, 0.8386046290397644 
48.0, 0.8431371450424194 
49.0, 0.8476696014404297 
50.0, 0.8522020578384399 
51.0, 0.8567355275154114 
52.0, 0.8613265752792358 
53.0, 0.8664065003395081 
54.0, 0.8709568381309509 
55.0, 0.8743407726287842 
56.0, 0.8777257204055786 
57.0, 0.8811097145080566 
58.0, 0.8844936490058899 
59.0, 0.8878756165504456 
60.0, 0.8912535905838013 
61.0, 0.8946306109428406 
62.0, 0.8980085849761963 
63.0, 0.9013855457305908 
64.0, 0.9047635793685913 
65.0, 0.9081405401229858 
66.0, 0.9138891100883484 
67.0, 0.9171568155288696 
68.0, 0.9204235076904297 
69.0, 0.9236912131309509 
70.0, 0.9269579648971558 
71.0, 0.930225670337677 
72.0, 0.9334923624992371 
73.0, 0.9358241558074951 
74.0, 0.9380814433097839 
75.0, 0.9403377771377563 
76.0, 0.9425950646400452 
77.0, 0.944852352142334 
78.0, 0.9471096396446228 
79.0, 0.9503763318061829 
80.0, 0.9557960033416748 
81.0, 0.9578516483306885 
82.0, 0.959906280040741 
83.0, 0.9619618654251099 
84.0, 0.9640164971351624 
85.0, 0.9660720825195312 
86.0, 0.9682191014289856 
87.0, 0.9704723954200745 
88.0, 0.9727247357368469 
89.0, 0.9749780297279358 
90.0, 0.9772313833236694 
91.0, 0.9794836640357971 
92.0, 0.9817370176315308 
93.0, 0.9847543239593506 
94.0, 0.9880687594413757 
95.0, 0.9913831353187561 
96.0, 0.9946985244750977 
97.0, 0.9980129599571228 
98.0, 0.9990869760513306 
99.0, 0.9990869760513306 
100.0, 0.31339768948087837 
