Time(Seconds), Inputs 
0.0, 0.16205108165740967 
1.0, 0.24371793866157532 
2.0, 0.2910425662994385 
3.0, 0.32795605063438416 
4.0, 0.35929185152053833 
5.0, 0.3882640600204468 
6.0, 0.41517373919487 
7.0, 0.4395936131477356 
8.0, 0.46353957056999207 
9.0, 0.4848079979419708 
10.0, 0.5041211247444153 
11.0, 0.5220443606376648 
12.0, 0.5411836504936218 
13.0, 0.5573612451553345 
14.0, 0.5721339583396912 
15.0, 0.5894392132759094 
16.0, 0.6042318344116211 
17.0, 0.6189846992492676 
18.0, 0.6328334808349609 
19.0, 0.6420822143554688 
20.0, 0.6532980799674988 
21.0, 0.6645140051841736 
22.0, 0.6756256222724915 
23.0, 0.6857109069824219 
24.0, 0.6948255300521851 
25.0, 0.7039411067962646 
26.0, 0.7130557298660278 
27.0, 0.7182389497756958 
28.0, 0.7253923416137695 
29.0, 0.7325467467308044 
30.0, 0.7397001385688782 
31.0, 0.7468544840812683 
32.0, 0.7542364001274109 
33.0, 0.7606943249702454 
34.0, 0.7655317783355713 
35.0, 0.7703702449798584 
36.0, 0.774881899356842 
37.0, 0.7791430950164795 
38.0, 0.7834043502807617 
39.0, 0.7876655459403992 
40.0, 0.7933574914932251 
41.0, 0.8014666438102722 
42.0, 0.8039544224739075 
43.0, 0.8064412474632263 
44.0, 0.8090144395828247 
45.0, 0.8125911355018616 
46.0, 0.816166877746582 
47.0, 0.8197435736656189 
48.0, 0.8233192563056946 
49.0, 0.8268850445747375 
50.0, 0.8304497599601746 
51.0, 0.8340135812759399 
52.0, 0.8375773429870605 
53.0, 0.8419101238250732 
54.0, 0.8462567925453186 
55.0, 0.8503769636154175 
56.0, 0.8544980883598328 
57.0, 0.8578800559043884 
58.0, 0.8600230813026428 
59.0, 0.8621661067008972 
60.0, 0.8643091320991516 
61.0, 0.866704523563385 
62.0, 0.8706170320510864 
63.0, 0.8745285868644714 
64.0, 0.8784410953521729 
65.0, 0.8823536038398743 
66.0, 0.8871582746505737 
67.0, 0.8894652724266052 
68.0, 0.8917722105979919 
69.0, 0.8940792083740234 
70.0, 0.897223711013794 
71.0, 0.9007934331893921 
72.0, 0.9043631553649902 
73.0, 0.9079329371452332 
74.0, 0.9110396504402161 
75.0, 0.9135354161262512 
76.0, 0.9160311222076416 
77.0, 0.9185279011726379 
78.0, 0.9219088554382324 
79.0, 0.928274393081665 
80.0, 0.9297070503234863 
81.0, 0.9311386942863464 
82.0, 0.9325713515281677 
83.0, 0.9360496997833252 
84.0, 0.9396125078201294 
85.0, 0.94317626953125 
86.0, 0.9467390775680542 
87.0, 0.9500494599342346 
88.0, 0.9532615542411804 
89.0, 0.9564735889434814 
90.0, 0.9596856832504272 
91.0, 0.9632991552352905 
92.0, 0.9673358201980591 
93.0, 0.9707664847373962 
94.0, 0.9722836017608643 
95.0, 0.9743958115577698 
96.0, 0.9783073663711548 
97.0, 0.9822198748588562 
98.0, 0.9861313700675964 
99.0, 0.9900428652763367 
100.0, 0.4975493848977385 
