Time(Seconds), Inputs 
0.0, 0.25294679403305054 
1.0, 0.3132885992527008 
2.0, 0.3475821614265442 
3.0, 0.3740675747394562 
4.0, 0.3967617154121399 
5.0, 0.4173724055290222 
6.0, 0.43700945377349854 
7.0, 0.4544885456562042 
8.0, 0.47172027826309204 
9.0, 0.4879664182662964 
10.0, 0.5042125582695007 
11.0, 0.518595814704895 
12.0, 0.5316606760025024 
13.0, 0.544726550579071 
14.0, 0.5581361651420593 
15.0, 0.5706923604011536 
16.0, 0.5821298360824585 
17.0, 0.5935673117637634 
18.0, 0.6049620509147644 
19.0, 0.6163458824157715 
20.0, 0.6277307271957397 
21.0, 0.6390032768249512 
22.0, 0.6485530138015747 
23.0, 0.6579696536064148 
24.0, 0.6666530966758728 
25.0, 0.6753355264663696 
26.0, 0.6839434504508972 
27.0, 0.6924172043800354 
28.0, 0.7008910179138184 
29.0, 0.7093647718429565 
30.0, 0.7178385853767395 
31.0, 0.7249452471733093 
32.0, 0.7313356399536133 
33.0, 0.7386887073516846 
34.0, 0.7460408210754395 
35.0, 0.7533938884735107 
36.0, 0.7607460021972656 
37.0, 0.7676668763160706 
38.0, 0.7735704183578491 
39.0, 0.7794729471206665 
40.0, 0.7853953838348389 
41.0, 0.7913843393325806 
42.0, 0.7973743081092834 
43.0, 0.8033632636070251 
44.0, 0.8092767596244812 
45.0, 0.8147828578948975 
46.0, 0.8202899694442749 
47.0, 0.8257970809936523 
48.0, 0.8313041925430298 
49.0, 0.8360522985458374 
50.0, 0.8405470252037048 
51.0, 0.8450427055358887 
52.0, 0.8495374321937561 
53.0, 0.8537907004356384 
54.0, 0.8579386472702026 
55.0, 0.862087607383728 
56.0, 0.8662366271018982 
57.0, 0.8703339099884033 
58.0, 0.8743179440498352 
59.0, 0.8783009648323059 
60.0, 0.8822850584983826 
61.0, 0.8862680792808533 
62.0, 0.8902521133422852 
63.0, 0.894069254398346 
64.0, 0.8972713947296143 
65.0, 0.9004735350608826 
66.0, 0.9037054777145386 
67.0, 0.9069423675537109 
68.0, 0.9101783037185669 
69.0, 0.9134151935577393 
70.0, 0.9166520833969116 
71.0, 0.9198890328407288 
72.0, 0.9231259226799011 
73.0, 0.9263628125190735 
74.0, 0.9296096563339233 
75.0, 0.9328724145889282 
76.0, 0.9360933899879456 
77.0, 0.9388126730918884 
78.0, 0.9415329694747925 
79.0, 0.9442532658576965 
80.0, 0.9469725489616394 
81.0, 0.9496927857398987 
82.0, 0.9524120688438416 
83.0, 0.9544259309768677 
84.0, 0.9563941359519958 
85.0, 0.9583632946014404 
86.0, 0.9603314995765686 
87.0, 0.962299644947052 
88.0, 0.9642688035964966 
89.0, 0.9662370085716248 
90.0, 0.9682061672210693 
91.0, 0.9714639186859131 
92.0, 0.9762368202209473 
93.0, 0.9795253872871399 
94.0, 0.9816098213195801 
95.0, 0.9836952686309814 
96.0, 0.9857796430587769 
97.0, 0.987864077091217 
98.0, 0.9899485111236572 
99.0, 0.9920328855514526 
100.0, 0.24925161493619033 
