Time(Seconds), Inputs 
0.0, 0.08061868697404861 
1.0, 0.304819792509079 
2.0, 0.34108349680900574 
3.0, 0.3712817430496216 
4.0, 0.39454415440559387 
5.0, 0.417218416929245 
6.0, 0.4384450912475586 
7.0, 0.45667529106140137 
8.0, 0.47349271178245544 
9.0, 0.4903091490268707 
10.0, 0.5065145492553711 
11.0, 0.522409975528717 
12.0, 0.538305401802063 
13.0, 0.5511983633041382 
14.0, 0.5639592409133911 
15.0, 0.5763415694236755 
16.0, 0.5888709425926208 
17.0, 0.6014847159385681 
18.0, 0.6140985488891602 
19.0, 0.6260883808135986 
20.0, 0.6363902688026428 
21.0, 0.646692156791687 
22.0, 0.6579756140708923 
23.0, 0.6691051125526428 
24.0, 0.6781322956085205 
25.0, 0.6871604919433594 
26.0, 0.6961876153945923 
27.0, 0.70521479845047 
28.0, 0.713409423828125 
29.0, 0.7211927175521851 
30.0, 0.7299188375473022 
31.0, 0.7390086054801941 
32.0, 0.7480983734130859 
33.0, 0.7552438378334045 
34.0, 0.7616332173347473 
35.0, 0.7680225372314453 
36.0, 0.7744119167327881 
37.0, 0.7808012962341309 
38.0, 0.7889919281005859 
39.0, 0.7958770394325256 
40.0, 0.8014249205589294 
41.0, 0.8069727420806885 
42.0, 0.8125206232070923 
43.0, 0.8180684447288513 
44.0, 0.8236163258552551 
45.0, 0.8291512727737427 
46.0, 0.8346434831619263 
47.0, 0.8391351699829102 
48.0, 0.8434321880340576 
49.0, 0.8477302193641663 
50.0, 0.8520281910896301 
51.0, 0.856326162815094 
52.0, 0.8606231808662415 
53.0, 0.8651586174964905 
54.0, 0.8699424266815186 
55.0, 0.8747252821922302 
56.0, 0.8790342211723328 
57.0, 0.8823357224464417 
58.0, 0.8856362104415894 
59.0, 0.8889366984367371 
60.0, 0.892238199710846 
61.0, 0.8955605030059814 
62.0, 0.8988928198814392 
63.0, 0.9022241234779358 
64.0, 0.9055554270744324 
65.0, 0.9088866710662842 
66.0, 0.9122189879417419 
67.0, 0.9155502915382385 
68.0, 0.9188815951347351 
69.0, 0.9232223033905029 
70.0, 0.926181972026825 
71.0, 0.9291417002677917 
72.0, 0.9321014285087585 
73.0, 0.9350621104240417 
74.0, 0.9380218386650085 
75.0, 0.9409815669059753 
76.0, 0.9438836574554443 
77.0, 0.9466248154640198 
78.0, 0.9493659138679504 
79.0, 0.9521080851554871 
80.0, 0.9548491835594177 
81.0, 0.9575903415679932 
82.0, 0.9603314995765686 
83.0, 0.9628689289093018 
84.0, 0.9642082452774048 
85.0, 0.9667456746101379 
86.0, 0.9692841172218323 
87.0, 0.9718216061592102 
88.0, 0.9743590950965881 
89.0, 0.9768965244293213 
90.0, 0.9794350266456604 
91.0, 0.9819724559783936 
92.0, 0.9840638637542725 
93.0, 0.986017107963562 
94.0, 0.9879704117774963 
95.0, 0.9899226427078247 
96.0, 0.991875946521759 
97.0, 0.9938291907310486 
98.0, 0.9957814812660217 
99.0, 0.997734785079956 
100.0, 0.2721694437465668 
