Time(Seconds), Inputs 
0.0, 0.0273259449750185 
1.0, 0.23009370267391205 
2.0, 0.2763165235519409 
3.0, 0.31551310420036316 
4.0, 0.34994375705718994 
5.0, 0.37990155816078186 
6.0, 0.40960800647735596 
7.0, 0.43499061465263367 
8.0, 0.4593479037284851 
9.0, 0.4807226061820984 
10.0, 0.5005831718444824 
11.0, 0.5198009610176086 
12.0, 0.5390187501907349 
13.0, 0.5555629730224609 
14.0, 0.5717713236808777 
15.0, 0.5872127413749695 
16.0, 0.6013367176055908 
17.0, 0.615459680557251 
18.0, 0.6300376653671265 
19.0, 0.640448808670044 
20.0, 0.650858998298645 
21.0, 0.6612691879272461 
22.0, 0.6722267866134644 
23.0, 0.680601179599762 
24.0, 0.6889766454696655 
25.0, 0.6973778605461121 
26.0, 0.7061049938201904 
27.0, 0.7138187289237976 
28.0, 0.7194579839706421 
29.0, 0.7251350283622742 
30.0, 0.7310047745704651 
31.0, 0.7368735074996948 
32.0, 0.7427423000335693 
33.0, 0.7499304413795471 
34.0, 0.7578707337379456 
35.0, 0.7618736028671265 
36.0, 0.7658755779266357 
37.0, 0.7702838182449341 
38.0, 0.7753786444664001 
39.0, 0.7804734110832214 
40.0, 0.7855682373046875 
41.0, 0.7907952070236206 
42.0, 0.7961651682853699 
43.0, 0.8004522323608398 
44.0, 0.8036295771598816 
45.0, 0.8072280883789062 
46.0, 0.8111416101455688 
47.0, 0.8150541186332703 
48.0, 0.8189675807952881 
49.0, 0.8223535418510437 
50.0, 0.8254871368408203 
51.0, 0.8286207318305969 
52.0, 0.8317552804946899 
53.0, 0.836640477180481 
54.0, 0.8418574333190918 
55.0, 0.845342755317688 
56.0, 0.8488290309906006 
57.0, 0.8519884347915649 
58.0, 0.8551090955734253 
59.0, 0.8582297563552856 
60.0, 0.8613514304161072 
61.0, 0.8648725152015686 
62.0, 0.8684014678001404 
63.0, 0.8719295263290405 
64.0, 0.8754137754440308 
65.0, 0.8784698843955994 
66.0, 0.8815249800682068 
67.0, 0.8842740654945374 
68.0, 0.8849278092384338 
69.0, 0.8884508609771729 
70.0, 0.8919739127159119 
71.0, 0.8954959511756897 
72.0, 0.8989057540893555 
73.0, 0.9020383358001709 
74.0, 0.9051709175109863 
75.0, 0.9083045125007629 
76.0, 0.9117410778999329 
77.0, 0.9156426787376404 
78.0, 0.9195442199707031 
79.0, 0.9234448075294495 
80.0, 0.9276434779167175 
81.0, 0.9292400479316711 
82.0, 0.9308366775512695 
83.0, 0.9324332475662231 
84.0, 0.9354178309440613 
85.0, 0.9393203854560852 
86.0, 0.9432239532470703 
87.0, 0.9471275210380554 
88.0, 0.9504955410957336 
89.0, 0.9536281824111938 
90.0, 0.9567617177963257 
91.0, 0.9598953127861023 
92.0, 0.964321494102478 
93.0, 0.9690665602684021 
94.0, 0.9716964364051819 
95.0, 0.9740222692489624 
96.0, 0.9774240851402283 
97.0, 0.9809372425079346 
98.0, 0.9844493269920349 
99.0, 0.9879624247550964 
100.0, 0.5407066117638042 
