Time(Seconds), Inputs 
0.0, 0.20276081562042236 
1.0, 0.2770984172821045 
2.0, 0.31604763865470886 
3.0, 0.34834715723991394 
4.0, 0.37737998366355896 
5.0, 0.4005976915359497 
6.0, 0.4242386519908905 
7.0, 0.4453063905239105 
8.0, 0.4658833146095276 
9.0, 0.4851894974708557 
10.0, 0.5045066475868225 
11.0, 0.5225014090538025 
12.0, 0.5381017327308655 
13.0, 0.5535560250282288 
14.0, 0.5688205361366272 
15.0, 0.5840851068496704 
16.0, 0.5981116890907288 
17.0, 0.6107861399650574 
18.0, 0.623347282409668 
19.0, 0.6352884769439697 
20.0, 0.6459430456161499 
21.0, 0.6565986275672913 
22.0, 0.6675959229469299 
23.0, 0.6784055233001709 
24.0, 0.688058614730835 
25.0, 0.6977106928825378 
26.0, 0.7073638439178467 
27.0, 0.7169394493103027 
28.0, 0.724824070930481 
29.0, 0.7328974604606628 
30.0, 0.7409708499908447 
31.0, 0.7490432262420654 
32.0, 0.7571166157722473 
33.0, 0.7609188556671143 
34.0, 0.7669505476951599 
35.0, 0.7729822397232056 
36.0, 0.7790149450302124 
37.0, 0.7850466370582581 
38.0, 0.7910793423652649 
39.0, 0.7972034215927124 
40.0, 0.8027909994125366 
41.0, 0.8069241046905518 
42.0, 0.8110561370849609 
43.0, 0.8151892423629761 
44.0, 0.8195250034332275 
45.0, 0.8244866728782654 
46.0, 0.8294483423233032 
47.0, 0.8344100117683411 
48.0, 0.8393706679344177 
49.0, 0.8438594341278076 
50.0, 0.8453010320663452 
51.0, 0.8491429686546326 
52.0, 0.8529839515686035 
53.0, 0.8568259477615356 
54.0, 0.860667884349823 
55.0, 0.8644591569900513 
56.0, 0.8680309057235718 
57.0, 0.8716016411781311 
58.0, 0.8751733899116516 
59.0, 0.8787450790405273 
60.0, 0.8823168277740479 
61.0, 0.887380838394165 
62.0, 0.889700710773468 
63.0, 0.8920196294784546 
64.0, 0.8943395018577576 
65.0, 0.8966593742370605 
66.0, 0.8991124033927917 
67.0, 0.9024168252944946 
68.0, 0.9057223200798035 
69.0, 0.9090277552604675 
70.0, 0.9123322367668152 
71.0, 0.915637731552124 
72.0, 0.9186232686042786 
73.0, 0.9214209914207458 
74.0, 0.9242187738418579 
75.0, 0.92701655626297 
76.0, 0.9297407865524292 
77.0, 0.9322812557220459 
78.0, 0.9347501397132874 
79.0, 0.9372180700302124 
80.0, 0.9396870136260986 
81.0, 0.9421558976173401 
82.0, 0.9446248412132263 
83.0, 0.9474136233329773 
84.0, 0.9504349827766418 
85.0, 0.9534572958946228 
86.0, 0.9564785957336426 
87.0, 0.9594998955726624 
88.0, 0.9625182151794434 
89.0, 0.9654660224914551 
90.0, 0.9684147834777832 
91.0, 0.9713625907897949 
92.0, 0.9720422029495239 
93.0, 0.9726611375808716 
94.0, 0.974396824836731 
95.0, 0.9771409630775452 
96.0, 0.9798850417137146 
97.0, 0.9826281666755676 
98.0, 0.9853723049163818 
99.0, 0.9881154298782349 
100.0, 0.38161037987727764 
