Time(Seconds), Inputs 
0.0, 0.04618207737803459 
1.0, 0.2951667010784149 
2.0, 0.33175328373908997 
3.0, 0.36008667945861816 
4.0, 0.38470327854156494 
5.0, 0.4083988666534424 
6.0, 0.4290075898170471 
7.0, 0.4488840699195862 
8.0, 0.46603134274482727 
9.0, 0.4829878509044647 
10.0, 0.49910780787467957 
11.0, 0.5140802264213562 
12.0, 0.5290526747703552 
13.0, 0.5429004430770874 
14.0, 0.5559444427490234 
15.0, 0.5691325068473816 
16.0, 0.5818864107131958 
17.0, 0.5937858819961548 
18.0, 0.6056853532791138 
19.0, 0.6175848245620728 
20.0, 0.6285334825515747 
21.0, 0.6391860842704773 
22.0, 0.6498624682426453 
23.0, 0.6605846285820007 
24.0, 0.6695651412010193 
25.0, 0.6780548095703125 
26.0, 0.6865444779396057 
27.0, 0.6950351595878601 
28.0, 0.7035248279571533 
29.0, 0.71136474609375 
30.0, 0.7193874716758728 
31.0, 0.727683424949646 
32.0, 0.7359803318977356 
33.0, 0.7442762851715088 
34.0, 0.7514117956161499 
35.0, 0.757596492767334 
36.0, 0.7637811899185181 
37.0, 0.7699658870697021 
38.0, 0.7764238119125366 
39.0, 0.782924473285675 
40.0, 0.7894251346588135 
41.0, 0.7948397994041443 
42.0, 0.8000290393829346 
43.0, 0.8052182197570801 
44.0, 0.8104074001312256 
45.0, 0.8156363368034363 
46.0, 0.8210987448692322 
47.0, 0.8265611529350281 
48.0, 0.832023561000824 
49.0, 0.8364079594612122 
50.0, 0.8405330777168274 
51.0, 0.8446592092514038 
52.0, 0.848784327507019 
53.0, 0.852877676486969 
54.0, 0.8569192886352539 
55.0, 0.8609609603881836 
56.0, 0.8650026321411133 
57.0, 0.8690453171730042 
58.0, 0.8730869889259338 
59.0, 0.8772935271263123 
60.0, 0.8817763328552246 
61.0, 0.8853490948677063 
62.0, 0.8884935975074768 
63.0, 0.8916381001472473 
64.0, 0.8947826027870178 
65.0, 0.8979271054267883 
66.0, 0.9010716080665588 
67.0, 0.9042161107063293 
68.0, 0.9073606133460999 
69.0, 0.9111230969429016 
70.0, 0.9149174094200134 
71.0, 0.9185129404067993 
72.0, 0.9209650158882141 
73.0, 0.9234170317649841 
74.0, 0.9258690476417542 
75.0, 0.928320050239563 
76.0, 0.9308684468269348 
77.0, 0.9338241815567017 
78.0, 0.9367799162864685 
79.0, 0.9397357106208801 
80.0, 0.942691445350647 
81.0, 0.9456471800804138 
82.0, 0.9486029148101807 
83.0, 0.9515586495399475 
84.0, 0.9545342326164246 
85.0, 0.9575307369232178 
86.0, 0.9605271816253662 
87.0, 0.962904691696167 
88.0, 0.9652494192123413 
89.0, 0.9675931334495544 
90.0, 0.9699369072914124 
91.0, 0.9722806215286255 
92.0, 0.9744793176651001 
93.0, 0.9766312837600708 
94.0, 0.9787842631340027 
95.0, 0.9809372425079346 
96.0, 0.9830892086029053 
97.0, 0.9852421879768372 
98.0, 0.9873941540718079 
99.0, 0.9895471334457397 
100.0, 0.27266978653460455 
