Time(Seconds), Inputs 
0.0, 0.15912315249443054 
1.0, 0.30513474345207214 
2.0, 0.3403363823890686 
3.0, 0.3675122857093811 
4.0, 0.39170166850090027 
5.0, 0.41282305121421814 
6.0, 0.4324630796909332 
7.0, 0.45226404070854187 
8.0, 0.4696199595928192 
9.0, 0.4848278760910034 
10.0, 0.5000357627868652 
11.0, 0.5140504240989685 
12.0, 0.52737957239151 
13.0, 0.5407077670097351 
14.0, 0.5564591288566589 
15.0, 0.5686556100845337 
16.0, 0.5808511972427368 
17.0, 0.5929811596870422 
18.0, 0.6042020320892334 
19.0, 0.6154239177703857 
20.0, 0.6266447901725769 
21.0, 0.6373470425605774 
22.0, 0.6467617154121399 
23.0, 0.6563403010368347 
24.0, 0.6659188866615295 
25.0, 0.6754964590072632 
26.0, 0.684683620929718 
27.0, 0.6937783360481262 
28.0, 0.7028740644454956 
29.0, 0.7119688391685486 
30.0, 0.7212602496147156 
31.0, 0.7296237945556641 
32.0, 0.7370473742485046 
33.0, 0.7444700598716736 
34.0, 0.7518926858901978 
35.0, 0.7593162655830383 
36.0, 0.7662173509597778 
37.0, 0.7727457880973816 
38.0, 0.7792752385139465 
39.0, 0.7858136296272278 
40.0, 0.7924464344978333 
41.0, 0.799079179763794 
42.0, 0.8055450916290283 
43.0, 0.8107113838195801 
44.0, 0.8158787488937378 
45.0, 0.8210460543632507 
46.0, 0.8262134194374084 
47.0, 0.8313807249069214 
48.0, 0.8367934823036194 
49.0, 0.8424287438392639 
50.0, 0.8479189872741699 
51.0, 0.8520957231521606 
52.0, 0.8562735319137573 
53.0, 0.8604503273963928 
54.0, 0.8646270632743835 
55.0, 0.868803858757019 
56.0, 0.8729816675186157 
57.0, 0.87837153673172 
58.0, 0.8838756680488586 
59.0, 0.8893797993659973 
60.0, 0.8922331929206848 
61.0, 0.8947150111198425 
62.0, 0.8971978425979614 
63.0, 0.8996796607971191 
64.0, 0.902162492275238 
65.0, 0.9050815105438232 
66.0, 0.9087495803833008 
67.0, 0.9124186635017395 
68.0, 0.9160877466201782 
69.0, 0.9197568893432617 
70.0, 0.9234249591827393 
71.0, 0.927094042301178 
72.0, 0.9307631254196167 
73.0, 0.9326041340827942 
74.0, 0.9346597790718079 
75.0, 0.9373084902763367 
76.0, 0.9399582147598267 
77.0, 0.9426069855690002 
78.0, 0.9452567100524902 
79.0, 0.947905421257019 
80.0, 0.9505552053451538 
81.0, 0.9532039165496826 
82.0, 0.955906331539154 
83.0, 0.9588630199432373 
84.0, 0.9618197679519653 
85.0, 0.9647775292396545 
86.0, 0.9677342176437378 
87.0, 0.9706909656524658 
88.0, 0.9736477136611938 
89.0, 0.9759427309036255 
90.0, 0.977551281452179 
91.0, 0.9794678092002869 
92.0, 0.9815869927406311 
93.0, 0.9837071895599365 
94.0, 0.9858273267745972 
95.0, 0.9879475235939026 
96.0, 0.990067720413208 
97.0, 0.9921879172325134 
98.0, 0.9943081140518188 
99.0, 0.9964272975921631 
100.0, 0.2454234603281397 
