Time(Seconds), Inputs 
0.0, 0.0695488229393959 
1.0, 0.2585314214229584 
2.0, 0.299620658159256 
3.0, 0.33225205540657043 
4.0, 0.36200815439224243 
5.0, 0.3884449005126953 
6.0, 0.4132731258869171 
7.0, 0.4353095293045044 
8.0, 0.45577913522720337 
9.0, 0.4758742153644562 
10.0, 0.4955897331237793 
11.0, 0.5141060948371887 
12.0, 0.5326224565505981 
13.0, 0.5468676090240479 
14.0, 0.5623636245727539 
15.0, 0.5782203078269958 
16.0, 0.5921644568443298 
17.0, 0.6061086058616638 
18.0, 0.619435727596283 
19.0, 0.6300297379493713 
20.0, 0.6423563957214355 
21.0, 0.6546831130981445 
22.0, 0.6659685373306274 
23.0, 0.6763578653335571 
24.0, 0.6867461800575256 
25.0, 0.6958547830581665 
26.0, 0.7046862840652466 
27.0, 0.7129931449890137 
28.0, 0.7213000059127808 
29.0, 0.7296068668365479 
30.0, 0.7381511926651001 
31.0, 0.746454119682312 
32.0, 0.7525781989097595 
33.0, 0.7587013244628906 
34.0, 0.7648254036903381 
35.0, 0.7710399031639099 
36.0, 0.7776210308074951 
37.0, 0.7842031121253967 
38.0, 0.7903758883476257 
39.0, 0.794885516166687 
40.0, 0.7993951439857483 
41.0, 0.803712010383606 
42.0, 0.8079921007156372 
43.0, 0.8122722506523132 
44.0, 0.8165523409843445 
45.0, 0.8208324313163757 
46.0, 0.8272148966789246 
47.0, 0.8333796858787537 
48.0, 0.836581826210022 
49.0, 0.8397849798202515 
50.0, 0.8429880738258362 
51.0, 0.8463571071624756 
52.0, 0.8506124019622803 
53.0, 0.8548686504364014 
54.0, 0.859123945236206 
55.0, 0.8633792400360107 
56.0, 0.8676354885101318 
57.0, 0.8713602423667908 
58.0, 0.8748782873153687 
59.0, 0.8777942657470703 
60.0, 0.8807103037834167 
61.0, 0.8836272954940796 
62.0, 0.8865055441856384 
63.0, 0.8893410563468933 
64.0, 0.8921765685081482 
65.0, 0.8950111269950867 
66.0, 0.8978466391563416 
67.0, 0.9007557034492493 
68.0, 0.904245913028717 
69.0, 0.9077361822128296 
70.0, 0.9112264513969421 
71.0, 0.9147167205810547 
72.0, 0.9170733690261841 
73.0, 0.9191935062408447 
74.0, 0.9220399856567383 
75.0, 0.9248864650726318 
76.0, 0.9277328848838806 
77.0, 0.9305803179740906 
78.0, 0.9334228038787842 
79.0, 0.9362583160400391 
80.0, 0.9390938878059387 
81.0, 0.94193035364151 
82.0, 0.9447659254074097 
83.0, 0.9476689696311951 
84.0, 0.9517583250999451 
85.0, 0.9558476805686951 
86.0, 0.9597601890563965 
87.0, 0.9616935849189758 
88.0, 0.9636260271072388 
89.0, 0.9664138555526733 
90.0, 0.9695255756378174 
91.0, 0.9726372957229614 
92.0, 0.9757490158081055 
93.0, 0.9788607358932495 
94.0, 0.9816724061965942 
95.0, 0.9839416146278381 
96.0, 0.9862098693847656 
97.0, 0.9884790778160095 
98.0, 0.9907482862472534 
99.0, 0.9930164813995361 
100.0, 0.39407423809503533 
