Time(Seconds), Inputs 
0.0, 0.138222336769104 
1.0, 0.2230883538722992 
2.0, 0.2746632993221283 
3.0, 0.31600987911224365 
4.0, 0.3529640734195709 
5.0, 0.3834146559238434 
6.0, 0.414316326379776 
7.0, 0.44114747643470764 
8.0, 0.46367567777633667 
9.0, 0.4886171817779541 
10.0, 0.5091702342033386 
11.0, 0.528140664100647 
12.0, 0.5451845526695251 
13.0, 0.5623397827148438 
14.0, 0.5766435861587524 
15.0, 0.5907089114189148 
16.0, 0.6048219799995422 
17.0, 0.6167681217193604 
18.0, 0.6280714869499207 
19.0, 0.6391284465789795 
20.0, 0.6497521996498108 
21.0, 0.6571083068847656 
22.0, 0.6653068661689758 
23.0, 0.673505425453186 
24.0, 0.6815351247787476 
25.0, 0.6891316175460815 
26.0, 0.6962830424308777 
27.0, 0.7031214833259583 
28.0, 0.7093766927719116 
29.0, 0.7156329154968262 
30.0, 0.7218841910362244 
31.0, 0.727563202381134 
32.0, 0.7332412004470825 
33.0, 0.7379634380340576 
34.0, 0.7427621483802795 
35.0, 0.7475897073745728 
36.0, 0.7524182200431824 
37.0, 0.757239818572998 
38.0, 0.7620594501495361 
39.0, 0.7668780088424683 
40.0, 0.7714492082595825 
41.0, 0.7758485674858093 
42.0, 0.7792503833770752 
43.0, 0.7832473516464233 
44.0, 0.7880679368972778 
45.0, 0.7928885221481323 
46.0, 0.797396183013916 
47.0, 0.8012639880180359 
48.0, 0.8051327466964722 
49.0, 0.809341311454773 
50.0, 0.8149537444114685 
51.0, 0.8195945024490356 
52.0, 0.8220832943916321 
53.0, 0.8259640336036682 
54.0, 0.8298437595367432 
55.0, 0.8337244391441345 
56.0, 0.8380274176597595 
57.0, 0.8423651456832886 
58.0, 0.8467028737068176 
59.0, 0.8503014445304871 
60.0, 0.8536903262138367 
61.0, 0.857079267501831 
62.0, 0.8622098565101624 
63.0, 0.8642813563346863 
64.0, 0.8663538098335266 
65.0, 0.8693443536758423 
66.0, 0.8732161521911621 
67.0, 0.877086877822876 
68.0, 0.8809517025947571 
69.0, 0.8848065733909607 
70.0, 0.8886604905128479 
71.0, 0.8927756547927856 
72.0, 0.8977542519569397 
73.0, 0.902732789516449 
74.0, 0.902655303478241 
75.0, 0.9070119261741638 
76.0, 0.9113675355911255 
77.0, 0.9157241582870483 
78.0, 0.9195979237556458 
79.0, 0.923454761505127 
80.0, 0.9273116588592529 
81.0, 0.9307740926742554 
82.0, 0.9341520667076111 
83.0, 0.9375290870666504 
84.0, 0.9434405565261841 
85.0, 0.9490181803703308 
86.0, 0.9522928595542908 
87.0, 0.9553579092025757 
88.0, 0.9582500457763672 
89.0, 0.9611421823501587 
90.0, 0.9644357562065125 
91.0, 0.9683223962783813 
92.0, 0.972209095954895 
93.0, 0.9760867953300476 
94.0, 0.9799387454986572 
95.0, 0.9837915897369385 
96.0, 0.9886698126792908 
97.0, 0.9924531579017639 
98.0, 0.9950939416885376 
99.0, 0.997734785079956 
100.0, 0.6719326857975039 
