Time(Seconds), Inputs 
0.0, 0.23096701502799988 
1.0, 0.2969282269477844 
2.0, 0.3310905992984772 
3.0, 0.3596614599227905 
4.0, 0.381192147731781 
5.0, 0.40272286534309387 
6.0, 0.421833336353302 
7.0, 0.4405742287635803 
8.0, 0.45684319734573364 
9.0, 0.4724624454975128 
10.0, 0.4880826473236084 
11.0, 0.5026129484176636 
12.0, 0.5169326663017273 
13.0, 0.5312513709068298 
14.0, 0.5435174107551575 
15.0, 0.5554258227348328 
16.0, 0.5673630833625793 
17.0, 0.5791492462158203 
18.0, 0.5904933214187622 
19.0, 0.6018364429473877 
20.0, 0.6131805181503296 
21.0, 0.6233254075050354 
22.0, 0.6322512626647949 
23.0, 0.6411761045455933 
24.0, 0.6506682634353638 
25.0, 0.6609601974487305 
26.0, 0.6701055765151978 
27.0, 0.6789320707321167 
28.0, 0.6877585649490356 
29.0, 0.6965850591659546 
30.0, 0.7054115533828735 
31.0, 0.7119250893592834 
32.0, 0.7183074951171875 
33.0, 0.726107656955719 
34.0, 0.7339088320732117 
35.0, 0.7417100071907043 
36.0, 0.7493452429771423 
37.0, 0.7554991841316223 
38.0, 0.7616540789604187 
39.0, 0.7678079605102539 
40.0, 0.7739618420600891 
41.0, 0.7800541520118713 
42.0, 0.7861096858978271 
43.0, 0.7920738458633423 
44.0, 0.7973097562789917 
45.0, 0.8025456070899963 
46.0, 0.8077815175056458 
47.0, 0.8130183815956116 
48.0, 0.8182542324066162 
49.0, 0.8232665657997131 
50.0, 0.8276976943016052 
51.0, 0.8321278691291809 
52.0, 0.8365122675895691 
53.0, 0.8408529758453369 
54.0, 0.8451946973800659 
55.0, 0.8495354056358337 
56.0, 0.8538761138916016 
57.0, 0.8582168817520142 
58.0, 0.8623688220977783 
59.0, 0.8664969205856323 
60.0, 0.8706259727478027 
61.0, 0.8747541308403015 
62.0, 0.8784291744232178 
63.0, 0.8815507888793945 
64.0, 0.8846724629402161 
65.0, 0.8877941370010376 
66.0, 0.8909982442855835 
67.0, 0.894274890422821 
68.0, 0.8975515365600586 
69.0, 0.9008281826972961 
70.0, 0.9041048288345337 
71.0, 0.9073814749717712 
72.0, 0.9106581807136536 
73.0, 0.9139348268508911 
74.0, 0.9176138043403625 
75.0, 0.9216465353965759 
76.0, 0.9245516061782837 
77.0, 0.9274576902389526 
78.0, 0.9303627610206604 
79.0, 0.9332678318023682 
80.0, 0.9361739158630371 
81.0, 0.9390789866447449 
82.0, 0.9419840574264526 
83.0, 0.9446695446968079 
84.0, 0.9472824931144714 
85.0, 0.9498955011367798 
86.0, 0.9525094628334045 
87.0, 0.9551224112510681 
88.0, 0.9577354192733765 
89.0, 0.9603493809700012 
90.0, 0.962552011013031 
91.0, 0.9634243249893188 
92.0, 0.9657968878746033 
93.0, 0.9681704044342041 
94.0, 0.9705429673194885 
95.0, 0.9729154706001282 
96.0, 0.9752880334854126 
97.0, 0.9776615500450134 
98.0, 0.9800341129302979 
99.0, 0.9824066162109375 
100.0, 0.25154467528817614 
