Time(Seconds), Inputs 
0.0, 0.15280333161354065 
1.0, 0.3116721510887146 
2.0, 0.34014958143234253 
3.0, 0.36529573798179626 
4.0, 0.3879411816596985 
5.0, 0.4067883789539337 
6.0, 0.4247165322303772 
7.0, 0.44197210669517517 
8.0, 0.45640209317207336 
9.0, 0.47083204984664917 
10.0, 0.48488548398017883 
11.0, 0.497718870639801 
12.0, 0.510553240776062 
13.0, 0.523387610912323 
14.0, 0.5351529717445374 
15.0, 0.5468159317970276 
16.0, 0.5584799647331238 
17.0, 0.5710996985435486 
18.0, 0.5814403295516968 
19.0, 0.591780960559845 
20.0, 0.6021225452423096 
21.0, 0.6121363043785095 
22.0, 0.6212032437324524 
23.0, 0.6302711367607117 
24.0, 0.6393380761146545 
25.0, 0.6484059691429138 
26.0, 0.6571530103683472 
27.0, 0.6656426787376404 
28.0, 0.6741164326667786 
29.0, 0.6825674176216125 
30.0, 0.6910183429718018 
31.0, 0.6989387273788452 
32.0, 0.7063613533973694 
33.0, 0.7137839794158936 
34.0, 0.7212066054344177 
35.0, 0.7286282777786255 
36.0, 0.7360509037971497 
37.0, 0.7424541711807251 
38.0, 0.7485504746437073 
39.0, 0.7546735405921936 
40.0, 0.7621160745620728 
41.0, 0.7695595622062683 
42.0, 0.7770020365715027 
43.0, 0.7834103107452393 
44.0, 0.7889372706413269 
45.0, 0.7944652438163757 
46.0, 0.7999922633171082 
47.0, 0.8055192232131958 
48.0, 0.8110471963882446 
49.0, 0.816574215888977 
50.0, 0.8221021890640259 
51.0, 0.8261557817459106 
52.0, 0.8310955762863159 
53.0, 0.8360363841056824 
54.0, 0.8409761786460876 
55.0, 0.8459160327911377 
56.0, 0.8508568406105042 
57.0, 0.8557966351509094 
58.0, 0.8607364296913147 
59.0, 0.86567622423172 
60.0, 0.8701192736625671 
61.0, 0.874557375907898 
62.0, 0.8788692951202393 
63.0, 0.8827897310256958 
64.0, 0.8867111802101135 
65.0, 0.8906316161155701 
66.0, 0.8945530652999878 
67.0, 0.8984735608100891 
68.0, 0.9023950099945068 
69.0, 0.9063154458999634 
70.0, 0.9101762771606445 
71.0, 0.9139705896377563 
72.0, 0.9177648425102234 
73.0, 0.921558141708374 
74.0, 0.9249261617660522 
75.0, 0.9282227158546448 
76.0, 0.9315202236175537 
77.0, 0.9348167181015015 
78.0, 0.9381142258644104 
79.0, 0.9414107799530029 
80.0, 0.9447082877159119 
81.0, 0.9480047821998596 
82.0, 0.9512248039245605 
83.0, 0.9535576105117798 
84.0, 0.955890417098999 
85.0, 0.9582589864730835 
86.0, 0.9606673121452332 
87.0, 0.9630765914916992 
88.0, 0.9654849171638489 
89.0, 0.9678931832313538 
90.0, 0.9703025221824646 
91.0, 0.9727107882499695 
92.0, 0.9751191139221191 
93.0, 0.97752845287323 
94.0, 0.9799367189407349 
95.0, 0.9823450446128845 
96.0, 0.9848000407218933 
97.0, 0.9877647161483765 
98.0, 0.9907293915748596 
99.0, 0.9936931133270264 
100.0, 0.185192834239628 
