Time(Seconds), Inputs 
0.0, 0.03894821181893349 
1.0, 0.28577688336372375 
2.0, 0.32505592703819275 
3.0, 0.3572114109992981 
4.0, 0.38426312804222107 
5.0, 0.4091390371322632 
6.0, 0.4333026111125946 
7.0, 0.45381394028663635 
8.0, 0.4743262827396393 
9.0, 0.49252569675445557 
10.0, 0.5105611681938171 
11.0, 0.5276468396186829 
12.0, 0.544086754322052 
13.0, 0.5605166554450989 
14.0, 0.5753182172775269 
15.0, 0.5898554921150208 
16.0, 0.6036188006401062 
17.0, 0.6170026063919067 
18.0, 0.6303864121437073 
19.0, 0.6437702178955078 
20.0, 0.6546125411987305 
21.0, 0.6648855805397034 
22.0, 0.6760538220405579 
23.0, 0.6872220635414124 
24.0, 0.6966525912284851 
25.0, 0.7055973410606384 
26.0, 0.714542031288147 
27.0, 0.7236347794532776 
28.0, 0.7329679727554321 
29.0, 0.7397706508636475 
30.0, 0.746574342250824 
31.0, 0.7533779740333557 
32.0, 0.760180652141571 
33.0, 0.7676162123680115 
34.0, 0.7766016721725464 
35.0, 0.7828449606895447 
36.0, 0.7890883088111877 
37.0, 0.795331597328186 
38.0, 0.8015749454498291 
39.0, 0.8076781630516052 
40.0, 0.8131197094917297 
41.0, 0.81827312707901 
42.0, 0.8223962783813477 
43.0, 0.8265184164047241 
44.0, 0.8306415677070618 
45.0, 0.8347517848014832 
46.0, 0.838797390460968 
47.0, 0.8428420424461365 
48.0, 0.8468866944313049 
49.0, 0.8509323000907898 
50.0, 0.8549769520759583 
51.0, 0.8602128624916077 
52.0, 0.8635361790657043 
53.0, 0.8668595552444458 
54.0, 0.8701828718185425 
55.0, 0.8735072016716003 
56.0, 0.8768305778503418 
57.0, 0.8801489472389221 
58.0, 0.8834355473518372 
59.0, 0.8867221474647522 
60.0, 0.8900086879730225 
61.0, 0.8932952880859375 
62.0, 0.8965818881988525 
63.0, 0.901313066482544 
64.0, 0.904913604259491 
65.0, 0.907524585723877 
66.0, 0.9101345539093018 
67.0, 0.9127455353736877 
68.0, 0.9153555631637573 
69.0, 0.9179585576057434 
70.0, 0.9204881191253662 
71.0, 0.9230186343193054 
72.0, 0.9255481362342834 
73.0, 0.9280776381492615 
74.0, 0.9306081533432007 
75.0, 0.9332489371299744 
76.0, 0.9370551705360413 
77.0, 0.9408603310585022 
78.0, 0.9446655511856079 
79.0, 0.9469993710517883 
80.0, 0.9491533041000366 
81.0, 0.9513142108917236 
82.0, 0.9535814523696899 
83.0, 0.9558486938476562 
84.0, 0.9581159353256226 
85.0, 0.9603831171989441 
86.0, 0.9626503586769104 
87.0, 0.964942455291748 
88.0, 0.9679776430130005 
89.0, 0.9710128903388977 
90.0, 0.9740490913391113 
91.0, 0.9770843386650085 
92.0, 0.9801205396652222 
93.0, 0.9831716418266296 
94.0, 0.9869281649589539 
95.0, 0.9889271259307861 
96.0, 0.9905078411102295 
97.0, 0.992089569568634 
98.0, 0.9936702251434326 
99.0, 0.995250940322876 
100.0, 0.3501867236702592 
