Time(Seconds), Inputs 
0.0, 0.23646816611289978 
1.0, 0.29849401116371155 
2.0, 0.3337920010089874 
3.0, 0.36099773645401 
4.0, 0.38843098282814026 
5.0, 0.41214248538017273 
6.0, 0.43203288316726685 
7.0, 0.451843798160553 
8.0, 0.46991801261901855 
9.0, 0.4879922568798065 
10.0, 0.5035130977630615 
11.0, 0.5187647342681885 
12.0, 0.5360262393951416 
13.0, 0.549440860748291 
14.0, 0.5627998113632202 
15.0, 0.5761597156524658 
16.0, 0.5890418291091919 
17.0, 0.6018026471138 
18.0, 0.6149926781654358 
19.0, 0.6269606947898865 
20.0, 0.6374553442001343 
21.0, 0.6479489803314209 
22.0, 0.6584435701370239 
23.0, 0.6685547232627869 
24.0, 0.678215742111206 
25.0, 0.6889328956604004 
26.0, 0.7000434994697571 
27.0, 0.7097065448760986 
28.0, 0.717191755771637 
29.0, 0.7246779799461365 
30.0, 0.7321632504463196 
31.0, 0.7396484613418579 
32.0, 0.7474068999290466 
33.0, 0.7540248036384583 
34.0, 0.7602611184120178 
35.0, 0.7664974927902222 
36.0, 0.7727338671684265 
37.0, 0.7789702415466309 
38.0, 0.7856298089027405 
39.0, 0.7934816479682922 
40.0, 0.7983390092849731 
41.0, 0.8031973838806152 
42.0, 0.8080556988716125 
43.0, 0.8129130601882935 
44.0, 0.8177713751792908 
45.0, 0.8231434226036072 
46.0, 0.8294095396995544 
47.0, 0.8353776931762695 
48.0, 0.8399806618690491 
49.0, 0.8445826768875122 
50.0, 0.8491857051849365 
51.0, 0.8537887334823608 
52.0, 0.8579436540603638 
53.0, 0.8617339134216309 
54.0, 0.8655242323875427 
55.0, 0.8693145513534546 
56.0, 0.8731048703193665 
57.0, 0.8768951296806335 
58.0, 0.8807778358459473 
59.0, 0.8841012120246887 
60.0, 0.8872407674789429 
61.0, 0.8903812766075134 
62.0, 0.893521785736084 
63.0, 0.8966623544692993 
64.0, 0.8998019099235535 
65.0, 0.902942419052124 
66.0, 0.9060670733451843 
67.0, 0.9091907143592834 
68.0, 0.9123153686523438 
69.0, 0.9154390096664429 
70.0, 0.9185636639595032 
71.0, 0.9210911989212036 
72.0, 0.9233484864234924 
73.0, 0.9260319471359253 
74.0, 0.9287154674530029 
75.0, 0.9313989877700806 
76.0, 0.9340825080871582 
77.0, 0.9367660284042358 
78.0, 0.9394495487213135 
79.0, 0.9421320557594299 
80.0, 0.9448145627975464 
81.0, 0.9474971294403076 
82.0, 0.9501796364784241 
83.0, 0.9528621435165405 
84.0, 0.955544650554657 
85.0, 0.9582272171974182 
86.0, 0.9627119898796082 
87.0, 0.9651163220405579 
88.0, 0.967521607875824 
89.0, 0.9699259400367737 
90.0, 0.9723312854766846 
91.0, 0.9747356176376343 
92.0, 0.977139949798584 
93.0, 0.9792283773422241 
94.0, 0.9812402129173279 
95.0, 0.9832521080970764 
96.0, 0.985264003276825 
97.0, 0.9872769117355347 
98.0, 0.9892888069152832 
99.0, 0.9913007020950317 
100.0, 0.3103275009687488 
