Time(Seconds), Inputs 
0.0, 0.06516140699386597 
1.0, 0.19788557291030884 
2.0, 0.2515797019004822 
3.0, 0.2958422899246216 
4.0, 0.3334710896015167 
5.0, 0.3661471903324127 
6.0, 0.39711540937423706 
7.0, 0.4236077666282654 
8.0, 0.44896751642227173 
9.0, 0.47114303708076477 
10.0, 0.49227532744407654 
11.0, 0.5101528167724609 
12.0, 0.527267336845398 
13.0, 0.543877124786377 
14.0, 0.5566428899765015 
15.0, 0.5694097280502319 
16.0, 0.5837482810020447 
17.0, 0.5942210555076599 
18.0, 0.6046938300132751 
19.0, 0.6156544089317322 
20.0, 0.6261867880821228 
21.0, 0.6329010128974915 
22.0, 0.6405779719352722 
23.0, 0.6482629179954529 
24.0, 0.6563730835914612 
25.0, 0.6660668849945068 
26.0, 0.6724721789360046 
27.0, 0.6779971718788147 
28.0, 0.6834774613380432 
29.0, 0.6889587640762329 
30.0, 0.6947957277297974 
31.0, 0.7008363604545593 
32.0, 0.7068780064582825 
33.0, 0.7127854824066162 
34.0, 0.718860924243927 
35.0, 0.7248607873916626 
36.0, 0.7297986149787903 
37.0, 0.734736442565918 
38.0, 0.7399017810821533 
39.0, 0.745635449886322 
40.0, 0.751369059085846 
41.0, 0.7554236650466919 
42.0, 0.7592636346817017 
43.0, 0.7631036043167114 
44.0, 0.7673330307006836 
45.0, 0.7717204689979553 
46.0, 0.776107907295227 
47.0, 0.7809970378875732 
48.0, 0.7859259247779846 
49.0, 0.7911329865455627 
50.0, 0.7972968220710754 
51.0, 0.8013036847114563 
52.0, 0.8054457306861877 
53.0, 0.8098351359367371 
54.0, 0.8142235279083252 
55.0, 0.8182920217514038 
56.0, 0.8221200704574585 
57.0, 0.825947105884552 
58.0, 0.8306643962860107 
59.0, 0.8356350064277649 
60.0, 0.8390030264854431 
61.0, 0.842832088470459 
62.0, 0.8466660976409912 
63.0, 0.8508488535881042 
64.0, 0.8563252091407776 
65.0, 0.8618015050888062 
66.0, 0.8663488626480103 
67.0, 0.8696394562721252 
68.0, 0.8729299902915955 
69.0, 0.8785315155982971 
70.0, 0.8831990957260132 
71.0, 0.8859282732009888 
72.0, 0.8900673389434814 
73.0, 0.8944427967071533 
74.0, 0.8987457752227783 
75.0, 0.902030348777771 
76.0, 0.9053149819374084 
77.0, 0.908905565738678 
78.0, 0.9132879972457886 
79.0, 0.9176714420318604 
80.0, 0.9237856268882751 
81.0, 0.9282723665237427 
82.0, 0.9324322938919067 
83.0, 0.9355817437171936 
84.0, 0.9383208751678467 
85.0, 0.9410590529441833 
86.0, 0.9443009495735168 
87.0, 0.9475835561752319 
88.0, 0.9510877132415771 
89.0, 0.9560215473175049 
90.0, 0.9609554409980774 
91.0, 0.9660412669181824 
92.0, 0.969368577003479 
93.0, 0.9721256494522095 
94.0, 0.9754927158355713 
95.0, 0.9793257117271423 
96.0, 0.9831587672233582 
97.0, 0.9869996905326843 
98.0, 0.990843653678894 
99.0, 0.9946876168251038 
100.0, 0.7566545590809023 
