Time(Seconds), Inputs 
0.0, 0.02304483950138092 
1.0, 0.2907007932662964 
2.0, 0.32659292221069336 
3.0, 0.35851094126701355 
4.0, 0.38207539916038513 
5.0, 0.40482020378112793 
6.0, 0.425435870885849 
7.0, 0.4439849853515625 
8.0, 0.46275070309638977 
9.0, 0.48154425621032715 
10.0, 0.49775761365890503 
11.0, 0.5124846696853638 
12.0, 0.5272107124328613 
13.0, 0.5403719544410706 
14.0, 0.5532808303833008 
15.0, 0.5662463307380676 
16.0, 0.5788800120353699 
17.0, 0.5911480784416199 
18.0, 0.6034161448478699 
19.0, 0.6156355142593384 
20.0, 0.6261748671531677 
21.0, 0.6367042064666748 
22.0, 0.6467676758766174 
23.0, 0.6568300724029541 
24.0, 0.6665716171264648 
25.0, 0.6762853264808655 
26.0, 0.6859980225563049 
27.0, 0.6957117319107056 
28.0, 0.7037106156349182 
29.0, 0.7107855081558228 
30.0, 0.7193944454193115 
31.0, 0.7280043363571167 
32.0, 0.7366132140159607 
33.0, 0.7444939017295837 
34.0, 0.7509915232658386 
35.0, 0.7574892044067383 
36.0, 0.7639868855476379 
37.0, 0.7706643342971802 
38.0, 0.7776210308074951 
39.0, 0.7845737338066101 
40.0, 0.7901672720909119 
41.0, 0.7957608103752136 
42.0, 0.8013543486595154 
43.0, 0.8069479465484619 
44.0, 0.8125414848327637 
45.0, 0.8176998496055603 
46.0, 0.8225681185722351 
47.0, 0.8274006843566895 
48.0, 0.8319559693336487 
49.0, 0.8365122675895691 
50.0, 0.8410676121711731 
51.0, 0.8456239104270935 
52.0, 0.8501792550086975 
53.0, 0.8551369309425354 
54.0, 0.8601860404014587 
55.0, 0.8652361035346985 
56.0, 0.869960367679596 
57.0, 0.8735340237617493 
58.0, 0.8771087527275085 
59.0, 0.8806834816932678 
60.0, 0.8842581510543823 
61.0, 0.8878527283668518 
62.0, 0.8914463520050049 
63.0, 0.8950409293174744 
64.0, 0.8986355066299438 
65.0, 0.9022290706634521 
66.0, 0.9058236479759216 
67.0, 0.9094182252883911 
68.0, 0.9120709300041199 
69.0, 0.914984941482544 
70.0, 0.917898952960968 
71.0, 0.9208129644393921 
72.0, 0.9237260222434998 
73.0, 0.9266400337219238 
74.0, 0.9295540452003479 
75.0, 0.932468056678772 
76.0, 0.9353204369544983 
77.0, 0.9380903840065002 
78.0, 0.9408613443374634 
79.0, 0.9436312913894653 
80.0, 0.9464012384414673 
81.0, 0.9491721987724304 
82.0, 0.9519421458244324 
83.0, 0.9544776082038879 
84.0, 0.9569425582885742 
85.0, 0.9596608281135559 
86.0, 0.9623791575431824 
87.0, 0.9650984406471252 
88.0, 0.9678167104721069 
89.0, 0.9705359935760498 
90.0, 0.9732542634010315 
91.0, 0.9759735465049744 
92.0, 0.9786739349365234 
93.0, 0.9813703894615173 
94.0, 0.9840668439865112 
95.0, 0.9867642521858215 
96.0, 0.9894606471061707 
97.0, 0.9921571016311646 
98.0, 0.9948545098304749 
99.0, 0.9930651783943176 
100.0, 0.2702340752600718 
