Time(Seconds), Inputs 
0.0, 0.20471110939979553 
1.0, 0.26791825890541077 
2.0, 0.3063458502292633 
3.0, 0.33891066908836365 
4.0, 0.36633992195129395 
5.0, 0.39172154664993286 
6.0, 0.4156019389629364 
7.0, 0.437317430973053 
8.0, 0.4582867920398712 
9.0, 0.47609177231788635 
10.0, 0.4936533570289612 
11.0, 0.5109267830848694 
12.0, 0.5275842547416687 
13.0, 0.5442427396774292 
14.0, 0.5581212639808655 
15.0, 0.5753311514854431 
16.0, 0.5919418931007385 
17.0, 0.6035791039466858 
18.0, 0.6152162551879883 
19.0, 0.626854419708252 
20.0, 0.6392406821250916 
21.0, 0.6501148343086243 
22.0, 0.6609879732131958 
23.0, 0.6718611717224121 
24.0, 0.6810939908027649 
25.0, 0.6893988847732544 
26.0, 0.6989834308624268 
27.0, 0.708578884601593 
28.0, 0.7181733846664429 
29.0, 0.7250863313674927 
30.0, 0.7319515943527222 
31.0, 0.7392808198928833 
32.0, 0.7475698590278625 
33.0, 0.755858838558197 
34.0, 0.7630429863929749 
35.0, 0.7685242891311646 
36.0, 0.7740065455436707 
37.0, 0.7800641059875488 
38.0, 0.7864733338356018 
39.0, 0.7928825616836548 
40.0, 0.7992917895317078 
41.0, 0.8045684099197388 
42.0, 0.8077715635299683 
43.0, 0.8122046589851379 
44.0, 0.8167302012443542 
45.0, 0.8212556838989258 
46.0, 0.8257812261581421 
47.0, 0.8303057551383972 
48.0, 0.8348103761672974 
49.0, 0.8392375111579895 
50.0, 0.8436656594276428 
51.0, 0.847212553024292 
52.0, 0.8497897982597351 
53.0, 0.8523669838905334 
54.0, 0.8554180860519409 
55.0, 0.8588934540748596 
56.0, 0.8623688220977783 
57.0, 0.8658441305160522 
58.0, 0.8693185448646545 
59.0, 0.8727938532829285 
60.0, 0.8776909708976746 
61.0, 0.88285231590271 
62.0, 0.8880137205123901 
63.0, 0.8905273079872131 
64.0, 0.8927438855171204 
65.0, 0.8950737118721008 
66.0, 0.8980165123939514 
67.0, 0.9009593725204468 
68.0, 0.9039031863212585 
69.0, 0.9068459868431091 
70.0, 0.9097887873649597 
71.0, 0.9129889607429504 
72.0, 0.9164692759513855 
73.0, 0.9199495911598206 
74.0, 0.9234299063682556 
75.0, 0.9269102811813354 
76.0, 0.9303905963897705 
77.0, 0.9289907217025757 
78.0, 0.9322007894515991 
79.0, 0.9354108572006226 
80.0, 0.9386199712753296 
81.0, 0.941830039024353 
82.0, 0.9449695944786072 
83.0, 0.9473719000816345 
84.0, 0.9497742652893066 
85.0, 0.9521775841712952 
86.0, 0.9545799493789673 
87.0, 0.9569823145866394 
88.0, 0.959804892539978 
89.0, 0.963273286819458 
90.0, 0.9667426943778992 
91.0, 0.9702110886573792 
92.0, 0.9736645817756653 
93.0, 0.9759765267372131 
94.0, 0.978350043296814 
95.0, 0.9807494282722473 
96.0, 0.9831497669219971 
97.0, 0.9855491518974304 
98.0, 0.987949550151825 
99.0, 0.9903488755226135 
100.0, 0.3702749543304136 
