Time(Seconds), Inputs 
0.0, 0.0816231444478035 
1.0, 0.26693663001060486 
2.0, 0.3066409230232239 
3.0, 0.338547021150589 
4.0, 0.36635980010032654 
5.0, 0.3925163745880127 
6.0, 0.41763371229171753 
7.0, 0.43603578209877014 
8.0, 0.45844677090644836 
9.0, 0.47818514704704285 
10.0, 0.4977238178253174 
11.0, 0.5141259431838989 
12.0, 0.529498815536499 
13.0, 0.5450912117958069 
14.0, 0.5598748326301575 
15.0, 0.5746585130691528 
16.0, 0.5891888737678528 
17.0, 0.6018781661987305 
18.0, 0.6147582530975342 
19.0, 0.6296769976615906 
20.0, 0.6406107544898987 
21.0, 0.6513984799385071 
22.0, 0.6621862053871155 
23.0, 0.6729282140731812 
24.0, 0.6818540096282959 
25.0, 0.6915597915649414 
26.0, 0.7012655735015869 
27.0, 0.7109712958335876 
28.0, 0.719423234462738 
29.0, 0.7268637418746948 
30.0, 0.7346351146697998 
31.0, 0.7427194118499756 
32.0, 0.7508037686347961 
33.0, 0.7585731148719788 
34.0, 0.7642044425010681 
35.0, 0.7698367238044739 
36.0, 0.7756161093711853 
37.0, 0.7814580202102661 
38.0, 0.7873009443283081 
39.0, 0.7931438684463501 
40.0, 0.7989857792854309 
41.0, 0.8031268119812012 
42.0, 0.8082305788993835 
43.0, 0.8134773969650269 
44.0, 0.8187242150306702 
45.0, 0.8239710330963135 
46.0, 0.8292168378829956 
47.0, 0.8343215584754944 
48.0, 0.8383960127830505 
49.0, 0.8424704670906067 
50.0, 0.8456010818481445 
51.0, 0.8486074805259705 
52.0, 0.8516138792037964 
53.0, 0.8549402356147766 
54.0, 0.858875572681427 
55.0, 0.8628109097480774 
56.0, 0.866747260093689 
57.0, 0.8706826567649841 
58.0, 0.8746179938316345 
59.0, 0.8786268830299377 
60.0, 0.8826943635940552 
61.0, 0.8862909078598022 
62.0, 0.8888443112373352 
63.0, 0.8913976550102234 
64.0, 0.8939509987831116 
65.0, 0.8969484567642212 
66.0, 0.9001019597053528 
67.0, 0.9032554030418396 
68.0, 0.9064098596572876 
69.0, 0.9095633029937744 
70.0, 0.9127167463302612 
71.0, 0.9156198501586914 
72.0, 0.9185109734535217 
73.0, 0.9214031100273132 
74.0, 0.9242942929267883 
75.0, 0.9271864295005798 
76.0, 0.928510844707489 
77.0, 0.9311337471008301 
78.0, 0.9337566494941711 
79.0, 0.9363795518875122 
80.0, 0.9390024542808533 
81.0, 0.9416253566741943 
82.0, 0.9445483088493347 
83.0, 0.9479501843452454 
84.0, 0.9513530135154724 
85.0, 0.9547557830810547 
86.0, 0.9581576585769653 
87.0, 0.9615604877471924 
88.0, 0.9650557041168213 
89.0, 0.9686184525489807 
90.0, 0.9715205430984497 
91.0, 0.9735990166664124 
92.0, 0.975677490234375 
93.0, 0.9777559638023376 
94.0, 0.9798502922058105 
95.0, 0.981950581073761 
96.0, 0.984049916267395 
97.0, 0.9861502647399902 
98.0, 0.9882495403289795 
99.0, 0.9903488755226135 
100.0, 0.36383650075157875 
