Time(Seconds), Inputs 
0.0, 0.19531035423278809 
1.0, 0.26355665922164917 
2.0, 0.3040388822555542 
3.0, 0.3350865840911865 
4.0, 0.3629569709300995 
5.0, 0.38822829723358154 
6.0, 0.4122895300388336 
7.0, 0.43518832325935364 
8.0, 0.45733997225761414 
9.0, 0.4753347337245941 
10.0, 0.49416401982307434 
11.0, 0.5117037296295166 
12.0, 0.5289384126663208 
13.0, 0.5450305938720703 
14.0, 0.559000551700592 
15.0, 0.5749675035476685 
16.0, 0.5894272923469543 
17.0, 0.6022358536720276 
18.0, 0.615044355392456 
19.0, 0.6267123222351074 
20.0, 0.6370131969451904 
21.0, 0.6487298607826233 
22.0, 0.660445511341095 
23.0, 0.6717061400413513 
24.0, 0.681804358959198 
25.0, 0.6916780471801758 
26.0, 0.7012953758239746 
27.0, 0.7109127044677734 
28.0, 0.7182846665382385 
29.0, 0.7254748344421387 
30.0, 0.732862651348114 
31.0, 0.7412539720535278 
32.0, 0.7496452927589417 
33.0, 0.7571901679039001 
34.0, 0.7636291980743408 
35.0, 0.7700692415237427 
36.0, 0.7758654356002808 
37.0, 0.7815245985984802 
38.0, 0.7871826887130737 
39.0, 0.7928418517112732 
40.0, 0.7981492877006531 
41.0, 0.80253666639328 
42.0, 0.8071495890617371 
43.0, 0.8117635250091553 
44.0, 0.8163765072822571 
45.0, 0.8209894299507141 
46.0, 0.8256133198738098 
47.0, 0.8302769064903259 
48.0, 0.8349415063858032 
49.0, 0.8396061062812805 
50.0, 0.8420193791389465 
51.0, 0.8442568182945251 
52.0, 0.8480510711669922 
53.0, 0.8520599603652954 
54.0, 0.8560678362846375 
55.0, 0.8600767254829407 
56.0, 0.8640846014022827 
57.0, 0.8679017424583435 
58.0, 0.8715579509735107 
59.0, 0.8752151131629944 
60.0, 0.8788712620735168 
61.0, 0.8825274705886841 
62.0, 0.883550763130188 
63.0, 0.8869844079017639 
64.0, 0.8904190063476562 
65.0, 0.8938526511192322 
66.0, 0.8972872495651245 
67.0, 0.9007208943367004 
68.0, 0.9031311869621277 
69.0, 0.9054341912269592 
70.0, 0.9077371954917908 
71.0, 0.9100401997566223 
72.0, 0.9123431444168091 
73.0, 0.9155601859092712 
74.0, 0.9193882942199707 
75.0, 0.9232163429260254 
76.0, 0.9260667562484741 
77.0, 0.9274934530258179 
78.0, 0.9294566512107849 
79.0, 0.9329071640968323 
80.0, 0.9363586902618408 
81.0, 0.9398102164268494 
82.0, 0.9432607293128967 
83.0, 0.9467121958732605 
84.0, 0.9485105276107788 
85.0, 0.950229287147522 
86.0, 0.9519470930099487 
87.0, 0.9536648988723755 
88.0, 0.9553827047348022 
89.0, 0.9587070941925049 
90.0, 0.9630219340324402 
91.0, 0.9673368334770203 
92.0, 0.9692245125770569 
93.0, 0.9704535007476807 
94.0, 0.9722627401351929 
95.0, 0.9754340648651123 
96.0, 0.9786044359207153 
97.0, 0.9817757606506348 
98.0, 0.984946072101593 
99.0, 0.9881174564361572 
100.0, 0.39621187281499237 
