Time(Seconds), Inputs 
0.0, 0.2300390601158142 
1.0, 0.29058951139450073 
2.0, 0.324700266122818 
3.0, 0.3502785861492157 
4.0, 0.375255823135376 
5.0, 0.39991116523742676 
6.0, 0.4186192750930786 
7.0, 0.43695977330207825 
8.0, 0.454041451215744 
9.0, 0.470071017742157 
10.0, 0.48610055446624756 
11.0, 0.5007540583610535 
12.0, 0.5153350830078125 
13.0, 0.5298166871070862 
14.0, 0.5412919521331787 
15.0, 0.5541114211082458 
16.0, 0.5679243803024292 
17.0, 0.5804666876792908 
18.0, 0.5921416282653809 
19.0, 0.6038165092468262 
20.0, 0.6154914498329163 
21.0, 0.6245205998420715 
22.0, 0.6334087252616882 
23.0, 0.6444746255874634 
24.0, 0.6557888984680176 
25.0, 0.6652402877807617 
26.0, 0.6735193729400635 
27.0, 0.6817973852157593 
28.0, 0.690076470375061 
29.0, 0.6983545422554016 
30.0, 0.7043395042419434 
31.0, 0.7121486663818359 
32.0, 0.7199577689170837 
33.0, 0.7277668714523315 
34.0, 0.7355759739875793 
35.0, 0.7433850765228271 
36.0, 0.7493919730186462 
37.0, 0.7548245787620544 
38.0, 0.7608393430709839 
39.0, 0.7673916816711426 
40.0, 0.7739439606666565 
41.0, 0.7804962992668152 
42.0, 0.7870485782623291 
43.0, 0.7926660180091858 
44.0, 0.7981572151184082 
45.0, 0.8036484122276306 
46.0, 0.808903157711029 
47.0, 0.8141122460365295 
48.0, 0.8193212747573853 
49.0, 0.8245303630828857 
50.0, 0.8297393918037415 
51.0, 0.833718478679657 
52.0, 0.8368232846260071 
53.0, 0.8400731086730957 
54.0, 0.8442260026931763 
55.0, 0.8483799695968628 
56.0, 0.8525329232215881 
57.0, 0.8566868305206299 
58.0, 0.8608397841453552 
59.0, 0.8649926781654358 
60.0, 0.8691466450691223 
61.0, 0.8740715384483337 
62.0, 0.8776254057884216 
63.0, 0.8810153007507324 
64.0, 0.8844062089920044 
65.0, 0.8877961039543152 
66.0, 0.8911870121955872 
67.0, 0.894576907157898 
68.0, 0.8979668617248535 
69.0, 0.901623010635376 
70.0, 0.9053626656532288 
71.0, 0.9091022610664368 
72.0, 0.9128409028053284 
73.0, 0.9165805578231812 
74.0, 0.9194210767745972 
75.0, 0.9221442937850952 
76.0, 0.9248695373535156 
77.0, 0.9276236295700073 
78.0, 0.9303766489028931 
79.0, 0.9331307411193848 
80.0, 0.9358837604522705 
81.0, 0.9386378526687622 
82.0, 0.941390872001648 
83.0, 0.9441439509391785 
84.0, 0.9469338059425354 
85.0, 0.9497861862182617 
86.0, 0.9526376128196716 
87.0, 0.9554900527000427 
88.0, 0.958342432975769 
89.0, 0.9607726335525513 
90.0, 0.9628828763961792 
91.0, 0.9649940729141235 
92.0, 0.96728515625 
93.0, 0.9696567058563232 
94.0, 0.9720282554626465 
95.0, 0.9744008183479309 
96.0, 0.9767723679542542 
97.0, 0.9791448712348938 
98.0, 0.981516420841217 
99.0, 0.9838879704475403 
100.0, 0.2741559110709891 
