Time(Seconds), Inputs 
0.0, 0.19200588762760162 
1.0, 0.2596988081932068 
2.0, 0.2999078035354614 
3.0, 0.3343791961669922 
4.0, 0.36611637473106384 
5.0, 0.3900355398654938 
6.0, 0.41326913237571716 
7.0, 0.4351416230201721 
8.0, 0.4564467966556549 
9.0, 0.4761772155761719 
10.0, 0.49580830335617065 
11.0, 0.5144458413124084 
12.0, 0.5322756767272949 
13.0, 0.5485396981239319 
14.0, 0.5642990469932556 
15.0, 0.5799649357795715 
16.0, 0.5937580466270447 
17.0, 0.6068885326385498 
18.0, 0.6195946931838989 
19.0, 0.6317932605743408 
20.0, 0.6438724994659424 
21.0, 0.6559517979621887 
22.0, 0.6671498417854309 
23.0, 0.6769222021102905 
24.0, 0.6866945028305054 
25.0, 0.6964668035507202 
26.0, 0.7062391638755798 
27.0, 0.7147367596626282 
28.0, 0.7228876352310181 
29.0, 0.7309203147888184 
30.0, 0.7389539480209351 
31.0, 0.7469876408576965 
32.0, 0.7543913722038269 
33.0, 0.7612646222114563 
34.0, 0.7667905688285828 
35.0, 0.7723156213760376 
36.0, 0.7778406143188477 
37.0, 0.7833656072616577 
38.0, 0.7888906002044678 
39.0, 0.7950693368911743 
40.0, 0.7995491623878479 
41.0, 0.8040289282798767 
42.0, 0.8085087537765503 
43.0, 0.8129875659942627 
44.0, 0.8175269961357117 
45.0, 0.8229457139968872 
46.0, 0.8283633589744568 
47.0, 0.8337820768356323 
48.0, 0.8379469513893127 
49.0, 0.8415395021438599 
50.0, 0.8448251485824585 
51.0, 0.8478732705116272 
52.0, 0.8509224057197571 
53.0, 0.8539705276489258 
54.0, 0.8570196628570557 
55.0, 0.8601512312889099 
56.0, 0.864536702632904 
57.0, 0.8689211010932922 
58.0, 0.8733065128326416 
59.0, 0.8776919841766357 
60.0, 0.8792040944099426 
61.0, 0.8814405202865601 
62.0, 0.88448566198349 
63.0, 0.8875308632850647 
64.0, 0.8905760049819946 
65.0, 0.8936211466789246 
66.0, 0.8966842293739319 
67.0, 0.900001585483551 
68.0, 0.9033199548721313 
69.0, 0.9066383242607117 
70.0, 0.9099557399749756 
71.0, 0.9132741093635559 
72.0, 0.91680908203125 
73.0, 0.9205218553543091 
74.0, 0.9230166077613831 
75.0, 0.9253842234611511 
76.0, 0.9277527332305908 
77.0, 0.9301382303237915 
78.0, 0.9329012036323547 
79.0, 0.9356642365455627 
80.0, 0.938427209854126 
81.0, 0.9411901831626892 
82.0, 0.9439532160758972 
83.0, 0.9467261433601379 
84.0, 0.9495069980621338 
85.0, 0.9522879123687744 
86.0, 0.9550687670707703 
87.0, 0.9578496813774109 
88.0, 0.9607944488525391 
89.0, 0.9648073315620422 
90.0, 0.966916561126709 
91.0, 0.9690268039703369 
92.0, 0.9711360931396484 
93.0, 0.9732463359832764 
94.0, 0.9754072427749634 
95.0, 0.9776128530502319 
96.0, 0.9798194766044617 
97.0, 0.982025146484375 
98.0, 0.9842317700386047 
99.0, 0.9864373803138733 
100.0, 0.38279842785908647 
