Time(Seconds), Inputs 
0.0, 0.21241192519664764 
1.0, 0.2788907587528229 
2.0, 0.3182125389575958 
3.0, 0.35010671615600586 
4.0, 0.3772418797016144 
5.0, 0.40130311250686646 
6.0, 0.42329779267311096 
7.0, 0.44326767325401306 
8.0, 0.4628560245037079 
9.0, 0.48137733340263367 
10.0, 0.49925386905670166 
11.0, 0.5170816779136658 
12.0, 0.5338414907455444 
13.0, 0.5502644777297974 
14.0, 0.5646199584007263 
15.0, 0.5780941247940063 
16.0, 0.5915683507919312 
17.0, 0.6050286293029785 
18.0, 0.6176642775535583 
19.0, 0.6301817297935486 
20.0, 0.6423782706260681 
21.0, 0.6533507704734802 
22.0, 0.6643232703208923 
23.0, 0.6753136515617371 
24.0, 0.6859682202339172 
25.0, 0.6950321793556213 
26.0, 0.7040961384773254 
27.0, 0.713161051273346 
28.0, 0.72222501039505 
29.0, 0.7295979261398315 
30.0, 0.7372749447822571 
31.0, 0.7449519038200378 
32.0, 0.7526288628578186 
33.0, 0.7603058218955994 
34.0, 0.7677692174911499 
35.0, 0.7725610136985779 
36.0, 0.7782588601112366 
37.0, 0.78395676612854 
38.0, 0.7896546125411987 
39.0, 0.7953524589538574 
40.0, 0.8010503649711609 
41.0, 0.8093492984771729 
42.0, 0.8140039443969727 
43.0, 0.8182850480079651 
44.0, 0.8225661516189575 
45.0, 0.8268482685089111 
46.0, 0.8311293721199036 
47.0, 0.8356071710586548 
48.0, 0.8402012586593628 
49.0, 0.844795286655426 
50.0, 0.8493883609771729 
51.0, 0.8530922532081604 
52.0, 0.8550534844398499 
53.0, 0.8587464094161987 
54.0, 0.8628953695297241 
55.0, 0.8670453429222107 
56.0, 0.8711953163146973 
57.0, 0.8753452301025391 
58.0, 0.8794952034950256 
59.0, 0.8828334808349609 
60.0, 0.88612300157547 
61.0, 0.8894125819206238 
62.0, 0.8927031755447388 
63.0, 0.8957244753837585 
64.0, 0.898252010345459 
65.0, 0.9011004567146301 
66.0, 0.9039488434791565 
67.0, 0.9067972898483276 
68.0, 0.9096457362174988 
69.0, 0.9124941825866699 
70.0, 0.9153436422348022 
71.0, 0.9181950688362122 
72.0, 0.9210474491119385 
73.0, 0.9238988757133484 
74.0, 0.9267503023147583 
75.0, 0.9296026825904846 
76.0, 0.9327383041381836 
77.0, 0.9362881183624268 
78.0, 0.9389001131057739 
79.0, 0.9411047697067261 
80.0, 0.9433103799819946 
81.0, 0.9455159902572632 
82.0, 0.9477882385253906 
83.0, 0.9501110911369324 
84.0, 0.9524339437484741 
85.0, 0.9547567963600159 
86.0, 0.9570796489715576 
87.0, 0.9594025611877441 
88.0, 0.9617353081703186 
89.0, 0.9640710949897766 
90.0, 0.9664078950881958 
91.0, 0.9687446355819702 
92.0, 0.9710814356803894 
93.0, 0.9734182357788086 
94.0, 0.9770128130912781 
95.0, 0.9803848266601562 
96.0, 0.9825208783149719 
97.0, 0.9846559762954712 
98.0, 0.9867910742759705 
99.0, 0.9889261722564697 
100.0, 0.3604256533199341 
