Time(Seconds), Inputs 
0.0, 0.167043536901474 
1.0, 0.24340398609638214 
2.0, 0.2877222001552582 
3.0, 0.32522979378700256 
4.0, 0.35575589537620544 
5.0, 0.3892039358615875 
6.0, 0.41680708527565 
7.0, 0.4416859745979309 
8.0, 0.46519678831100464 
9.0, 0.48575979471206665 
10.0, 0.5065314173698425 
11.0, 0.524888813495636 
12.0, 0.5424146056175232 
13.0, 0.5590283870697021 
14.0, 0.5752357840538025 
15.0, 0.5914441347122192 
16.0, 0.6058492660522461 
17.0, 0.6193145513534546 
18.0, 0.6331335306167603 
19.0, 0.6453707814216614 
20.0, 0.6557540893554688 
21.0, 0.6660341024398804 
22.0, 0.6759961843490601 
23.0, 0.6856403946876526 
24.0, 0.6943118572235107 
25.0, 0.7028114795684814 
26.0, 0.7101198434829712 
27.0, 0.7174282670021057 
28.0, 0.7247366309165955 
29.0, 0.7325159311294556 
30.0, 0.7377468347549438 
31.0, 0.7429708242416382 
32.0, 0.7481937408447266 
33.0, 0.7534167170524597 
34.0, 0.7593291997909546 
35.0, 0.7653271555900574 
36.0, 0.7709494829177856 
37.0, 0.7758217453956604 
38.0, 0.7806602120399475 
39.0, 0.7854897379875183 
40.0, 0.7903183102607727 
41.0, 0.7951468229293823 
42.0, 0.7994775772094727 
43.0, 0.8035212755203247 
44.0, 0.8075659275054932 
45.0, 0.8116105198860168 
46.0, 0.8141887187957764 
47.0, 0.8179064989089966 
48.0, 0.8216242790222168 
49.0, 0.825342059135437 
50.0, 0.8286107778549194 
51.0, 0.8312177658081055 
52.0, 0.8338248133659363 
53.0, 0.8364328145980835 
54.0, 0.8396438956260681 
55.0, 0.8443393111228943 
56.0, 0.8490346670150757 
57.0, 0.8537300825119019 
58.0, 0.8571935296058655 
59.0, 0.8601731061935425 
60.0, 0.8631517291069031 
61.0, 0.8661313056945801 
62.0, 0.869153618812561 
63.0, 0.8728763461112976 
64.0, 0.8765990734100342 
65.0, 0.8803218007087708 
66.0, 0.8840445876121521 
67.0, 0.8878597021102905 
68.0, 0.8916798233985901 
69.0, 0.8954999446868896 
70.0, 0.8970716595649719 
71.0, 0.8992455005645752 
72.0, 0.902596652507782 
73.0, 0.9059468507766724 
74.0, 0.9092980027198792 
75.0, 0.9129055142402649 
76.0, 0.9166242480278015 
77.0, 0.9203430414199829 
78.0, 0.9240627884864807 
79.0, 0.9279266595840454 
80.0, 0.9318967461585999 
81.0, 0.9358658790588379 
82.0, 0.9398360252380371 
83.0, 0.939987063407898 
84.0, 0.944456934928894 
85.0, 0.9489268064498901 
86.0, 0.9533966779708862 
87.0, 0.9569435715675354 
88.0, 0.9587994813919067 
89.0, 0.9606553912162781 
90.0, 0.9625113010406494 
91.0, 0.9645370841026306 
92.0, 0.9671480655670166 
93.0, 0.9697590470314026 
94.0, 0.9723700284957886 
95.0, 0.9770207405090332 
96.0, 0.9849818348884583 
97.0, 0.9866559505462646 
98.0, 0.988330066204071 
99.0, 0.9900041222572327 
100.0, 0.5118464139261366 
