Time(Seconds), Inputs 
0.0, 0.20002663135528564 
1.0, 0.26686710119247437 
2.0, 0.30607959628105164 
3.0, 0.33775418996810913 
4.0, 0.3657964766025543 
5.0, 0.3909396231174469 
6.0, 0.41516777873039246 
7.0, 0.4356999695301056 
8.0, 0.4562321901321411 
9.0, 0.4745379090309143 
10.0, 0.4933106005191803 
11.0, 0.5103476047515869 
12.0, 0.5263959765434265 
13.0, 0.5424434542655945 
14.0, 0.558108389377594 
15.0, 0.5733718872070312 
16.0, 0.5875852704048157 
17.0, 0.6006084084510803 
18.0, 0.6136325597763062 
19.0, 0.6266556978225708 
20.0, 0.6381855607032776 
21.0, 0.6497432589530945 
22.0, 0.6618553400039673 
23.0, 0.6731785535812378 
24.0, 0.6823309063911438 
25.0, 0.6914833188056946 
26.0, 0.7006356716156006 
27.0, 0.7102480530738831 
28.0, 0.7192125916481018 
29.0, 0.727408230304718 
30.0, 0.7356038093566895 
31.0, 0.7437993884086609 
32.0, 0.7519959807395935 
33.0, 0.7577435374259949 
34.0, 0.76429682970047 
35.0, 0.7708501219749451 
36.0, 0.7774034142494202 
37.0, 0.78395676612854 
38.0, 0.7905100584030151 
39.0, 0.7979863286018372 
40.0, 0.8031755089759827 
41.0, 0.8079622983932495 
42.0, 0.8127501010894775 
43.0, 0.8175369501113892 
44.0, 0.8223247528076172 
45.0, 0.8271800875663757 
46.0, 0.8322967290878296 
47.0, 0.8374134302139282 
48.0, 0.8420462012290955 
49.0, 0.8450496792793274 
50.0, 0.8480530977249146 
51.0, 0.8512045741081238 
52.0, 0.8550037741661072 
53.0, 0.8588040471076965 
54.0, 0.8626033067703247 
55.0, 0.8664035201072693 
56.0, 0.8702027797698975 
57.0, 0.8739920854568481 
58.0, 0.8777297139167786 
59.0, 0.881467342376709 
60.0, 0.8849278092384338 
61.0, 0.8877971172332764 
62.0, 0.8906664252281189 
63.0, 0.8935585618019104 
64.0, 0.896598756313324 
65.0, 0.8996379375457764 
66.0, 0.9026781320571899 
67.0, 0.9057173728942871 
68.0, 0.9087575078010559 
69.0, 0.9118325114250183 
70.0, 0.9151657819747925 
71.0, 0.9184990525245667 
72.0, 0.921833336353302 
73.0, 0.9251666069030762 
74.0, 0.9278233051300049 
75.0, 0.9299444556236267 
76.0, 0.9322186708450317 
77.0, 0.9344918727874756 
78.0, 0.9367650151252747 
79.0, 0.9390392303466797 
80.0, 0.9413124322891235 
81.0, 0.9436233639717102 
82.0, 0.9464071989059448 
83.0, 0.9491910934448242 
84.0, 0.9519749283790588 
85.0, 0.9547587633132935 
86.0, 0.9575426578521729 
87.0, 0.9603374600410461 
88.0, 0.9633269906044006 
89.0, 0.9663174748420715 
90.0, 0.969307005405426 
91.0, 0.9718752503395081 
92.0, 0.9744415283203125 
93.0, 0.9769859313964844 
94.0, 0.978754460811615 
95.0, 0.9805238842964172 
96.0, 0.9822923541069031 
97.0, 0.9840618371963501 
98.0, 0.9858313202857971 
99.0, 0.987599790096283 
100.0, 0.35004620186595925 
