Time(Seconds), Inputs 
0.0, 0.21701394021511078 
1.0, 0.28879719972610474 
2.0, 0.3236868679523468 
3.0, 0.3528975248336792 
4.0, 0.3794604241847992 
5.0, 0.4029821753501892 
6.0, 0.4249420762062073 
7.0, 0.4411425292491913 
8.0, 0.4604765474796295 
9.0, 0.4784404933452606 
10.0, 0.4936106204986572 
11.0, 0.5087807774543762 
12.0, 0.5235773921012878 
13.0, 0.5380401015281677 
14.0, 0.5533245205879211 
15.0, 0.5673114061355591 
16.0, 0.5804557800292969 
17.0, 0.5935990810394287 
18.0, 0.6059357523918152 
19.0, 0.6172609329223633 
20.0, 0.628585159778595 
21.0, 0.6407628059387207 
22.0, 0.6508083343505859 
23.0, 0.6600947976112366 
24.0, 0.669381320476532 
25.0, 0.6786677837371826 
26.0, 0.6878917217254639 
27.0, 0.696897029876709 
28.0, 0.7057850956916809 
29.0, 0.7144724726676941 
30.0, 0.7231608629226685 
31.0, 0.7311329245567322 
32.0, 0.7380319833755493 
33.0, 0.7449310421943665 
34.0, 0.7518301010131836 
35.0, 0.7592238783836365 
36.0, 0.7683613300323486 
37.0, 0.7749692797660828 
38.0, 0.7806254625320435 
39.0, 0.7862815856933594 
40.0, 0.7919377088546753 
41.0, 0.7975948452949524 
42.0, 0.8031953573226929 
43.0, 0.8082554340362549 
44.0, 0.8133154511451721 
45.0, 0.818140983581543 
46.0, 0.8229655623435974 
47.0, 0.8277901411056519 
48.0, 0.8326137065887451 
49.0, 0.8374382257461548 
50.0, 0.8421922922134399 
51.0, 0.8469443321228027 
52.0, 0.8516963720321655 
53.0, 0.856248676776886 
54.0, 0.859464704990387 
55.0, 0.8626807928085327 
56.0, 0.8658978343009949 
57.0, 0.8696185946464539 
58.0, 0.8734446167945862 
59.0, 0.8772717118263245 
60.0, 0.8810977935791016 
61.0, 0.8849238157272339 
62.0, 0.8887509107589722 
63.0, 0.8925769925117493 
64.0, 0.8958933353424072 
65.0, 0.8988938331604004 
66.0, 0.9015743136405945 
67.0, 0.9042548537254333 
68.0, 0.9069353938102722 
69.0, 0.9096159338951111 
70.0, 0.91229647397995 
71.0, 0.9149064421653748 
72.0, 0.9174588322639465 
73.0, 0.9200112223625183 
74.0, 0.9225635528564453 
75.0, 0.9251159429550171 
76.0, 0.9276683330535889 
77.0, 0.9302206635475159 
78.0, 0.9336881041526794 
79.0, 0.9384163022041321 
80.0, 0.9418081641197205 
81.0, 0.9438379406929016 
82.0, 0.9458667039871216 
83.0, 0.9478964805603027 
84.0, 0.9499253034591675 
85.0, 0.9520911574363708 
86.0, 0.9546475410461426 
87.0, 0.9572038650512695 
88.0, 0.9597601890563965 
89.0, 0.9623165726661682 
90.0, 0.9648728966712952 
91.0, 0.9674292206764221 
92.0, 0.969993531703949 
93.0, 0.9726094603538513 
94.0, 0.9752254486083984 
95.0, 0.9778413772583008 
96.0, 0.9804563522338867 
97.0, 0.9830722808837891 
98.0, 0.9854676723480225 
99.0, 0.9878432154655457 
100.0, 0.29532573380060384 
