Time(Seconds), Inputs 
0.0, 0.1316899061203003 
1.0, 0.332258015871048 
2.0, 0.3654874861240387 
3.0, 0.3904935419559479 
4.0, 0.41193780303001404 
5.0, 0.4301898777484894 
6.0, 0.44807833433151245 
7.0, 0.46446752548217773 
8.0, 0.48059940338134766 
9.0, 0.4953343868255615 
10.0, 0.510087251663208 
11.0, 0.5248391628265381 
12.0, 0.5382716059684753 
13.0, 0.5509897470474243 
14.0, 0.5637078881263733 
15.0, 0.5755546689033508 
16.0, 0.5853836536407471 
17.0, 0.5952125787734985 
18.0, 0.605818510055542 
19.0, 0.6182276010513306 
20.0, 0.628076434135437 
21.0, 0.6379252672195435 
22.0, 0.6477741003036499 
23.0, 0.6576229333877563 
24.0, 0.6660460233688354 
25.0, 0.6744542717933655 
26.0, 0.6828614473342896 
27.0, 0.6912696957588196 
28.0, 0.700788676738739 
29.0, 0.7084556818008423 
30.0, 0.7161237597465515 
31.0, 0.7237907648086548 
32.0, 0.731458842754364 
33.0, 0.7391258478164673 
34.0, 0.7464173436164856 
35.0, 0.7528852224349976 
36.0, 0.7593540549278259 
37.0, 0.7658219337463379 
38.0, 0.772122859954834 
39.0, 0.778066098690033 
40.0, 0.7840093970298767 
41.0, 0.7897400259971619 
42.0, 0.7952610850334167 
43.0, 0.8007811307907104 
44.0, 0.8063021302223206 
45.0, 0.8118221759796143 
46.0, 0.8173431754112244 
47.0, 0.8228642344474792 
48.0, 0.8298437595367432 
49.0, 0.8344745635986328 
50.0, 0.8391063809394836 
51.0, 0.8437371850013733 
52.0, 0.8483680486679077 
53.0, 0.8529988527297974 
54.0, 0.8576306700706482 
55.0, 0.8622615337371826 
56.0, 0.8668923377990723 
57.0, 0.8715241551399231 
58.0, 0.8738102316856384 
59.0, 0.8777784109115601 
60.0, 0.8817475438117981 
61.0, 0.885715663433075 
62.0, 0.889684796333313 
63.0, 0.893653929233551 
64.0, 0.8976221084594727 
65.0, 0.9015912413597107 
66.0, 0.9055593609809875 
67.0, 0.9095284938812256 
68.0, 0.9149512052536011 
69.0, 0.9181225299835205 
70.0, 0.9212948679924011 
71.0, 0.9244661927223206 
72.0, 0.92763751745224 
73.0, 0.9308098554611206 
74.0, 0.93398118019104 
75.0, 0.9371525049209595 
76.0, 0.9403238296508789 
77.0, 0.9434961676597595 
78.0, 0.9465860724449158 
79.0, 0.9495954513549805 
80.0, 0.9526048302650452 
81.0, 0.9556142091751099 
82.0, 0.9583026766777039 
83.0, 0.9606136679649353 
84.0, 0.9629255533218384 
85.0, 0.9652365446090698 
86.0, 0.9675474762916565 
87.0, 0.9698584079742432 
88.0, 0.9720779657363892 
89.0, 0.9742189645767212 
90.0, 0.976360023021698 
91.0, 0.9785010814666748 
92.0, 0.9806411266326904 
93.0, 0.9827821850776672 
94.0, 0.984923243522644 
95.0, 0.9870643019676208 
96.0, 0.9892043471336365 
97.0, 0.9913454055786133 
98.0, 0.995049238204956 
99.0, 0.9998122453689575 
100.0, 0.2118344908639536 
