Time(Seconds), Inputs 
0.0, 0.09681912511587143 
1.0, 0.26601067185401917 
2.0, 0.3062484860420227 
3.0, 0.33777207136154175 
4.0, 0.364952951669693 
5.0, 0.39055514335632324 
6.0, 0.41537341475486755 
7.0, 0.43534132838249207 
8.0, 0.4573310315608978 
9.0, 0.47593778371810913 
10.0, 0.4941113591194153 
11.0, 0.5116252303123474 
12.0, 0.5287317633628845 
13.0, 0.5455005168914795 
14.0, 0.5603278875350952 
15.0, 0.5754364728927612 
16.0, 0.5900810360908508 
17.0, 0.6027683615684509 
18.0, 0.615455687046051 
19.0, 0.6281419992446899 
20.0, 0.6381418704986572 
21.0, 0.6498903036117554 
22.0, 0.6616387367248535 
23.0, 0.673214316368103 
24.0, 0.6817834973335266 
25.0, 0.6905553340911865 
26.0, 0.701086699962616 
27.0, 0.711617112159729 
28.0, 0.7204763889312744 
29.0, 0.7284365296363831 
30.0, 0.7363966107368469 
31.0, 0.7437835335731506 
32.0, 0.7503268718719482 
33.0, 0.7568702101707458 
34.0, 0.7632059454917908 
35.0, 0.7695038914680481 
36.0, 0.7758018970489502 
37.0, 0.7819269895553589 
38.0, 0.7879825234413147 
39.0, 0.7940380573272705 
40.0, 0.8000935912132263 
41.0, 0.8033722043037415 
42.0, 0.8065177202224731 
43.0, 0.8113085031509399 
44.0, 0.8160992860794067 
45.0, 0.8208900690078735 
46.0, 0.8256798982620239 
47.0, 0.8304706811904907 
48.0, 0.8355356454849243 
49.0, 0.8412434458732605 
50.0, 0.844776451587677 
51.0, 0.847383439540863 
52.0, 0.8499914407730103 
53.0, 0.8525994420051575 
54.0, 0.8557300567626953 
55.0, 0.8591786026954651 
56.0, 0.8626271486282349 
57.0, 0.866076648235321 
58.0, 0.8695251941680908 
59.0, 0.8729736804962158 
60.0, 0.877866804599762 
61.0, 0.8829308152198792 
62.0, 0.8866416215896606 
63.0, 0.888963520526886 
64.0, 0.8912853598594666 
65.0, 0.8938000202178955 
66.0, 0.8969962000846863 
67.0, 0.9001923203468323 
68.0, 0.9033895134925842 
69.0, 0.906585693359375 
70.0, 0.9097828269004822 
71.0, 0.9130694270133972 
72.0, 0.916440486907959 
73.0, 0.919811487197876 
74.0, 0.9231825470924377 
75.0, 0.9265535473823547 
76.0, 0.9269102811813354 
77.0, 0.928902268409729 
78.0, 0.9318311810493469 
79.0, 0.934761106967926 
80.0, 0.937690019607544 
81.0, 0.940619945526123 
82.0, 0.9435210227966309 
83.0, 0.9461876153945923 
84.0, 0.9488532543182373 
85.0, 0.9515199065208435 
86.0, 0.9541855454444885 
87.0, 0.95685213804245 
88.0, 0.9598615169525146 
89.0, 0.9633756279945374 
90.0, 0.9668897390365601 
91.0, 0.9704028367996216 
92.0, 0.9712364077568054 
93.0, 0.9719150066375732 
94.0, 0.9739954471588135 
95.0, 0.9766581058502197 
96.0, 0.979320764541626 
97.0, 0.9819843769073486 
98.0, 0.9846470355987549 
99.0, 0.9873096942901611 
100.0, 0.3697490621234122 
