Time(Seconds), Inputs 
0.0, 0.07921483367681503 
1.0, 0.3471986651420593 
2.0, 0.37376952171325684 
3.0, 0.39684614539146423 
4.0, 0.4140927791595459 
5.0, 0.43134039640426636 
6.0, 0.44581010937690735 
7.0, 0.4598575532436371 
8.0, 0.4739060401916504 
9.0, 0.4859992265701294 
10.0, 0.4976731538772583 
11.0, 0.5093470811843872 
12.0, 0.5207686424255371 
13.0, 0.5308598875999451 
14.0, 0.540951132774353 
15.0, 0.5510433912277222 
16.0, 0.5611346364021301 
17.0, 0.569460391998291 
18.0, 0.5788094997406006 
19.0, 0.5881585478782654 
20.0, 0.5975066423416138 
21.0, 0.6066491007804871 
22.0, 0.6151039600372314 
23.0, 0.6235588788986206 
24.0, 0.6320127844810486 
25.0, 0.6404677033424377 
26.0, 0.6486623287200928 
27.0, 0.6555991172790527 
28.0, 0.6625369191169739 
29.0, 0.669474720954895 
30.0, 0.6764125227928162 
31.0, 0.6833502650260925 
32.0, 0.6902860999107361 
33.0, 0.6969993710517883 
34.0, 0.7033618688583374 
35.0, 0.7097244262695312 
36.0, 0.7160869836807251 
37.0, 0.7224485278129578 
38.0, 0.7288110852241516 
39.0, 0.7351477742195129 
40.0, 0.7414358258247375 
41.0, 0.747722864151001 
42.0, 0.7540108561515808 
43.0, 0.7602989077568054 
44.0, 0.7665859460830688 
45.0, 0.7728739380836487 
46.0, 0.7786840796470642 
47.0, 0.784083902835846 
48.0, 0.7894827127456665 
49.0, 0.7948815226554871 
50.0, 0.800107479095459 
51.0, 0.805206298828125 
52.0, 0.8103040456771851 
53.0, 0.8154028058052063 
54.0, 0.8204797506332397 
55.0, 0.8253152370452881 
56.0, 0.8301507234573364 
57.0, 0.834987223148346 
58.0, 0.8398227095603943 
59.0, 0.8446581959724426 
60.0, 0.849493682384491 
61.0, 0.8543301820755005 
62.0, 0.8591656684875488 
63.0, 0.8635520935058594 
64.0, 0.8664909601211548 
65.0, 0.8694297671318054 
66.0, 0.8725613951683044 
67.0, 0.8771425485610962 
68.0, 0.8817237019538879 
69.0, 0.8863048553466797 
70.0, 0.8908860087394714 
71.0, 0.8954671621322632 
72.0, 0.9000482559204102 
73.0, 0.9046294093132019 
74.0, 0.9082299470901489 
75.0, 0.9115573167800903 
76.0, 0.9148855805397034 
77.0, 0.9182129502296448 
78.0, 0.9215402603149414 
79.0, 0.924867570400238 
80.0, 0.9281948804855347 
81.0, 0.9315221905708313 
82.0, 0.9348495006561279 
83.0, 0.938450038433075 
84.0, 0.9422314167022705 
85.0, 0.9460137486457825 
86.0, 0.949546754360199 
87.0, 0.9526525139808655 
88.0, 0.9557592868804932 
89.0, 0.9588650465011597 
90.0, 0.9619708061218262 
91.0, 0.9650775790214539 
92.0, 0.9681833386421204 
93.0, 0.9712900519371033 
94.0, 0.9743958115577698 
95.0, 0.9775025844573975 
96.0, 0.980608344078064 
97.0, 0.9837141036987305 
98.0, 0.9868208765983582 
99.0, 0.9911724925041199 
100.0, 0.12766193008827323 
