Time(Seconds), Inputs 
0.0, 0.1712799370288849 
1.0, 0.2476433515548706 
2.0, 0.2930147051811218 
3.0, 0.33001065254211426 
4.0, 0.3626609146595001 
5.0, 0.39220738410949707 
6.0, 0.4196138083934784 
7.0, 0.44437146186828613 
8.0, 0.46799156069755554 
9.0, 0.4898242950439453 
10.0, 0.511274516582489 
11.0, 0.5286036133766174 
12.0, 0.5480320453643799 
13.0, 0.5654733777046204 
14.0, 0.5811164379119873 
15.0, 0.596992015838623 
16.0, 0.6102635264396667 
17.0, 0.6229101419448853 
18.0, 0.6355577111244202 
19.0, 0.6479886770248413 
20.0, 0.6589483022689819 
21.0, 0.6699069142341614 
22.0, 0.680865466594696 
23.0, 0.6890163421630859 
24.0, 0.6966089010238647 
25.0, 0.7042014002799988 
26.0, 0.7117929458618164 
27.0, 0.7199438214302063 
28.0, 0.7285418510437012 
29.0, 0.7343390583992004 
30.0, 0.7401352524757385 
31.0, 0.7457824945449829 
32.0, 0.7510859370231628 
33.0, 0.7563903331756592 
34.0, 0.7616937756538391 
35.0, 0.7692247033119202 
36.0, 0.7746831774711609 
37.0, 0.7796617150306702 
38.0, 0.7846403121948242 
39.0, 0.7894996404647827 
40.0, 0.7940459847450256 
41.0, 0.7985933423042297 
42.0, 0.8031397461891174 
43.0, 0.8074734807014465 
44.0, 0.8112210631370544 
45.0, 0.81500244140625 
46.0, 0.8188017010688782 
47.0, 0.8225015997886658 
48.0, 0.8258944749832153 
49.0, 0.8292873501777649 
50.0, 0.8326802849769592 
51.0, 0.8361566066741943 
52.0, 0.839945912361145 
53.0, 0.8437342047691345 
54.0, 0.8475225567817688 
55.0, 0.8516983389854431 
56.0, 0.8566291928291321 
57.0, 0.8604135513305664 
58.0, 0.8641979098320007 
59.0, 0.8679822087287903 
60.0, 0.8717695474624634 
61.0, 0.8755568861961365 
62.0, 0.8793432116508484 
63.0, 0.8828592896461487 
64.0, 0.885122537612915 
65.0, 0.8873857855796814 
66.0, 0.8896490335464478 
67.0, 0.892757773399353 
68.0, 0.8987289071083069 
69.0, 0.901545524597168 
70.0, 0.9043622016906738 
71.0, 0.9072632789611816 
72.0, 0.9106552004814148 
73.0, 0.9140470623970032 
74.0, 0.9174399375915527 
75.0, 0.9208338260650635 
76.0, 0.9242416620254517 
77.0, 0.9276494383811951 
78.0, 0.9310562610626221 
79.0, 0.9345434904098511 
80.0, 0.9387491345405579 
81.0, 0.9413650631904602 
82.0, 0.9431424736976624 
83.0, 0.9451305270195007 
84.0, 0.9492765069007874 
85.0, 0.953422486782074 
86.0, 0.9575694799423218 
87.0, 0.9616727232933044 
88.0, 0.9650755524635315 
89.0, 0.9684783816337585 
90.0, 0.9718822240829468 
91.0, 0.9752790927886963 
92.0, 0.9785338640213013 
93.0, 0.9817876815795898 
94.0, 0.9840281009674072 
95.0, 0.9858760237693787 
96.0, 0.9888943433761597 
97.0, 0.9919117093086243 
98.0, 0.9949290156364441 
99.0, 0.9979473948478699 
100.0, 0.5245998322254821 
