Time(Seconds), Inputs 
0.0, 0.02630658634006977 
1.0, 0.2688809633255005 
2.0, 0.30659720301628113 
3.0, 0.33803337812423706 
4.0, 0.3662256598472595 
5.0, 0.3901686668395996 
6.0, 0.41213253140449524 
7.0, 0.43297871947288513 
8.0, 0.4529326856136322 
9.0, 0.4709969758987427 
10.0, 0.4878471791744232 
11.0, 0.5067311525344849 
12.0, 0.5219539403915405 
13.0, 0.5370396375656128 
14.0, 0.5519693493843079 
15.0, 0.5658429861068726 
16.0, 0.5792049169540405 
17.0, 0.5920104384422302 
18.0, 0.6047017574310303 
19.0, 0.6173850893974304 
20.0, 0.6300674676895142 
21.0, 0.6405958533287048 
22.0, 0.6503592729568481 
23.0, 0.661027729511261 
24.0, 0.671697199344635 
25.0, 0.6814159154891968 
26.0, 0.6894823312759399 
27.0, 0.6975487470626831 
28.0, 0.7066295742988586 
29.0, 0.7166284322738647 
30.0, 0.7247713804244995 
31.0, 0.7313286662101746 
32.0, 0.7378859519958496 
33.0, 0.7444432377815247 
34.0, 0.7513094544410706 
35.0, 0.7584012746810913 
36.0, 0.7653420567512512 
37.0, 0.7717164754867554 
38.0, 0.7780919671058655 
39.0, 0.7844673991203308 
40.0, 0.7900847792625427 
41.0, 0.795231282711029 
42.0, 0.8003787398338318 
43.0, 0.8055251836776733 
44.0, 0.8100486993789673 
45.0, 0.8143735527992249 
46.0, 0.8190520405769348 
47.0, 0.8239292502403259 
48.0, 0.8288055062294006 
49.0, 0.8336827158927917 
50.0, 0.8385599255561829 
51.0, 0.843437135219574 
52.0, 0.847619891166687 
53.0, 0.8513148427009583 
54.0, 0.8548368811607361 
55.0, 0.8583579659461975 
56.0, 0.8618800044059753 
57.0, 0.8654020428657532 
58.0, 0.8687810301780701 
59.0, 0.8721083402633667 
60.0, 0.8754356503486633 
61.0, 0.87876296043396 
62.0, 0.8820912837982178 
63.0, 0.8854185938835144 
64.0, 0.8888989090919495 
65.0, 0.8924150466918945 
66.0, 0.895675778388977 
67.0, 0.8989355564117432 
68.0, 0.9021952748298645 
69.0, 0.9054550528526306 
70.0, 0.9087704420089722 
71.0, 0.9120977520942688 
72.0, 0.9154260754585266 
73.0, 0.9187533855438232 
74.0, 0.9220806956291199 
75.0, 0.9254080653190613 
76.0, 0.9279763102531433 
77.0, 0.9304144382476807 
78.0, 0.9328525066375732 
79.0, 0.9351903200149536 
80.0, 0.9365613460540771 
81.0, 0.9379324316978455 
82.0, 0.9405702352523804 
83.0, 0.9434008002281189 
84.0, 0.9462323784828186 
85.0, 0.9490628838539124 
86.0, 0.9518934488296509 
87.0, 0.9547240138053894 
88.0, 0.9570677280426025 
89.0, 0.959374725818634 
90.0, 0.9616826772689819 
91.0, 0.9639896154403687 
92.0, 0.9662976264953613 
93.0, 0.9686055779457092 
94.0, 0.9725240468978882 
95.0, 0.9764832258224487 
96.0, 0.9794797301292419 
97.0, 0.981982409954071 
98.0, 0.9844861030578613 
99.0, 0.9869887828826904 
100.0, 0.35356989256469323 
