Time(Seconds), Inputs 
0.0, 0.09081723541021347 
1.0, 0.29248616099357605 
2.0, 0.33032459020614624 
3.0, 0.3608039915561676 
4.0, 0.38811206817626953 
5.0, 0.41271376609802246 
6.0, 0.4343050718307495 
7.0, 0.4556122422218323 
8.0, 0.4733486473560333 
9.0, 0.4910334348678589 
10.0, 0.5085036158561707 
11.0, 0.5259727835655212 
12.0, 0.5407504439353943 
13.0, 0.5546668171882629 
14.0, 0.5693342089653015 
15.0, 0.583307147026062 
16.0, 0.5968360304832458 
17.0, 0.6103648543357849 
18.0, 0.6227293014526367 
19.0, 0.6340177655220032 
20.0, 0.6453052163124084 
21.0, 0.657714307308197 
22.0, 0.6676287055015564 
23.0, 0.6770811676979065 
24.0, 0.6865335702896118 
25.0, 0.6959869265556335 
26.0, 0.7053698301315308 
27.0, 0.7146314382553101 
28.0, 0.722461462020874 
29.0, 0.7301066517829895 
30.0, 0.7377517819404602 
31.0, 0.7452260851860046 
32.0, 0.7512736916542053 
33.0, 0.7573223114013672 
34.0, 0.7634871006011963 
35.0, 0.7708292603492737 
36.0, 0.7781714200973511 
37.0, 0.7855126261711121 
38.0, 0.7912273406982422 
39.0, 0.7964751720428467 
40.0, 0.8017239570617676 
41.0, 0.8071138262748718 
42.0, 0.8128335475921631 
43.0, 0.8185533285140991 
44.0, 0.8242730498313904 
45.0, 0.8299221992492676 
46.0, 0.8341774940490723 
47.0, 0.8384317755699158 
48.0, 0.8426870703697205 
49.0, 0.8469403386116028 
50.0, 0.8511946201324463 
51.0, 0.8554489016532898 
52.0, 0.8597031831741333 
53.0, 0.8639574646949768 
54.0, 0.8682117462158203 
55.0, 0.8725733160972595 
56.0, 0.8760347366333008 
57.0, 0.8794971704483032 
58.0, 0.8829586505889893 
59.0, 0.8864200711250305 
60.0, 0.8898815512657166 
61.0, 0.893343985080719 
62.0, 0.8969296216964722 
63.0, 0.9005231857299805 
64.0, 0.90411776304245 
65.0, 0.9077123403549194 
66.0, 0.9113069176673889 
67.0, 0.914880633354187 
68.0, 0.9168627262115479 
69.0, 0.9195492267608643 
70.0, 0.9222366809844971 
71.0, 0.9249231815338135 
72.0, 0.9276096820831299 
73.0, 0.9302971959114075 
74.0, 0.9329836964607239 
75.0, 0.9355827569961548 
76.0, 0.9380447268486023 
77.0, 0.940506637096405 
78.0, 0.9429686069488525 
79.0, 0.9454305768013 
80.0, 0.9478925466537476 
81.0, 0.9503545165061951 
82.0, 0.9541736245155334 
83.0, 0.9581198692321777 
84.0, 0.9603294730186462 
85.0, 0.9625381231307983 
86.0, 0.9647467136383057 
87.0, 0.966955304145813 
88.0, 0.9691649079322815 
89.0, 0.9715682864189148 
90.0, 0.9740192890167236 
91.0, 0.9764693379402161 
92.0, 0.9789203405380249 
93.0, 0.9813714027404785 
94.0, 0.9838213920593262 
95.0, 0.9862724542617798 
96.0, 0.9896911978721619 
97.0, 0.9931277632713318 
98.0, 0.9965633749961853 
99.0, 1.0 
100.0, 0.31044886070882605 
