Time(Seconds), Inputs 
0.0, 0.26698532700538635 
1.0, 0.32867732644081116 
2.0, 0.3598303496837616 
3.0, 0.3835189938545227 
4.0, 0.4044446349143982 
5.0, 0.4223767817020416 
6.0, 0.4399453103542328 
7.0, 0.4546683728694916 
8.0, 0.46939143538475037 
9.0, 0.48416417837142944 
10.0, 0.49906012415885925 
11.0, 0.5105313658714294 
12.0, 0.522002637386322 
13.0, 0.533436119556427 
14.0, 0.5448646545410156 
15.0, 0.5562942028045654 
16.0, 0.5674405694007874 
17.0, 0.5773410201072693 
18.0, 0.5872405171394348 
19.0, 0.5971400141716003 
20.0, 0.607040524482727 
21.0, 0.6162306666374207 
22.0, 0.6252846717834473 
23.0, 0.6341558694839478 
24.0, 0.6430270075798035 
25.0, 0.6517313122749329 
26.0, 0.6595344543457031 
27.0, 0.6673386096954346 
28.0, 0.6751417517662048 
29.0, 0.6829449534416199 
30.0, 0.6907491087913513 
31.0, 0.6977057456970215 
32.0, 0.7043296098709106 
33.0, 0.7109544277191162 
34.0, 0.7177819609642029 
35.0, 0.7248032093048096 
36.0, 0.7318234443664551 
37.0, 0.738469123840332 
38.0, 0.744727373123169 
39.0, 0.7509855628013611 
40.0, 0.757243812084198 
41.0, 0.7635020017623901 
42.0, 0.7697592377662659 
43.0, 0.7760174870491028 
44.0, 0.7811887860298157 
45.0, 0.7859129905700684 
46.0, 0.7908974885940552 
47.0, 0.7959545850753784 
48.0, 0.8010106086730957 
49.0, 0.8060666918754578 
50.0, 0.811122715473175 
51.0, 0.8161797523498535 
52.0, 0.8212199211120605 
53.0, 0.8261905312538147 
54.0, 0.8311611413955688 
55.0, 0.8361327648162842 
56.0, 0.8411033749580383 
57.0, 0.8460739850997925 
58.0, 0.8508915901184082 
59.0, 0.8557091951370239 
60.0, 0.8605268001556396 
61.0, 0.8648208379745483 
62.0, 0.8686746954917908 
63.0, 0.8725275993347168 
64.0, 0.876381516456604 
65.0, 0.8802353739738464 
66.0, 0.8840882778167725 
67.0, 0.8879421949386597 
68.0, 0.8917950391769409 
69.0, 0.895625114440918 
70.0, 0.8993935585021973 
71.0, 0.9031609892845154 
72.0, 0.9069076180458069 
73.0, 0.9106283187866211 
74.0, 0.9143490791320801 
75.0, 0.9180708527565002 
76.0, 0.9217916131019592 
77.0, 0.9255123734474182 
78.0, 0.9292331337928772 
79.0, 0.9329538941383362 
80.0, 0.9366756081581116 
81.0, 0.9398221373558044 
82.0, 0.9424023032188416 
83.0, 0.9449834823608398 
84.0, 0.947563648223877 
85.0, 0.950493574142456 
86.0, 0.9534304738044739 
87.0, 0.9563673138618469 
88.0, 0.9593051671981812 
89.0, 0.9622420072555542 
90.0, 0.9651798605918884 
91.0, 0.9681167602539062 
92.0, 0.9710536003112793 
93.0, 0.9738245606422424 
94.0, 0.976530909538269 
95.0, 0.9792373180389404 
96.0, 0.981943666934967 
97.0, 0.9846500158309937 
98.0, 0.9873563647270203 
99.0, 0.9900627732276917 
100.0, 0.17934840465169755 
