Time(Seconds), Inputs 
0.0, 0.20002663135528564 
1.0, 0.26850640773773193 
2.0, 0.30757880210876465 
3.0, 0.33963194489479065 
4.0, 0.36909300088882446 
5.0, 0.3942391276359558 
6.0, 0.4187275767326355 
7.0, 0.4419899880886078 
8.0, 0.4634273052215576 
9.0, 0.4812302887439728 
10.0, 0.5002623200416565 
11.0, 0.5184269547462463 
12.0, 0.5365915894508362 
13.0, 0.5532281398773193 
14.0, 0.5690749287605286 
15.0, 0.584921658039093 
16.0, 0.5968777537345886 
17.0, 0.6102923154830933 
18.0, 0.6237069368362427 
19.0, 0.6358855962753296 
20.0, 0.6474640965461731 
21.0, 0.6590526103973389 
22.0, 0.6708616614341736 
23.0, 0.681040346622467 
24.0, 0.6912180185317993 
25.0, 0.7013967037200928 
26.0, 0.711574375629425 
27.0, 0.7214063405990601 
28.0, 0.7286332249641418 
29.0, 0.7358611226081848 
30.0, 0.7430880665779114 
31.0, 0.7503149509429932 
32.0, 0.7570520639419556 
33.0, 0.7631821036338806 
34.0, 0.7694641947746277 
35.0, 0.7757472395896912 
36.0, 0.7820302844047546 
37.0, 0.7883133292198181 
38.0, 0.7953912019729614 
39.0, 0.8016176819801331 
40.0, 0.8062891960144043 
41.0, 0.8109617829322815 
42.0, 0.8156333565711975 
43.0, 0.8203048706054688 
44.0, 0.8248274326324463 
45.0, 0.8292943239212036 
46.0, 0.8337612152099609 
47.0, 0.8382281064987183 
48.0, 0.8425549268722534 
49.0, 0.8465270400047302 
50.0, 0.8503540754318237 
51.0, 0.854181170463562 
52.0, 0.8580082058906555 
53.0, 0.8618353009223938 
54.0, 0.8656623363494873 
55.0, 0.869219183921814 
56.0, 0.8725842237472534 
57.0, 0.8759493231773376 
58.0, 0.8793134093284607 
59.0, 0.8826784491539001 
60.0, 0.8840306401252747 
61.0, 0.8878557085990906 
62.0, 0.8916798233985901 
63.0, 0.895504891872406 
64.0, 0.8993289470672607 
65.0, 0.9031540751457214 
66.0, 0.9065111875534058 
67.0, 0.9092433452606201 
68.0, 0.9119765758514404 
69.0, 0.9147087335586548 
70.0, 0.9174419641494751 
71.0, 0.9201741218566895 
72.0, 0.9239048361778259 
73.0, 0.9275550246238708 
74.0, 0.9305992126464844 
75.0, 0.9336423873901367 
76.0, 0.9366865754127502 
77.0, 0.9394833445549011 
78.0, 0.9416710734367371 
79.0, 0.943858802318573 
80.0, 0.9460455775260925 
81.0, 0.9482333064079285 
82.0, 0.9504210352897644 
83.0, 0.9530022144317627 
84.0, 0.9557384252548218 
85.0, 0.9584755897521973 
86.0, 0.9612117409706116 
87.0, 0.9639489054679871 
88.0, 0.9669066071510315 
89.0, 0.9703869819641113 
90.0, 0.9728866815567017 
91.0, 0.9753853678703308 
92.0, 0.9778851270675659 
93.0, 0.9803848266601562 
94.0, 0.9830186367034912 
95.0, 0.9857627749443054 
96.0, 0.988507866859436 
97.0, 0.9912520051002502 
98.0, 0.9939961433410645 
99.0, 0.9967402219772339 
100.0, 0.3780866891785436 
