Time(Seconds), Inputs 
0.0, 0.05173787474632263 
1.0, 0.20919986069202423 
2.0, 0.2602224051952362 
3.0, 0.30234193801879883 
4.0, 0.3400432765483856 
5.0, 0.37496572732925415 
6.0, 0.4036865830421448 
7.0, 0.4305098056793213 
8.0, 0.45577219128608704 
9.0, 0.4784126579761505 
10.0, 0.5008156895637512 
11.0, 0.5203503966331482 
12.0, 0.5373903512954712 
13.0, 0.5532152652740479 
14.0, 0.5684916973114014 
15.0, 0.5837681889533997 
16.0, 0.5967704653739929 
17.0, 0.6081641912460327 
18.0, 0.6196036338806152 
19.0, 0.6310440897941589 
20.0, 0.6418437361717224 
21.0, 0.6499936580657959 
22.0, 0.6581435203552246 
23.0, 0.6661474108695984 
24.0, 0.6741164326667786 
25.0, 0.6820557117462158 
26.0, 0.6878231167793274 
27.0, 0.6928185820579529 
28.0, 0.6978140473365784 
29.0, 0.7038040161132812 
30.0, 0.7102689146995544 
31.0, 0.7167337536811829 
32.0, 0.7226085066795349 
33.0, 0.7274221181869507 
34.0, 0.7322357296943665 
35.0, 0.7368854284286499 
36.0, 0.7413841485977173 
37.0, 0.7458818554878235 
38.0, 0.750950813293457 
39.0, 0.7566884160041809 
40.0, 0.762427031993866 
41.0, 0.7637503743171692 
42.0, 0.7682352066040039 
43.0, 0.7727199792861938 
44.0, 0.7770447731018066 
45.0, 0.7810149192810059 
46.0, 0.7849840521812439 
47.0, 0.7890704274177551 
48.0, 0.7935353517532349 
49.0, 0.7980002164840698 
50.0, 0.8025565147399902 
51.0, 0.8072340488433838 
52.0, 0.8107610940933228 
53.0, 0.8143258690834045 
54.0, 0.8183039426803589 
55.0, 0.8222820162773132 
56.0, 0.8262660503387451 
57.0, 0.8307418823242188 
58.0, 0.8352167010307312 
59.0, 0.8396925926208496 
60.0, 0.8436756134033203 
61.0, 0.8476258516311646 
62.0, 0.8516854047775269 
63.0, 0.8561026453971863 
64.0, 0.8605595827102661 
65.0, 0.8650165796279907 
66.0, 0.8690959811210632 
67.0, 0.8730770349502563 
68.0, 0.8770591020584106 
69.0, 0.8814643621444702 
70.0, 0.8860306143760681 
71.0, 0.8905978798866272 
72.0, 0.8926216959953308 
73.0, 0.896105945110321 
74.0, 0.899590253829956 
75.0, 0.902791440486908 
76.0, 0.9057838916778564 
77.0, 0.9087764024734497 
78.0, 0.9125229716300964 
79.0, 0.9169819355010986 
80.0, 0.9214408993721008 
81.0, 0.9266459941864014 
82.0, 0.932836651802063 
83.0, 0.9370591044425964 
84.0, 0.9406606554985046 
85.0, 0.9446466565132141 
86.0, 0.9486327171325684 
87.0, 0.9524766802787781 
88.0, 0.9559649229049683 
89.0, 0.9594532251358032 
90.0, 0.9630517363548279 
91.0, 0.9670338034629822 
92.0, 0.9710148572921753 
93.0, 0.9755443334579468 
94.0, 0.9800043106079102 
95.0, 0.9834200143814087 
96.0, 0.9868417382240295 
97.0, 0.9903290271759033 
98.0, 0.9938163161277771 
99.0, 0.9973035454750061 
100.0, 0.6859763497545127 
