Time(Seconds), Inputs 
0.0, 0.16485778987407684 
1.0, 0.24721713364124298 
2.0, 0.2928031086921692 
3.0, 0.33025506138801575 
4.0, 0.36384817957878113 
5.0, 0.3920076787471771 
6.0, 0.4206728935241699 
7.0, 0.44568490982055664 
8.0, 0.4697292447090149 
9.0, 0.4914924204349518 
10.0, 0.5114523768424988 
11.0, 0.5312185883522034 
12.0, 0.5502515435218811 
13.0, 0.5644580125808716 
14.0, 0.5810617804527283 
15.0, 0.5963461995124817 
16.0, 0.6097151041030884 
17.0, 0.6237198710441589 
18.0, 0.6383306384086609 
19.0, 0.6491073966026306 
20.0, 0.6598832011222839 
21.0, 0.6730076670646667 
22.0, 0.6828018426895142 
23.0, 0.690875232219696 
24.0, 0.6989496350288391 
25.0, 0.707628071308136 
26.0, 0.7177173495292664 
27.0, 0.7242786288261414 
28.0, 0.7299436926841736 
29.0, 0.7356773018836975 
30.0, 0.7415182590484619 
31.0, 0.7473592162132263 
32.0, 0.7531991600990295 
33.0, 0.7614464163780212 
34.0, 0.7672426700592041 
35.0, 0.7726613283157349 
36.0, 0.7780800461769104 
37.0, 0.7826244235038757 
38.0, 0.7865120768547058 
39.0, 0.7903997302055359 
40.0, 0.7942874431610107 
41.0, 0.8004751205444336 
42.0, 0.8061223030090332 
43.0, 0.8095310926437378 
44.0, 0.8129388689994812 
45.0, 0.8164072632789612 
46.0, 0.819894552230835 
47.0, 0.8233808279037476 
48.0, 0.8268681168556213 
49.0, 0.8303484320640564 
50.0, 0.833827793598175 
51.0, 0.8373070955276489 
52.0, 0.8407864570617676 
53.0, 0.8481693267822266 
54.0, 0.8508747220039368 
55.0, 0.8535800576210022 
56.0, 0.8563271760940552 
57.0, 0.8605854511260986 
58.0, 0.8648427128791809 
59.0, 0.8690999150276184 
60.0, 0.873188316822052 
61.0, 0.8759025931358337 
62.0, 0.8786159157752991 
63.0, 0.8813302516937256 
64.0, 0.8843863606452942 
65.0, 0.8888174891471863 
66.0, 0.8915417194366455 
67.0, 0.8939182162284851 
68.0, 0.8967159986495972 
69.0, 0.9006046652793884 
70.0, 0.9044933319091797 
71.0, 0.908381998538971 
72.0, 0.911819577217102 
73.0, 0.9145219922065735 
74.0, 0.9172243475914001 
75.0, 0.9199267625808716 
76.0, 0.9235034584999084 
77.0, 0.9281372427940369 
78.0, 0.9323249459266663 
79.0, 0.9342076778411865 
80.0, 0.9365474581718445 
81.0, 0.939257800579071 
82.0, 0.9419681429862976 
83.0, 0.9446784853935242 
84.0, 0.94788658618927 
85.0, 0.9513788223266602 
86.0, 0.9548720717430115 
87.0, 0.9583653211593628 
88.0, 0.9624079465866089 
89.0, 0.9666562676429749 
90.0, 0.9709035754203796 
91.0, 0.9730337262153625 
92.0, 0.9749313592910767 
93.0, 0.979180634021759 
94.0, 0.983428955078125 
95.0, 0.987677276134491 
96.0, 0.9898600578308105 
97.0, 0.991805374622345 
98.0, 0.9937506914138794 
99.0, 0.995697021484375 
100.0, 0.5389075068451151 
