Time(Seconds), Inputs 
0.0, 0.11131367832422256 
1.0, 0.2004886120557785 
2.0, 0.25115448236465454 
3.0, 0.2956763803958893 
4.0, 0.3332306742668152 
5.0, 0.36648398637771606 
6.0, 0.3952604830265045 
7.0, 0.4220688045024872 
8.0, 0.4484518766403198 
9.0, 0.4710834324359894 
10.0, 0.49408257007598877 
11.0, 0.5133957266807556 
12.0, 0.5315374732017517 
13.0, 0.5477617979049683 
14.0, 0.562573254108429 
15.0, 0.5766773819923401 
16.0, 0.588253915309906 
17.0, 0.5979815721511841 
18.0, 0.6092193126678467 
19.0, 0.621376097202301 
20.0, 0.6312984824180603 
21.0, 0.6396927833557129 
22.0, 0.6480463147163391 
23.0, 0.6563988924026489 
24.0, 0.6643639802932739 
25.0, 0.6714001297950745 
26.0, 0.6773275136947632 
27.0, 0.6840338110923767 
28.0, 0.6908464431762695 
29.0, 0.6976590752601624 
30.0, 0.7040543556213379 
31.0, 0.7104328274726868 
32.0, 0.714965283870697 
33.0, 0.7202021479606628 
34.0, 0.7254390120506287 
35.0, 0.7306768894195557 
36.0, 0.7359287142753601 
37.0, 0.7411804795265198 
38.0, 0.7463905215263367 
39.0, 0.7514575123786926 
40.0, 0.7555508017539978 
41.0, 0.7590172290802002 
42.0, 0.7642749547958374 
43.0, 0.7695336937904358 
44.0, 0.7741774320602417 
45.0, 0.7778525352478027 
46.0, 0.781527578830719 
47.0, 0.7858901619911194 
48.0, 0.7910018563270569 
49.0, 0.7961125373840332 
50.0, 0.7982704639434814 
51.0, 0.8030145764350891 
52.0, 0.8077576756477356 
53.0, 0.8121271729469299 
54.0, 0.8162960410118103 
55.0, 0.8204648494720459 
56.0, 0.8239004611968994 
57.0, 0.827049970626831 
58.0, 0.8301994204521179 
59.0, 0.8359698057174683 
60.0, 0.8403512835502625 
61.0, 0.8413875102996826 
62.0, 0.8452662229537964 
63.0, 0.8494619131088257 
64.0, 0.8536575436592102 
65.0, 0.8578423261642456 
66.0, 0.8620270490646362 
67.0, 0.8661779761314392 
68.0, 0.8698570132255554 
69.0, 0.8735350370407104 
70.0, 0.8772756457328796 
71.0, 0.8813421726226807 
72.0, 0.8855745792388916 
73.0, 0.8898646235466003 
74.0, 0.8940642476081848 
75.0, 0.8982629179954529 
76.0, 0.9022807478904724 
77.0, 0.9059319496154785 
78.0, 0.9095831513404846 
79.0, 0.9130306839942932 
80.0, 0.9161781668663025 
81.0, 0.9193256497383118 
82.0, 0.9257567524909973 
83.0, 0.9288138747215271 
84.0, 0.9318699240684509 
85.0, 0.9358996748924255 
86.0, 0.9406278729438782 
87.0, 0.9453570246696472 
88.0, 0.9500643610954285 
89.0, 0.9547637701034546 
90.0, 0.9594621658325195 
91.0, 0.9645092487335205 
92.0, 0.9688549637794495 
93.0, 0.9709880352020264 
94.0, 0.9752900004386902 
95.0, 0.9800122380256653 
96.0, 0.9847344756126404 
97.0, 0.9889509677886963 
98.0, 0.9931268095970154 
99.0, 0.9973035454750061 
100.0, 0.7231805620020525 
