Time(Seconds), Inputs 
0.0, 0.16854079067707062 
1.0, 0.3741351366043091 
2.0, 0.40136370062828064 
3.0, 0.41988998651504517 
4.0, 0.4374217689037323 
5.0, 0.4538079798221588 
6.0, 0.4686572253704071 
7.0, 0.4835064709186554 
8.0, 0.49664485454559326 
9.0, 0.5084877014160156 
10.0, 0.5203295350074768 
11.0, 0.532171368598938 
12.0, 0.5424285531044006 
13.0, 0.5526608824729919 
14.0, 0.5628932118415833 
15.0, 0.5731245279312134 
16.0, 0.5826146602630615 
17.0, 0.5919588208198547 
18.0, 0.601081371307373 
19.0, 0.609503448009491 
20.0, 0.617868959903717 
21.0, 0.6255896687507629 
22.0, 0.6333113312721252 
23.0, 0.6410320401191711 
24.0, 0.648752748966217 
25.0, 0.6564744114875793 
26.0, 0.6639636158943176 
27.0, 0.6712868809700012 
28.0, 0.678611159324646 
29.0, 0.6859354376792908 
30.0, 0.6932597160339355 
31.0, 0.7005829811096191 
32.0, 0.7073658108711243 
33.0, 0.7140035629272461 
34.0, 0.7206383347511292 
35.0, 0.7272680997848511 
36.0, 0.7338979244232178 
37.0, 0.7405277490615845 
38.0, 0.7467859387397766 
39.0, 0.7524589896202087 
40.0, 0.7581329941749573 
41.0, 0.7638070583343506 
42.0, 0.7694810628890991 
43.0, 0.7751541137695312 
44.0, 0.7808281183242798 
45.0, 0.7865021228790283 
46.0, 0.7917410135269165 
47.0, 0.7969361543655396 
48.0, 0.8021303415298462 
49.0, 0.8073254823684692 
50.0, 0.8124759197235107 
51.0, 0.8174862861633301 
52.0, 0.8224965929985046 
53.0, 0.827506959438324 
54.0, 0.8322480916976929 
55.0, 0.8368152976036072 
56.0, 0.8413825631141663 
57.0, 0.8459497690200806 
58.0, 0.8505170345306396 
59.0, 0.8550843000411987 
60.0, 0.8596525192260742 
61.0, 0.8642197251319885 
62.0, 0.8687869906425476 
63.0, 0.873288631439209 
64.0, 0.877646267414093 
65.0, 0.8820038437843323 
66.0, 0.8862869739532471 
67.0, 0.8902412056922913 
68.0, 0.8941954374313354 
69.0, 0.8981496691703796 
70.0, 0.9021039009094238 
71.0, 0.906058132648468 
72.0, 0.9100123643875122 
73.0, 0.9139665961265564 
74.0, 0.9174836874008179 
75.0, 0.9209520816802979 
76.0, 0.924421489238739 
77.0, 0.927889883518219 
78.0, 0.931358277797699 
79.0, 0.9348276853561401 
80.0, 0.9382960796356201 
81.0, 0.9417644739151001 
82.0, 0.9454057216644287 
83.0, 0.9499491453170776 
84.0, 0.9544915556907654 
85.0, 0.958253026008606 
86.0, 0.9612028002738953 
87.0, 0.9641515612602234 
88.0, 0.9671013951301575 
89.0, 0.9700511693954468 
90.0, 0.9729999303817749 
91.0, 0.9759497046470642 
92.0, 0.9788994789123535 
93.0, 0.9818482995033264 
94.0, 0.9847980737686157 
95.0, 0.987747848033905 
96.0, 0.9906966090202332 
97.0, 0.9936463832855225 
98.0, 0.9965624213218689 
99.0, 0.9992498755455017 
100.0, 0.13155395824373295 
