Time(Seconds), Inputs 
0.0, 0.26397591829299927 
1.0, 0.317902535200119 
2.0, 0.3492095470428467 
3.0, 0.37219974398612976 
4.0, 0.3947388827800751 
5.0, 0.4144335389137268 
6.0, 0.4322335720062256 
7.0, 0.4481826424598694 
8.0, 0.4639061987400055 
9.0, 0.47943103313446045 
10.0, 0.49291515350341797 
11.0, 0.5064002871513367 
12.0, 0.5198844075202942 
13.0, 0.5314659476280212 
14.0, 0.5429103970527649 
15.0, 0.5543548464775085 
16.0, 0.5662552714347839 
17.0, 0.5768522024154663 
18.0, 0.5874481797218323 
19.0, 0.5980451107025146 
20.0, 0.6083231568336487 
21.0, 0.6176961064338684 
22.0, 0.6270689964294434 
23.0, 0.6364419460296631 
24.0, 0.6458148956298828 
25.0, 0.6544108390808105 
26.0, 0.6629810333251953 
27.0, 0.6723579168319702 
28.0, 0.6817338466644287 
29.0, 0.6910828948020935 
30.0, 0.6983217597007751 
31.0, 0.705560564994812 
32.0, 0.7127993702888489 
33.0, 0.7200392484664917 
34.0, 0.7272780537605286 
35.0, 0.7344493269920349 
36.0, 0.7411894202232361 
37.0, 0.7476612329483032 
38.0, 0.7540585398674011 
39.0, 0.760455846786499 
40.0, 0.7668532133102417 
41.0, 0.7732505202293396 
42.0, 0.7789911031723022 
43.0, 0.7842110991477966 
44.0, 0.7894300818443298 
45.0, 0.7946500778198242 
46.0, 0.7998690605163574 
47.0, 0.8053185343742371 
48.0, 0.8112637996673584 
49.0, 0.8172090649604797 
50.0, 0.8220117688179016 
51.0, 0.8264528512954712 
52.0, 0.8308948874473572 
53.0, 0.8353369235992432 
54.0, 0.8397790193557739 
55.0, 0.8442200422286987 
56.0, 0.8486621379852295 
57.0, 0.8531041741371155 
58.0, 0.8582575917243958 
59.0, 0.8628178834915161 
60.0, 0.8665187358856201 
61.0, 0.8702196478843689 
62.0, 0.8739205598831177 
63.0, 0.8776214122772217 
64.0, 0.8813223242759705 
65.0, 0.8850231766700745 
66.0, 0.8887240886688232 
67.0, 0.8924249410629272 
68.0, 0.8970885872840881 
69.0, 0.9031451344490051 
70.0, 0.9066463112831116 
71.0, 0.9098732471466064 
72.0, 0.9131012558937073 
73.0, 0.9163281917572021 
74.0, 0.919556200504303 
75.0, 0.9227831363677979 
76.0, 0.9260101318359375 
77.0, 0.9292380809783936 
78.0, 0.9324650764465332 
79.0, 0.935559868812561 
80.0, 0.9386487603187561 
81.0, 0.9417376518249512 
82.0, 0.9448264837265015 
83.0, 0.9476093649864197 
84.0, 0.9501200318336487 
85.0, 0.9526306390762329 
86.0, 0.9551413059234619 
87.0, 0.9576529264450073 
88.0, 0.9601635932922363 
89.0, 0.9629017114639282 
90.0, 0.9658912420272827 
91.0, 0.9688807725906372 
92.0, 0.9718703031539917 
93.0, 0.9748598337173462 
94.0, 0.9778483510017395 
95.0, 0.980837881565094 
96.0, 0.9838273525238037 
97.0, 0.9868168830871582 
98.0, 0.9892033338546753 
99.0, 0.9903488755226135 
100.0, 0.20146994323770753 
