Time(Seconds), Inputs 
0.0, 0.2789175808429718 
1.0, 0.3328680396080017 
2.0, 0.3621770441532135 
3.0, 0.3844618499279022 
4.0, 0.4050785005092621 
5.0, 0.42482781410217285 
6.0, 0.4419820308685303 
7.0, 0.4583970904350281 
8.0, 0.4723650813102722 
9.0, 0.48633304238319397 
10.0, 0.5001828074455261 
11.0, 0.5118100643157959 
12.0, 0.5234382748603821 
13.0, 0.5350655317306519 
14.0, 0.5464195013046265 
15.0, 0.5572887063026428 
16.0, 0.568156898021698 
17.0, 0.5783832669258118 
18.0, 0.5885122418403625 
19.0, 0.5984842777252197 
20.0, 0.6084553003311157 
21.0, 0.6184273362159729 
22.0, 0.6283864378929138 
23.0, 0.6365830302238464 
24.0, 0.644779622554779 
25.0, 0.6529762148857117 
26.0, 0.6611728072166443 
27.0, 0.6693693995475769 
28.0, 0.6752331852912903 
29.0, 0.6835529804229736 
30.0, 0.6918737292289734 
31.0, 0.7001935243606567 
32.0, 0.7085143327713013 
33.0, 0.7165817618370056 
34.0, 0.7230744361877441 
35.0, 0.7295671701431274 
36.0, 0.736059844493866 
37.0, 0.7425525188446045 
38.0, 0.749045193195343 
39.0, 0.7555369138717651 
40.0, 0.7601637840270996 
41.0, 0.766062319278717 
42.0, 0.7719618678092957 
43.0, 0.7778604626655579 
44.0, 0.7837589979171753 
45.0, 0.7896586060523987 
46.0, 0.7955571413040161 
47.0, 0.8014566898345947 
48.0, 0.8065077662467957 
49.0, 0.8115529417991638 
50.0, 0.816597044467926 
51.0, 0.821641206741333 
52.0, 0.8266624808311462 
53.0, 0.8316519856452942 
54.0, 0.8366414308547974 
55.0, 0.8416309356689453 
56.0, 0.8461306095123291 
57.0, 0.8500113487243652 
58.0, 0.8538930416107178 
59.0, 0.8577737212181091 
60.0, 0.8616544604301453 
61.0, 0.8655351996421814 
62.0, 0.8694158792495728 
63.0, 0.8732975721359253 
64.0, 0.8774813413619995 
65.0, 0.8819203972816467 
66.0, 0.8863584995269775 
67.0, 0.8897066712379456 
68.0, 0.8927508592605591 
69.0, 0.8957949876785278 
70.0, 0.8988391757011414 
71.0, 0.9018833041191101 
72.0, 0.9049274921417236 
73.0, 0.907970666885376 
74.0, 0.9110148549079895 
75.0, 0.9140589833259583 
76.0, 0.9184841513633728 
77.0, 0.9234448075294495 
78.0, 0.9284055233001709 
79.0, 0.9316632747650146 
80.0, 0.933926522731781 
81.0, 0.9361897706985474 
82.0, 0.9384530186653137 
83.0, 0.9407162666320801 
84.0, 0.94297856092453 
85.0, 0.9452418088912964 
86.0, 0.9475050568580627 
87.0, 0.9497683048248291 
88.0, 0.953224778175354 
89.0, 0.956929624080658 
90.0, 0.9606335163116455 
91.0, 0.9643383622169495 
92.0, 0.9680432081222534 
93.0, 0.9717481136322021 
94.0, 0.9743342399597168 
95.0, 0.9762418270111084 
96.0, 0.9781503677368164 
97.0, 0.980057954788208 
98.0, 0.9819655418395996 
99.0, 0.9838730692863464 
100.0, 0.1778026648043979 
