Time(Seconds), Inputs 
0.0, 0.14701008796691895 
1.0, 0.23314185440540314 
2.0, 0.28157326579093933 
3.0, 0.3208364248275757 
4.0, 0.35561779141426086 
5.0, 0.38634756207466125 
6.0, 0.4151141047477722 
7.0, 0.4424082636833191 
8.0, 0.46503782272338867 
9.0, 0.4868953824043274 
10.0, 0.509365975856781 
11.0, 0.527340829372406 
12.0, 0.5455511808395386 
13.0, 0.5638290643692017 
14.0, 0.578298807144165 
15.0, 0.5920631289482117 
16.0, 0.6058274507522583 
17.0, 0.6174784898757935 
18.0, 0.6282582879066467 
19.0, 0.6390380263328552 
20.0, 0.6498177647590637 
21.0, 0.662001371383667 
22.0, 0.6697648167610168 
23.0, 0.6775272488594055 
24.0, 0.6853969693183899 
25.0, 0.6945274472236633 
26.0, 0.7027329802513123 
27.0, 0.7081278562545776 
28.0, 0.714134693145752 
29.0, 0.7206243872642517 
30.0, 0.7271141409873962 
31.0, 0.7336137890815735 
32.0, 0.740304172039032 
33.0, 0.7461053729057312 
34.0, 0.750857412815094 
35.0, 0.7556154131889343 
36.0, 0.7603763937950134 
37.0, 0.7651383876800537 
38.0, 0.7699251770973206 
39.0, 0.7754452228546143 
40.0, 0.7809662222862244 
41.0, 0.7864713668823242 
42.0, 0.7902119755744934 
43.0, 0.794520914554596 
44.0, 0.7988298535346985 
45.0, 0.8031387329101562 
46.0, 0.8074685335159302 
47.0, 0.8117992877960205 
48.0, 0.8161301016807556 
49.0, 0.8201330304145813 
50.0, 0.8237921595573425 
51.0, 0.8274523019790649 
52.0, 0.830447793006897 
53.0, 0.8338903784751892 
54.0, 0.8373508453369141 
55.0, 0.8408122658729553 
56.0, 0.8446810841560364 
57.0, 0.8490088582038879 
58.0, 0.8533366322517395 
59.0, 0.8576644659042358 
60.0, 0.8617041110992432 
61.0, 0.8657318949699402 
62.0, 0.8697596192359924 
63.0, 0.8718778491020203 
64.0, 0.8762115836143494 
65.0, 0.8805443644523621 
66.0, 0.8848771452903748 
67.0, 0.8883882761001587 
68.0, 0.891838788986206 
69.0, 0.8952882885932922 
70.0, 0.8993697166442871 
71.0, 0.9043631553649902 
72.0, 0.9093576073646545 
73.0, 0.9128379225730896 
74.0, 0.9141136407852173 
75.0, 0.9175651669502258 
76.0, 0.9210166335105896 
77.0, 0.9244701266288757 
78.0, 0.9279296398162842 
79.0, 0.9313880801200867 
80.0, 0.9348465204238892 
81.0, 0.9386934638023376 
82.0, 0.9425980448722839 
83.0, 0.9465025663375854 
84.0, 0.9507320523262024 
85.0, 0.955521821975708 
86.0, 0.9584169387817383 
87.0, 0.9607855081558228 
88.0, 0.9637114405632019 
89.0, 0.9667297601699829 
90.0, 0.9697481393814087 
91.0, 0.9729154706001282 
92.0, 0.9763779044151306 
93.0, 0.9798413515090942 
94.0, 0.9833047986030579 
95.0, 0.9864035844802856 
96.0, 0.9894278645515442 
97.0, 0.9924511909484863 
98.0, 0.995615541934967 
99.0, 0.9990919232368469 
100.0, 0.6000728158440464 
