Time(Seconds), Inputs 
0.0, 0.1811317503452301 
1.0, 0.2574683427810669 
2.0, 0.29894906282424927 
3.0, 0.33502396941185 
4.0, 0.36549344658851624 
5.0, 0.39556649327278137 
6.0, 0.41971415281295776 
7.0, 0.44358062744140625 
8.0, 0.46670594811439514 
9.0, 0.48701760172843933 
10.0, 0.5064847469329834 
11.0, 0.5256975293159485 
12.0, 0.5426997542381287 
13.0, 0.5597019791603088 
14.0, 0.5772903561592102 
15.0, 0.5922995805740356 
16.0, 0.6073097586631775 
17.0, 0.6206289529800415 
18.0, 0.6334415078163147 
19.0, 0.6462768316268921 
20.0, 0.6581544876098633 
21.0, 0.6688199639320374 
22.0, 0.6794854998588562 
23.0, 0.6906477212905884 
24.0, 0.7008979320526123 
25.0, 0.7098218202590942 
26.0, 0.7187456488609314 
27.0, 0.7276694774627686 
28.0, 0.7363330721855164 
29.0, 0.743927538394928 
30.0, 0.7511276602745056 
31.0, 0.7583287358283997 
32.0, 0.7655436992645264 
33.0, 0.7728630304336548 
34.0, 0.7801823616027832 
35.0, 0.7851141691207886 
36.0, 0.788592517375946 
37.0, 0.7925467491149902 
38.0, 0.7971259355545044 
39.0, 0.801706075668335 
40.0, 0.8062852621078491 
41.0, 0.8108654022216797 
42.0, 0.8180496096611023 
43.0, 0.8257613182067871 
44.0, 0.8288819789886475 
45.0, 0.8320026993751526 
46.0, 0.8352177143096924 
47.0, 0.8391391634941101 
48.0, 0.8430595993995667 
49.0, 0.8469810485839844 
50.0, 0.8509015440940857 
51.0, 0.8548130393028259 
52.0, 0.8587126135826111 
53.0, 0.8626132011413574 
54.0, 0.8665137887001038 
55.0, 0.8693662285804749 
56.0, 0.8723587393760681 
57.0, 0.8756284117698669 
58.0, 0.8788980841636658 
59.0, 0.8821678161621094 
60.0, 0.8853550553321838 
61.0, 0.8879590630531311 
62.0, 0.890562117099762 
63.0, 0.8931661248207092 
64.0, 0.8957701325416565 
65.0, 0.8989156484603882 
66.0, 0.9027427434921265 
67.0, 0.90656977891922 
68.0, 0.9103978276252747 
69.0, 0.9121643304824829 
70.0, 0.9145289063453674 
71.0, 0.9171309471130371 
72.0, 0.919734001159668 
73.0, 0.9223370552062988 
74.0, 0.9249420762062073 
75.0, 0.9275570511817932 
76.0, 0.9301729798316956 
77.0, 0.9327889680862427 
78.0, 0.9354038834571838 
79.0, 0.9383159279823303 
80.0, 0.9415856003761292 
81.0, 0.9448553323745728 
82.0, 0.9481240510940552 
83.0, 0.951393723487854 
84.0, 0.9552376866340637 
85.0, 0.9579539895057678 
86.0, 0.9606692790985107 
87.0, 0.9633855819702148 
88.0, 0.9661276936531067 
89.0, 0.969070553779602 
90.0, 0.9720133543014526 
91.0, 0.974956214427948 
92.0, 0.9779000282287598 
93.0, 0.9806928038597107 
94.0, 0.9833097457885742 
95.0, 0.9859257340431213 
96.0, 0.9885426759719849 
97.0, 0.9911586046218872 
98.0, 0.9937139749526978 
99.0, 0.9962543845176697 
100.0, 0.4517946337703703 
