Time(Seconds), Inputs 
0.0, 0.07707776129245758 
1.0, 0.2973514497280121 
2.0, 0.3336578905582428 
3.0, 0.36360177397727966 
4.0, 0.3876083493232727 
5.0, 0.41119664907455444 
6.0, 0.43286246061325073 
7.0, 0.454161673784256 
8.0, 0.47154343128204346 
9.0, 0.48892515897750854 
10.0, 0.505781352519989 
11.0, 0.5223106145858765 
12.0, 0.5372234582901001 
13.0, 0.5513911247253418 
14.0, 0.5656055212020874 
15.0, 0.579819917678833 
16.0, 0.5912355184555054 
17.0, 0.6022894978523254 
18.0, 0.6133444309234619 
19.0, 0.6296452283859253 
20.0, 0.6401637196540833 
21.0, 0.6506821513175964 
22.0, 0.6612006425857544 
23.0, 0.6713902354240417 
24.0, 0.68071448802948 
25.0, 0.690037727355957 
26.0, 0.6993510127067566 
27.0, 0.7086653113365173 
28.0, 0.7172633409500122 
29.0, 0.725506603717804 
30.0, 0.7337489128112793 
31.0, 0.741992175579071 
32.0, 0.7500506639480591 
33.0, 0.7571563720703125 
34.0, 0.76328444480896 
35.0, 0.7694125175476074 
36.0, 0.7755395770072937 
37.0, 0.7816676497459412 
38.0, 0.7877957224845886 
39.0, 0.7942764759063721 
40.0, 0.8003509044647217 
41.0, 0.805834174156189 
42.0, 0.8113184571266174 
43.0, 0.8168017268180847 
44.0, 0.8222860097885132 
45.0, 0.8277692794799805 
46.0, 0.8324944376945496 
47.0, 0.8371441960334778 
48.0, 0.8416438698768616 
49.0, 0.8457421660423279 
50.0, 0.8498414158821106 
51.0, 0.8539397120475769 
52.0, 0.8580509424209595 
53.0, 0.862227737903595 
54.0, 0.8664054870605469 
55.0, 0.8705832958221436 
56.0, 0.8747610449790955 
57.0, 0.878937840461731 
58.0, 0.8831155896186829 
59.0, 0.8865969181060791 
60.0, 0.8902412056922913 
61.0, 0.8938844203948975 
62.0, 0.8975287079811096 
63.0, 0.9011719822883606 
64.0, 0.904816210269928 
65.0, 0.908459484577179 
66.0, 0.9114618897438049 
67.0, 0.914205014705658 
68.0, 0.916948139667511 
69.0, 0.919691264629364 
70.0, 0.922434389591217 
71.0, 0.9251775145530701 
72.0, 0.9249311685562134 
73.0, 0.9279176592826843 
74.0, 0.9311128854751587 
75.0, 0.9343080520629883 
76.0, 0.9375032186508179 
77.0, 0.9406983852386475 
78.0, 0.9438936114311218 
79.0, 0.9469168782234192 
80.0, 0.9494165778160095 
81.0, 0.9519163370132446 
82.0, 0.954416036605835 
83.0, 0.9569157361984253 
84.0, 0.9594144821166992 
85.0, 0.9619141817092896 
86.0, 0.9647447466850281 
87.0, 0.9679041504859924 
88.0, 0.9707297086715698 
89.0, 0.9732920527458191 
90.0, 0.9758543372154236 
91.0, 0.9784166216850281 
92.0, 0.9809789657592773 
93.0, 0.9831358790397644 
94.0, 0.9851726293563843 
95.0, 0.9872093200683594 
96.0, 0.9892460703849792 
97.0, 0.9912837743759155 
98.0, 0.9933205246925354 
99.0, 0.9953572750091553 
100.0, 0.31290799228407545 
