Time(Seconds), Inputs 
0.0, 0.002537465887144208 
1.0, 0.24399811029434204 
2.0, 0.2938820719718933 
3.0, 0.3312704563140869 
4.0, 0.364757239818573 
5.0, 0.3962063193321228 
6.0, 0.4241581857204437 
7.0, 0.4486982822418213 
8.0, 0.4725925922393799 
9.0, 0.4936831593513489 
10.0, 0.5159351825714111 
11.0, 0.5353119373321533 
12.0, 0.5546886324882507 
13.0, 0.5710222125053406 
14.0, 0.5866712331771851 
15.0, 0.6011807322502136 
16.0, 0.6140041351318359 
17.0, 0.6268265843391418 
18.0, 0.6416937112808228 
19.0, 0.6525033116340637 
20.0, 0.6633118391036987 
21.0, 0.6741204261779785 
22.0, 0.6847313046455383 
23.0, 0.6933273077011108 
24.0, 0.7019232511520386 
25.0, 0.7105182409286499 
26.0, 0.7196159958839417 
27.0, 0.7275751233100891 
28.0, 0.733890950679779 
29.0, 0.740199863910675 
30.0, 0.7460706233978271 
31.0, 0.7519413232803345 
32.0, 0.7578120827674866 
33.0, 0.7640265822410583 
34.0, 0.7703772187232971 
35.0, 0.7753567695617676 
36.0, 0.7803353071212769 
37.0, 0.7853317856788635 
38.0, 0.7903868556022644 
39.0, 0.7954428791999817 
40.0, 0.8004979491233826 
41.0, 0.8062534332275391 
42.0, 0.8116264343261719 
43.0, 0.8151415586471558 
44.0, 0.8186566233634949 
45.0, 0.8221677541732788 
46.0, 0.8256748914718628 
47.0, 0.8291820287704468 
48.0, 0.8326892256736755 
49.0, 0.8359737992286682 
50.0, 0.8390904664993286 
51.0, 0.8422071933746338 
52.0, 0.8453238606452942 
53.0, 0.850813090801239 
54.0, 0.8543460965156555 
55.0, 0.8568944931030273 
56.0, 0.8594428896903992 
57.0, 0.86243736743927 
58.0, 0.8655580282211304 
59.0, 0.8686776757240295 
60.0, 0.8717973828315735 
61.0, 0.8749240040779114 
62.0, 0.8780506253242493 
63.0, 0.8811782598495483 
64.0, 0.8843088150024414 
65.0, 0.8880137205123901 
66.0, 0.8917185664176941 
67.0, 0.895113468170166 
68.0, 0.8968074321746826 
69.0, 0.8999211192131042 
70.0, 0.9030338525772095 
71.0, 0.9061465263366699 
72.0, 0.9093486666679382 
73.0, 0.9128578305244446 
74.0, 0.9163679480552673 
75.0, 0.9198770523071289 
76.0, 0.9233881831169128 
77.0, 0.9269022941589355 
78.0, 0.9304164052009583 
79.0, 0.933930516242981 
80.0, 0.938504695892334 
81.0, 0.9412667155265808 
82.0, 0.944029688835144 
83.0, 0.946792721748352 
84.0, 0.9497573971748352 
85.0, 0.9528840184211731 
86.0, 0.956010639667511 
87.0, 0.9591362476348877 
88.0, 0.9622509479522705 
89.0, 0.965360701084137 
90.0, 0.9684694409370422 
91.0, 0.9715781807899475 
92.0, 0.9749919772148132 
93.0, 0.9784970879554749 
94.0, 0.9809610843658447 
95.0, 0.9827364683151245 
96.0, 0.9860588312149048 
97.0, 0.9895679950714111 
98.0, 0.9930770993232727 
99.0, 0.996586263179779 
100.0, 0.5418116241339812 
