Time(Seconds), Inputs 
0.0, 0.2639630138874054 
1.0, 0.31947728991508484 
2.0, 0.3509025275707245 
3.0, 0.3733671307563782 
4.0, 0.3952336609363556 
5.0, 0.413049578666687 
6.0, 0.4306260347366333 
7.0, 0.4471692442893982 
8.0, 0.46285006403923035 
9.0, 0.4785299003124237 
10.0, 0.4920756220817566 
11.0, 0.5051911473274231 
12.0, 0.5183067321777344 
13.0, 0.5299220085144043 
14.0, 0.5404921770095825 
15.0, 0.551062285900116 
16.0, 0.5639920234680176 
17.0, 0.5751543045043945 
18.0, 0.5857999324798584 
19.0, 0.5964455604553223 
20.0, 0.6070911884307861 
21.0, 0.6165893077850342 
22.0, 0.625876784324646 
23.0, 0.6351642608642578 
24.0, 0.6444517374038696 
25.0, 0.6535733342170715 
26.0, 0.6612334251403809 
27.0, 0.6689650416374207 
28.0, 0.6768516302108765 
29.0, 0.6847382187843323 
30.0, 0.6926248669624329 
31.0, 0.700070321559906 
32.0, 0.7072862982749939 
33.0, 0.714503288269043 
34.0, 0.7217192649841309 
35.0, 0.7289352416992188 
36.0, 0.7361522316932678 
37.0, 0.7435261607170105 
38.0, 0.7509498000144958 
39.0, 0.7570559978485107 
40.0, 0.7630529403686523 
41.0, 0.769049882888794 
42.0, 0.7750467658042908 
43.0, 0.7809930443763733 
44.0, 0.7865329384803772 
45.0, 0.7920718789100647 
46.0, 0.7976107597351074 
47.0, 0.8031506538391113 
48.0, 0.8086895942687988 
49.0, 0.8142294883728027 
50.0, 0.819832980632782 
51.0, 0.8250986337661743 
52.0, 0.8298963904380798 
53.0, 0.8346931338310242 
54.0, 0.8394908905029297 
55.0, 0.844287633895874 
56.0, 0.8490853309631348 
57.0, 0.8538821339607239 
58.0, 0.8586798310279846 
59.0, 0.8634775876998901 
60.0, 0.8667284250259399 
61.0, 0.8693234920501709 
62.0, 0.8735111951828003 
63.0, 0.8776979446411133 
64.0, 0.8818846344947815 
65.0, 0.8860713839530945 
66.0, 0.8902590870857239 
67.0, 0.8944457769393921 
68.0, 0.8986325263977051 
69.0, 0.9028192162513733 
70.0, 0.9070069193840027 
71.0, 0.9097610116004944 
72.0, 0.9120928049087524 
73.0, 0.9153168201446533 
74.0, 0.9187394976615906 
75.0, 0.9221612215042114 
76.0, 0.9255838990211487 
77.0, 0.9290065765380859 
78.0, 0.932429313659668 
79.0, 0.9358519911766052 
80.0, 0.9392746686935425 
81.0, 0.9426963925361633 
82.0, 0.9461190700531006 
83.0, 0.9495418071746826 
84.0, 0.9500951766967773 
85.0, 0.9528929591178894 
86.0, 0.9556897282600403 
87.0, 0.9584864974021912 
88.0, 0.9612842798233032 
89.0, 0.9640810489654541 
90.0, 0.966877818107605 
91.0, 0.969675600528717 
92.0, 0.9724723696708679 
93.0, 0.97527015209198 
94.0, 0.9780669212341309 
95.0, 0.9808636903762817 
96.0, 0.9839019179344177 
97.0, 0.9869400858879089 
98.0, 0.9899783134460449 
99.0, 0.9930164813995361 
100.0, 0.1851992215943689 
