Time(Seconds), Inputs 
0.0, 0.22150765359401703 
1.0, 0.2857073247432709 
2.0, 0.3220922350883484 
3.0, 0.35232922434806824 
4.0, 0.37604567408561707 
5.0, 0.39900708198547363 
6.0, 0.4206559956073761 
7.0, 0.44148826599121094 
8.0, 0.4596976041793823 
9.0, 0.47779467701911926 
10.0, 0.4936215579509735 
11.0, 0.5094484090805054 
12.0, 0.524998128414154 
13.0, 0.5396099090576172 
14.0, 0.5538620352745056 
15.0, 0.5676144361495972 
16.0, 0.580657422542572 
17.0, 0.5937004685401917 
18.0, 0.6064295172691345 
19.0, 0.6173344254493713 
20.0, 0.6296412348747253 
21.0, 0.642117977142334 
22.0, 0.6526393890380859 
23.0, 0.6617162823677063 
24.0, 0.6707931160926819 
25.0, 0.6798699498176575 
26.0, 0.6909458041191101 
27.0, 0.6995924711227417 
28.0, 0.7082400918006897 
29.0, 0.7168867588043213 
30.0, 0.7255334258079529 
31.0, 0.733976423740387 
32.0, 0.7415023446083069 
33.0, 0.7488822937011719 
34.0, 0.75614994764328 
35.0, 0.7634175419807434 
36.0, 0.7706851959228516 
37.0, 0.7775375843048096 
38.0, 0.7837103605270386 
39.0, 0.7898831367492676 
40.0, 0.7959078550338745 
41.0, 0.80191969871521 
42.0, 0.8079305291175842 
43.0, 0.8139413595199585 
44.0, 0.8193531036376953 
45.0, 0.8237017393112183 
46.0, 0.8281646966934204 
47.0, 0.8329465389251709 
48.0, 0.8377283811569214 
49.0, 0.8425102233886719 
50.0, 0.8472920656204224 
51.0, 0.8520739078521729 
52.0, 0.8568557500839233 
53.0, 0.8612838983535767 
54.0, 0.8649072647094727 
55.0, 0.8685316443443298 
56.0, 0.872156023979187 
57.0, 0.8757804036140442 
58.0, 0.8794047832489014 
59.0, 0.8830291628837585 
60.0, 0.8878636956214905 
61.0, 0.8927547931671143 
62.0, 0.8976459503173828 
63.0, 0.9025370478630066 
64.0, 0.9050894379615784 
65.0, 0.9074162840843201 
66.0, 0.9099308848381042 
67.0, 0.9128886461257935 
68.0, 0.9158463478088379 
69.0, 0.9188040494918823 
70.0, 0.9217618107795715 
71.0, 0.9247185587882996 
72.0, 0.927676260471344 
73.0, 0.9306727647781372 
74.0, 0.933694064617157 
75.0, 0.9367163777351379 
76.0, 0.9397376775741577 
77.0, 0.9427589774131775 
78.0, 0.9456591010093689 
79.0, 0.9470331072807312 
80.0, 0.9499530792236328 
81.0, 0.9529257416725159 
82.0, 0.9558983445167542 
83.0, 0.9588710069656372 
84.0, 0.9618446230888367 
85.0, 0.964817225933075 
86.0, 0.9676458239555359 
87.0, 0.9701594114303589 
88.0, 0.9726730585098267 
89.0, 0.9751856923103333 
90.0, 0.977699339389801 
91.0, 0.980212926864624 
92.0, 0.9827265739440918 
93.0, 0.9881094694137573 
94.0, 0.9908923506736755 
95.0, 0.9924730658531189 
96.0, 0.9940547347068787 
97.0, 0.995635449886322 
98.0, 0.9972161650657654 
99.0, 0.998796820640564 
100.0, 0.31667227334471704 
