Time(Seconds), Inputs 
0.0, 0.20893359184265137 
1.0, 0.27704575657844543 
2.0, 0.3143328130245209 
3.0, 0.34452804923057556 
4.0, 0.37144961953163147 
5.0, 0.3963434398174286 
6.0, 0.41978567838668823 
7.0, 0.4398250877857208 
8.0, 0.45838814973831177 
9.0, 0.4777708351612091 
10.0, 0.49473729729652405 
11.0, 0.5117027163505554 
12.0, 0.5278445482254028 
13.0, 0.5439595580101013 
14.0, 0.5588266849517822 
15.0, 0.5710520148277283 
16.0, 0.5848451256752014 
17.0, 0.5994251370429993 
18.0, 0.6119047999382019 
19.0, 0.6243835091590881 
20.0, 0.6368622183799744 
21.0, 0.6472773551940918 
22.0, 0.6570575833320618 
23.0, 0.6676068902015686 
24.0, 0.6781571507453918 
25.0, 0.6879513263702393 
26.0, 0.6971235275268555 
27.0, 0.7062967419624329 
28.0, 0.7154690027236938 
29.0, 0.7266630530357361 
30.0, 0.7340320348739624 
31.0, 0.7414000630378723 
32.0, 0.7487690448760986 
33.0, 0.756138026714325 
34.0, 0.7635070085525513 
35.0, 0.7699400782585144 
36.0, 0.7756379246711731 
37.0, 0.7813358306884766 
38.0, 0.7870346903800964 
39.0, 0.7927325367927551 
40.0, 0.7984304428100586 
41.0, 0.8041282892227173 
42.0, 0.8104143142700195 
43.0, 0.8155220746994019 
44.0, 0.820515513420105 
45.0, 0.8255090117454529 
46.0, 0.8305014371871948 
47.0, 0.8354949355125427 
48.0, 0.8403393626213074 
49.0, 0.8449810743331909 
50.0, 0.8496228456497192 
51.0, 0.8540917634963989 
52.0, 0.8574886322021484 
53.0, 0.8608864545822144 
54.0, 0.8642833232879639 
55.0, 0.8680696487426758 
56.0, 0.8718580007553101 
57.0, 0.8756452798843384 
58.0, 0.8794326186180115 
59.0, 0.8832199573516846 
60.0, 0.8870082497596741 
61.0, 0.8908213973045349 
62.0, 0.8946554064750671 
63.0, 0.8982718586921692 
64.0, 0.9017253518104553 
65.0, 0.9051798582077026 
66.0, 0.9086333513259888 
67.0, 0.9119507074356079 
68.0, 0.9145467877388 
69.0, 0.9171428680419922 
70.0, 0.9197390079498291 
71.0, 0.9223350882530212 
72.0, 0.9249311685562134 
73.0, 0.9275272488594055 
74.0, 0.930791974067688 
75.0, 0.9343388676643372 
76.0, 0.9378867149353027 
77.0, 0.9408265948295593 
78.0, 0.9435011744499207 
79.0, 0.9461747407913208 
80.0, 0.9487658143043518 
81.0, 0.9511393904685974 
82.0, 0.9535118937492371 
83.0, 0.9558854699134827 
84.0, 0.9582579731941223 
85.0, 0.9606305360794067 
86.0, 0.9630040526390076 
87.0, 0.9655812978744507 
88.0, 0.9681942462921143 
89.0, 0.9708062410354614 
90.0, 0.973419189453125 
91.0, 0.9760311841964722 
92.0, 0.9786441326141357 
93.0, 0.9820162057876587 
94.0, 0.9839853644371033 
95.0, 0.985955536365509 
96.0, 0.98792564868927 
97.0, 0.9898958206176758 
98.0, 0.9918649792671204 
99.0, 0.9938351511955261 
100.0, 0.3277883997121432 
