Time(Seconds), Inputs 
0.0, 0.24976155161857605 
1.0, 0.305556982755661 
2.0, 0.34180977940559387 
3.0, 0.3694913983345032 
4.0, 0.39369866251945496 
5.0, 0.4161940813064575 
6.0, 0.43504324555397034 
7.0, 0.4531373679637909 
8.0, 0.47178784012794495 
9.0, 0.48740607500076294 
10.0, 0.5030252933502197 
11.0, 0.5180851817131042 
12.0, 0.5329204797744751 
13.0, 0.5477558374404907 
14.0, 0.5597059726715088 
15.0, 0.5723207592964172 
16.0, 0.5867209434509277 
17.0, 0.5991807579994202 
18.0, 0.6103748083114624 
19.0, 0.6215688586235046 
20.0, 0.6327629089355469 
21.0, 0.6436956524848938 
22.0, 0.6545032858848572 
23.0, 0.664857804775238 
24.0, 0.675030529499054 
25.0, 0.6843308806419373 
26.0, 0.6931126713752747 
27.0, 0.7018954753875732 
28.0, 0.7106772065162659 
29.0, 0.7194600105285645 
30.0, 0.7248389720916748 
31.0, 0.732882559299469 
32.0, 0.7409261465072632 
33.0, 0.7489706873893738 
34.0, 0.757014274597168 
35.0, 0.7647210955619812 
36.0, 0.7707289457321167 
37.0, 0.776735782623291 
38.0, 0.782928466796875 
39.0, 0.7894131541252136 
40.0, 0.795897901058197 
41.0, 0.8023826479911804 
42.0, 0.8080596923828125 
43.0, 0.8125941157341003 
44.0, 0.817128598690033 
45.0, 0.8216630220413208 
46.0, 0.8270916938781738 
47.0, 0.8328402042388916 
48.0, 0.838587760925293 
49.0, 0.8443363308906555 
50.0, 0.8498245477676392 
51.0, 0.8545427918434143 
52.0, 0.8592620491981506 
53.0, 0.8639475107192993 
54.0, 0.8678212761878967 
55.0, 0.871694028377533 
56.0, 0.8755677938461304 
57.0, 0.8794415593147278 
58.0, 0.883314311504364 
59.0, 0.8871880769729614 
60.0, 0.8910618424415588 
61.0, 0.8939211964607239 
62.0, 0.8972733616828918 
63.0, 0.9006255269050598 
64.0, 0.9039776921272278 
65.0, 0.9073298573493958 
66.0, 0.9106820225715637 
67.0, 0.9140341281890869 
68.0, 0.9173853397369385 
69.0, 0.9214279651641846 
70.0, 0.9257597327232361 
71.0, 0.9300905466079712 
72.0, 0.9339066743850708 
73.0, 0.9357198476791382 
74.0, 0.9375330209732056 
75.0, 0.9393472075462341 
76.0, 0.9411842226982117 
77.0, 0.9439551830291748 
78.0, 0.9467270970344543 
79.0, 0.9494990706443787 
80.0, 0.9522709846496582 
81.0, 0.9550429582595825 
82.0, 0.9578148722648621 
83.0, 0.9605868458747864 
84.0, 0.9635018110275269 
85.0, 0.9666632413864136 
86.0, 0.9698256254196167 
87.0, 0.9729880094528198 
88.0, 0.9761027097702026 
89.0, 0.9783530235290527 
90.0, 0.9806023836135864 
91.0, 0.9828527569770813 
92.0, 0.9849143028259277 
93.0, 0.9868874549865723 
94.0, 0.9888606071472168 
95.0, 0.9908347129821777 
96.0, 0.9928078651428223 
97.0, 0.9947819709777832 
98.0, 0.9967551231384277 
99.0, 0.9987292885780334 
100.0, 0.2747605806531283 
