Time(Seconds), Inputs 
0.0, 0.056536607444286346 
1.0, 0.28205910325050354 
2.0, 0.32030388712882996 
3.0, 0.3523441255092621 
4.0, 0.37839239835739136 
5.0, 0.4026354253292084 
6.0, 0.4239634573459625 
7.0, 0.4444062411785126 
8.0, 0.46369653940200806 
9.0, 0.4824334681034088 
10.0, 0.49922803044319153 
11.0, 0.5161229372024536 
12.0, 0.5316646695137024 
13.0, 0.54599529504776 
14.0, 0.5603259205818176 
15.0, 0.5736510753631592 
16.0, 0.58665931224823 
17.0, 0.5997360944747925 
18.0, 0.6121293902397156 
19.0, 0.6235916614532471 
20.0, 0.6350529789924622 
21.0, 0.6465153098106384 
22.0, 0.6561336517333984 
23.0, 0.6657708287239075 
24.0, 0.6764770746231079 
25.0, 0.6871823072433472 
26.0, 0.6966307759284973 
27.0, 0.7052873373031616 
28.0, 0.7139429450035095 
29.0, 0.7218871712684631 
30.0, 0.7289809584617615 
31.0, 0.7357578277587891 
32.0, 0.7418451309204102 
33.0, 0.747932493686676 
34.0, 0.7540197968482971 
35.0, 0.7608701586723328 
36.0, 0.7682927846908569 
37.0, 0.7757144570350647 
38.0, 0.7815484404563904 
39.0, 0.7872284054756165 
40.0, 0.7929093837738037 
41.0, 0.7979644536972046 
42.0, 0.8027562499046326 
43.0, 0.8075470328330994 
44.0, 0.8123388290405273 
45.0, 0.8171305656433105 
46.0, 0.8225572109222412 
47.0, 0.8269426226615906 
48.0, 0.8310737013816833 
49.0, 0.8352047801017761 
50.0, 0.8393349051475525 
51.0, 0.8434659838676453 
52.0, 0.847597062587738 
53.0, 0.8517698645591736 
54.0, 0.8559446930885315 
55.0, 0.8601184487342834 
56.0, 0.8638233542442322 
57.0, 0.8673175573348999 
58.0, 0.8708008527755737 
59.0, 0.8741719126701355 
60.0, 0.8775439262390137 
61.0, 0.8809149861335754 
62.0, 0.8842859864234924 
63.0, 0.8876570463180542 
64.0, 0.8909167647361755 
65.0, 0.8937960267066956 
66.0, 0.8966752886772156 
67.0, 0.8995544910430908 
68.0, 0.9024337530136108 
69.0, 0.905860424041748 
70.0, 0.9095633029937744 
71.0, 0.9126740097999573 
72.0, 0.9157847762107849 
73.0, 0.9188944697380066 
74.0, 0.9220052361488342 
75.0, 0.9251149296760559 
76.0, 0.9279654026031494 
77.0, 0.9305436015129089 
78.0, 0.9331207871437073 
79.0, 0.9356979727745056 
80.0, 0.9382761716842651 
81.0, 0.9408534169197083 
82.0, 0.9464588761329651 
83.0, 0.9484767317771912 
84.0, 0.9504955410957336 
85.0, 0.9525133967399597 
86.0, 0.954532265663147 
87.0, 0.956550121307373 
88.0, 0.9591710567474365 
89.0, 0.9620075821876526 
90.0, 0.9648440480232239 
91.0, 0.9676805734634399 
92.0, 0.9705161452293396 
93.0, 0.9733526110649109 
94.0, 0.97608882188797 
95.0, 0.9788060784339905 
96.0, 0.9815233945846558 
97.0, 0.984240710735321 
98.0, 0.9869589805603027 
99.0, 0.985935628414154 
100.0, 0.3589672073207602 
