Time(Seconds), Inputs 
0.0, 0.30342885851860046 
1.0, 0.3577777147293091 
2.0, 0.3825870752334595 
3.0, 0.40379488468170166 
4.0, 0.42383629083633423 
5.0, 0.4413153827190399 
6.0, 0.4559897780418396 
7.0, 0.4706631600856781 
8.0, 0.48418307304382324 
9.0, 0.496845543384552 
10.0, 0.5095080733299255 
11.0, 0.5204368233680725 
12.0, 0.5283800959587097 
13.0, 0.5398016571998596 
14.0, 0.5512242317199707 
15.0, 0.5625534057617188 
16.0, 0.5718826055526733 
17.0, 0.5812118053436279 
18.0, 0.5905410051345825 
19.0, 0.5998702645301819 
20.0, 0.6084572672843933 
21.0, 0.6162286400794983 
22.0, 0.6240000128746033 
23.0, 0.6317713856697083 
24.0, 0.6395427584648132 
25.0, 0.6473140716552734 
26.0, 0.6545578837394714 
27.0, 0.6624743342399597 
28.0, 0.6704314947128296 
29.0, 0.6783885955810547 
30.0, 0.6863467693328857 
31.0, 0.6936074495315552 
32.0, 0.7002829313278198 
33.0, 0.7069594264030457 
34.0, 0.7136359214782715 
35.0, 0.7203114628791809 
36.0, 0.7269879579544067 
37.0, 0.7335025072097778 
38.0, 0.7391735315322876 
39.0, 0.7448446154594421 
40.0, 0.7505156397819519 
41.0, 0.7564569115638733 
42.0, 0.7627966403961182 
43.0, 0.7691363096237183 
44.0, 0.7754372358322144 
45.0, 0.7808976769447327 
46.0, 0.786358118057251 
47.0, 0.7918195128440857 
48.0, 0.7972798943519592 
49.0, 0.8027403354644775 
50.0, 0.8082017302513123 
51.0, 0.8136621713638306 
52.0, 0.8186735510826111 
53.0, 0.8222671151161194 
54.0, 0.8258597254753113 
55.0, 0.8294522762298584 
56.0, 0.8344149589538574 
57.0, 0.8396150469779968 
58.0, 0.844815194606781 
59.0, 0.8500162959098816 
60.0, 0.855216383934021 
61.0, 0.8604165315628052 
62.0, 0.8642664551734924 
63.0, 0.8681143522262573 
64.0, 0.8719632625579834 
65.0, 0.8758112192153931 
66.0, 0.8796601295471191 
67.0, 0.8835080862045288 
68.0, 0.8873569965362549 
69.0, 0.8912048935890198 
70.0, 0.8951671123504639 
71.0, 0.8993935585021973 
72.0, 0.9035146832466125 
73.0, 0.906977117061615 
74.0, 0.9104395508766174 
75.0, 0.9139019846916199 
76.0, 0.9173644781112671 
77.0, 0.9208269119262695 
78.0, 0.924289345741272 
79.0, 0.9277517795562744 
80.0, 0.9312142133712769 
81.0, 0.9346766471862793 
82.0, 0.9381390810012817 
83.0, 0.9416015148162842 
84.0, 0.9450639486312866 
85.0, 0.9476948380470276 
86.0, 0.9504031538963318 
87.0, 0.9531125426292419 
88.0, 0.9558208584785461 
89.0, 0.9585301876068115 
90.0, 0.9612395763397217 
91.0, 0.9639478921890259 
92.0, 0.966657280921936 
93.0, 0.9693655967712402 
94.0, 0.9720749855041504 
95.0, 0.9747833013534546 
96.0, 0.97749263048172 
97.0, 0.9802020192146301 
98.0, 0.9829103350639343 
99.0, 0.9882565140724182 
100.0, 0.14481197756761016 
