Time(Seconds), Inputs 
0.0, 0.20229186117649078 
1.0, 0.27450433373451233 
2.0, 0.3150491416454315 
3.0, 0.34901779890060425 
4.0, 0.3801509439945221 
5.0, 0.40626776218414307 
6.0, 0.42994844913482666 
7.0, 0.45197194814682007 
8.0, 0.47399842739105225 
9.0, 0.4950045645236969 
10.0, 0.5128492712974548 
11.0, 0.5305648446083069 
12.0, 0.5480201244354248 
13.0, 0.5640357136726379 
14.0, 0.5797374248504639 
15.0, 0.5939835906028748 
16.0, 0.6075581312179565 
17.0, 0.6211317181587219 
18.0, 0.6343386769294739 
19.0, 0.6463027000427246 
20.0, 0.6579110622406006 
21.0, 0.669520378112793 
22.0, 0.6795609593391418 
23.0, 0.6885017156600952 
24.0, 0.6975944638252258 
25.0, 0.7073419690132141 
26.0, 0.7170894742012024 
27.0, 0.7247733473777771 
28.0, 0.7324295043945312 
29.0, 0.7399494647979736 
30.0, 0.746865451335907 
31.0, 0.753782331943512 
32.0, 0.7605929970741272 
33.0, 0.7662421464920044 
34.0, 0.7718625664710999 
35.0, 0.777360737323761 
36.0, 0.7828598618507385 
37.0, 0.7883580327033997 
38.0, 0.7938562035560608 
39.0, 0.799720048904419 
40.0, 0.8050105571746826 
41.0, 0.8084789514541626 
42.0, 0.8119483590126038 
43.0, 0.8154177665710449 
44.0, 0.8190073370933533 
45.0, 0.823278546333313 
46.0, 0.8275486826896667 
47.0, 0.8318198323249817 
48.0, 0.8360900282859802 
49.0, 0.8407635688781738 
50.0, 0.8477779030799866 
51.0, 0.8508528470993042 
52.0, 0.853928804397583 
53.0, 0.8570037484169006 
54.0, 0.8600429892539978 
55.0, 0.8627920746803284 
56.0, 0.8655411601066589 
57.0, 0.8682892322540283 
58.0, 0.8710383176803589 
59.0, 0.8738837838172913 
60.0, 0.8776839971542358 
61.0, 0.8814842700958252 
62.0, 0.885285496711731 
63.0, 0.8890857100486755 
64.0, 0.8891473412513733 
65.0, 0.8922054171562195 
66.0, 0.8952634930610657 
67.0, 0.8983225226402283 
68.0, 0.9013805985450745 
69.0, 0.9044386744499207 
70.0, 0.9074918031692505 
71.0, 0.9105439186096191 
72.0, 0.9135969877243042 
73.0, 0.916650116443634 
74.0, 0.919711172580719 
75.0, 0.9228984117507935 
76.0, 0.9260846376419067 
77.0, 0.92927086353302 
78.0, 0.9324570894241333 
79.0, 0.9288317561149597 
80.0, 0.9325137138366699 
81.0, 0.9361957311630249 
82.0, 0.9398787617683411 
83.0, 0.943560779094696 
84.0, 0.9471920728683472 
85.0, 0.9496371746063232 
86.0, 0.9520812630653381 
87.0, 0.9545252919197083 
88.0, 0.9569693803787231 
89.0, 0.9594492316246033 
90.0, 0.9633200168609619 
91.0, 0.967191755771637 
92.0, 0.9710625410079956 
93.0, 0.9749343395233154 
94.0, 0.9762110114097595 
95.0, 0.9786511063575745 
96.0, 0.9811061024665833 
97.0, 0.983561098575592 
98.0, 0.9860160946846008 
99.0, 0.9884711503982544 
100.0, 0.42039865610056254 
