Time(Seconds), Inputs 
0.0, 0.1447369009256363 
1.0, 0.22900083661079407 
2.0, 0.277279257774353 
3.0, 0.3167460858821869 
4.0, 0.3519596457481384 
5.0, 0.38295865058898926 
6.0, 0.4112403690814972 
7.0, 0.4381639361381531 
8.0, 0.4624278247356415 
9.0, 0.48576873540878296 
10.0, 0.5047053694725037 
11.0, 0.5264278054237366 
12.0, 0.5435144305229187 
13.0, 0.5599801540374756 
14.0, 0.5763554573059082 
15.0, 0.5913646817207336 
16.0, 0.6063738465309143 
17.0, 0.6154218912124634 
18.0, 0.6265622973442078 
19.0, 0.6377017498016357 
20.0, 0.6488421559333801 
21.0, 0.6614877581596375 
22.0, 0.66965651512146 
23.0, 0.6778252720832825 
24.0, 0.6863259077072144 
25.0, 0.6953977942466736 
26.0, 0.7028214335441589 
27.0, 0.7071800231933594 
28.0, 0.7133210301399231 
29.0, 0.7195534110069275 
30.0, 0.7257857918739319 
31.0, 0.7327027320861816 
32.0, 0.7402375936508179 
33.0, 0.7456145882606506 
34.0, 0.7489985227584839 
35.0, 0.7539095282554626 
36.0, 0.7588205337524414 
37.0, 0.7637315392494202 
38.0, 0.7686325907707214 
39.0, 0.7735286951065063 
40.0, 0.7784247994422913 
41.0, 0.7837550640106201 
42.0, 0.7882408499717712 
43.0, 0.7910197377204895 
44.0, 0.7937986254692078 
45.0, 0.7979555130004883 
46.0, 0.8024224042892456 
47.0, 0.8068883419036865 
48.0, 0.8111674189567566 
49.0, 0.8151663541793823 
50.0, 0.8191652894020081 
51.0, 0.8231642842292786 
52.0, 0.8301328420639038 
53.0, 0.8335446119308472 
54.0, 0.8369554281234741 
55.0, 0.8404536247253418 
56.0, 0.8440273404121399 
57.0, 0.8476000428199768 
58.0, 0.8511707782745361 
59.0, 0.8547245860099792 
60.0, 0.8582784533500671 
61.0, 0.8618313074111938 
62.0, 0.8665246963500977 
63.0, 0.8717248439788818 
64.0, 0.8754843473434448 
65.0, 0.8792319297790527 
66.0, 0.8832358121871948 
67.0, 0.8872397541999817 
68.0, 0.8912436366081238 
69.0, 0.8945063948631287 
70.0, 0.8976240754127502 
71.0, 0.9007408022880554 
72.0, 0.9043164849281311 
73.0, 0.9085429310798645 
74.0, 0.9127703905105591 
75.0, 0.9147713780403137 
76.0, 0.9187325239181519 
77.0, 0.9227463603019714 
78.0, 0.9267612099647522 
79.0, 0.9302574396133423 
80.0, 0.93336021900177 
81.0, 0.9364629983901978 
82.0, 0.9396234154701233 
83.0, 0.9431822299957275 
84.0, 0.9467410445213318 
85.0, 0.950299859046936 
86.0, 0.9547925591468811 
87.0, 0.9590508341789246 
88.0, 0.9625440835952759 
89.0, 0.965938925743103 
90.0, 0.9690675735473633 
91.0, 0.9721961617469788 
92.0, 0.975324809551239 
93.0, 0.9792054891586304 
94.0, 0.983208417892456 
95.0, 0.9872113466262817 
96.0, 0.990638017654419 
97.0, 0.993303656578064 
98.0, 0.9959702491760254 
99.0, 0.9986358880996704 
100.0, 0.6152278795259731 
