Time(Seconds), Inputs 
0.0, 0.20639215409755707 
1.0, 0.2784625291824341 
2.0, 0.3154902756214142 
3.0, 0.34671181440353394 
4.0, 0.3755052089691162 
5.0, 0.3985818326473236 
6.0, 0.4217270314693451 
7.0, 0.4420098662376404 
8.0, 0.4621615409851074 
9.0, 0.4797251224517822 
10.0, 0.49728766083717346 
11.0, 0.5138705968856812 
12.0, 0.5298812985420227 
13.0, 0.5461860299110413 
14.0, 0.5605574250221252 
15.0, 0.5749178528785706 
16.0, 0.5892305970191956 
17.0, 0.6022308468818665 
18.0, 0.615230143070221 
19.0, 0.6274664402008057 
20.0, 0.6390221118927002 
21.0, 0.6503453254699707 
22.0, 0.6616675853729248 
23.0, 0.6729907989501953 
24.0, 0.6822236180305481 
25.0, 0.6914753317832947 
26.0, 0.7008423209190369 
27.0, 0.7102082967758179 
28.0, 0.7186025977134705 
29.0, 0.7252463102340698 
30.0, 0.7318900227546692 
31.0, 0.7392858266830444 
32.0, 0.7478718757629395 
33.0, 0.7564579248428345 
34.0, 0.7627777457237244 
35.0, 0.7682878375053406 
36.0, 0.7737969160079956 
37.0, 0.7795097231864929 
38.0, 0.7863133549690247 
39.0, 0.7931170463562012 
40.0, 0.7999216914176941 
41.0, 0.8046300411224365 
42.0, 0.8088505268096924 
43.0, 0.8130710124969482 
44.0, 0.8180237412452698 
45.0, 0.823026180267334 
46.0, 0.8280285596847534 
47.0, 0.8330309987068176 
48.0, 0.8380333781242371 
49.0, 0.8430357575416565 
50.0, 0.8450188636779785 
51.0, 0.8489164710044861 
52.0, 0.8528140783309937 
53.0, 0.8567126393318176 
54.0, 0.8606102466583252 
55.0, 0.8645078539848328 
56.0, 0.8685316443443298 
57.0, 0.8726816177368164 
58.0, 0.876831591129303 
59.0, 0.8809805512428284 
60.0, 0.8851304650306702 
61.0, 0.8861786723136902 
62.0, 0.8870360851287842 
63.0, 0.8899630308151245 
64.0, 0.8928909301757812 
65.0, 0.8958178758621216 
66.0, 0.8987447619438171 
67.0, 0.9016717076301575 
68.0, 0.9046810865402222 
69.0, 0.9087376594543457 
70.0, 0.9127942323684692 
71.0, 0.9168497920036316 
72.0, 0.9209063649177551 
73.0, 0.9249629378318787 
74.0, 0.928665816783905 
75.0, 0.9307452440261841 
76.0, 0.9331952929496765 
77.0, 0.935645341873169 
78.0, 0.9380953907966614 
79.0, 0.940545380115509 
80.0, 0.9429954290390015 
81.0, 0.9452785849571228 
82.0, 0.9474742412567139 
83.0, 0.9496709704399109 
84.0, 0.951866626739502 
85.0, 0.9540623426437378 
86.0, 0.95625901222229 
87.0, 0.9591779708862305 
88.0, 0.9630278944969177 
89.0, 0.9668788313865662 
90.0, 0.9707287549972534 
91.0, 0.9716566801071167 
92.0, 0.9722239971160889 
93.0, 0.9732423424720764 
94.0, 0.9759288430213928 
95.0, 0.9786153435707092 
96.0, 0.9813018441200256 
97.0, 0.9839873313903809 
98.0, 0.9866738319396973 
99.0, 0.9893603324890137 
100.0, 0.3391195670225133 
