Time(Seconds), Inputs 
0.0, 0.11895091831684113 
1.0, 0.32335302233695984 
2.0, 0.3525070548057556 
3.0, 0.3751356303691864 
4.0, 0.3946961462497711 
5.0, 0.41269487142562866 
6.0, 0.4294387698173523 
7.0, 0.44707584381103516 
8.0, 0.4605947732925415 
9.0, 0.4740411341190338 
10.0, 0.4874885380268097 
11.0, 0.4996592104434967 
12.0, 0.5115149617195129 
13.0, 0.523371696472168 
14.0, 0.5351092219352722 
15.0, 0.5451587438583374 
16.0, 0.5552082657814026 
17.0, 0.5652577877044678 
18.0, 0.5753062963485718 
19.0, 0.5860592126846313 
20.0, 0.5950218439102173 
21.0, 0.6039238572120667 
22.0, 0.6128258109092712 
23.0, 0.6216662526130676 
24.0, 0.6302483081817627 
25.0, 0.6388303637504578 
26.0, 0.6474124789237976 
27.0, 0.6559955477714539 
28.0, 0.6641772389411926 
29.0, 0.6708656549453735 
30.0, 0.6775540709495544 
31.0, 0.6842424869537354 
32.0, 0.6909309029579163 
33.0, 0.6994354724884033 
34.0, 0.7078099250793457 
35.0, 0.7141456007957458 
36.0, 0.7204813361167908 
37.0, 0.7268170714378357 
38.0, 0.733153760433197 
39.0, 0.7394894957542419 
40.0, 0.7458252310752869 
41.0, 0.7517903447151184 
42.0, 0.7575170397758484 
43.0, 0.7632427215576172 
44.0, 0.768968403339386 
45.0, 0.774695098400116 
46.0, 0.7806075811386108 
47.0, 0.787020742893219 
48.0, 0.7929074168205261 
49.0, 0.7978859543800354 
50.0, 0.8028635382652283 
51.0, 0.8078420758247375 
52.0, 0.8128196597099304 
53.0, 0.8177972435951233 
54.0, 0.8227757811546326 
55.0, 0.8277533650398254 
56.0, 0.8327319025993347 
57.0, 0.8368033766746521 
58.0, 0.8406115770339966 
59.0, 0.8444207310676575 
60.0, 0.848845899105072 
61.0, 0.8532929420471191 
62.0, 0.8577389717102051 
63.0, 0.8621860146522522 
64.0, 0.8666320443153381 
65.0, 0.8710790276527405 
66.0, 0.8755250573158264 
67.0, 0.8792726397514343 
68.0, 0.882790744304657 
69.0, 0.8863087892532349 
70.0, 0.8898268938064575 
71.0, 0.8933449387550354 
72.0, 0.8968630433082581 
73.0, 0.9004765152931213 
74.0, 0.9041366577148438 
75.0, 0.907795786857605 
76.0, 0.9114559292793274 
77.0, 0.9151161313056946 
78.0, 0.918776273727417 
79.0, 0.9219247102737427 
80.0, 0.9249699115753174 
81.0, 0.9280140399932861 
82.0, 0.9310582280158997 
83.0, 0.9341033697128296 
84.0, 0.9371475577354431 
85.0, 0.9401916861534119 
86.0, 0.9432567358016968 
87.0, 0.946365475654602 
88.0, 0.9494752287864685 
89.0, 0.9525839686393738 
90.0, 0.9556937217712402 
91.0, 0.9588024616241455 
92.0, 0.9619121551513672 
93.0, 0.9641942977905273 
94.0, 0.9664029479026794 
95.0, 0.9686115384101868 
96.0, 0.9708201289176941 
97.0, 0.973027765750885 
98.0, 0.9752363562583923 
99.0, 0.9774449467658997 
100.0, 0.15818071104032977 
