Time(Seconds), Inputs 
0.0, 0.09594283998012543 
1.0, 0.19368495047092438 
2.0, 0.2501381039619446 
3.0, 0.29564258456230164 
4.0, 0.3345749080181122 
5.0, 0.3690532445907593 
6.0, 0.3976936340332031 
7.0, 0.4247652292251587 
8.0, 0.449662983417511 
9.0, 0.471958726644516 
10.0, 0.4906807243824005 
11.0, 0.5084986090660095 
12.0, 0.5262519717216492 
13.0, 0.5388280153274536 
14.0, 0.5518094301223755 
15.0, 0.566030740737915 
16.0, 0.57442307472229 
17.0, 0.5841109156608582 
18.0, 0.5941634178161621 
19.0, 0.6045974493026733 
20.0, 0.6128427386283875 
21.0, 0.6185475587844849 
22.0, 0.6253800392150879 
23.0, 0.6322999596595764 
24.0, 0.6397543549537659 
25.0, 0.6477353572845459 
26.0, 0.6499419808387756 
27.0, 0.6562528610229492 
28.0, 0.6625637412071228 
29.0, 0.6688616871833801 
30.0, 0.6751546859741211 
31.0, 0.6809976100921631 
32.0, 0.6853999495506287 
33.0, 0.6898032426834106 
34.0, 0.6974524259567261 
35.0, 0.7017354965209961 
36.0, 0.7058199048042297 
37.0, 0.709595263004303 
38.0, 0.713370680809021 
39.0, 0.7189642190933228 
40.0, 0.7246193885803223 
41.0, 0.7304176092147827 
42.0, 0.7363360524177551 
43.0, 0.7369549870491028 
44.0, 0.7419891953468323 
45.0, 0.7470234036445618 
46.0, 0.7524937391281128 
47.0, 0.7581578493118286 
48.0, 0.7634801864624023 
49.0, 0.7678844928741455 
50.0, 0.7722887396812439 
51.0, 0.7790347933769226 
52.0, 0.782869815826416 
53.0, 0.7860312461853027 
54.0, 0.7916843891143799 
55.0, 0.797337532043457 
56.0, 0.8011149168014526 
57.0, 0.8048843741416931 
58.0, 0.8093850612640381 
59.0, 0.8144391179084778 
60.0, 0.8197693824768066 
61.0, 0.8258517384529114 
62.0, 0.8298338055610657 
63.0, 0.8341228365898132 
64.0, 0.8385241627693176 
65.0, 0.8431152701377869 
66.0, 0.8481345772743225 
67.0, 0.853152871131897 
68.0, 0.8570922017097473 
69.0, 0.8608765006065369 
70.0, 0.8681958317756653 
71.0, 0.8724918365478516 
72.0, 0.8767709732055664 
73.0, 0.8805503249168396 
74.0, 0.8843287229537964 
75.0, 0.8881080746650696 
76.0, 0.8918874859809875 
77.0, 0.8957850933074951 
78.0, 0.9001863598823547 
79.0, 0.9045867323875427 
80.0, 0.9117172360420227 
81.0, 0.9153803586959839 
82.0, 0.9192919135093689 
83.0, 0.9237021803855896 
84.0, 0.9281124472618103 
85.0, 0.9313662052154541 
86.0, 0.9345117211341858 
87.0, 0.9382692575454712 
88.0, 0.9426676034927368 
89.0, 0.9475626945495605 
90.0, 0.9547001719474792 
91.0, 0.9578725099563599 
92.0, 0.9622390270233154 
93.0, 0.9672553539276123 
94.0, 0.9724157452583313 
95.0, 0.978094756603241 
96.0, 0.983774721622467 
97.0, 0.9874239563941956 
98.0, 0.9905635118484497 
99.0, 0.9955867528915405 
100.0, 0.8696809303395092 
