Time(Seconds), Inputs 
0.0, 0.09985832124948502 
1.0, 0.25073719024658203 
2.0, 0.2929898798465729 
3.0, 0.32677772641181946 
4.0, 0.3568587005138397 
5.0, 0.3856709599494934 
6.0, 0.40999943017959595 
7.0, 0.43255746364593506 
8.0, 0.45340362191200256 
9.0, 0.47380468249320984 
10.0, 0.4919564127922058 
11.0, 0.5104995965957642 
12.0, 0.5282926559448242 
13.0, 0.544769287109375 
14.0, 0.5612459182739258 
15.0, 0.5763207077980042 
16.0, 0.5898863077163696 
17.0, 0.6034519076347351 
18.0, 0.6164531707763672 
19.0, 0.6292219758033752 
20.0, 0.6413042545318604 
21.0, 0.6519181132316589 
22.0, 0.6622567176818848 
23.0, 0.6725953817367554 
24.0, 0.6829339861869812 
25.0, 0.6923933625221252 
26.0, 0.7000693678855896 
27.0, 0.707741379737854 
28.0, 0.7154143452644348 
29.0, 0.7230863571166992 
30.0, 0.7319158315658569 
31.0, 0.7388119101524353 
32.0, 0.7442017793655396 
33.0, 0.749592661857605 
34.0, 0.7549825310707092 
35.0, 0.7611244916915894 
36.0, 0.7681189179420471 
37.0, 0.7751133441925049 
38.0, 0.7803641557693481 
39.0, 0.7846512198448181 
40.0, 0.7892492413520813 
41.0, 0.7941383719444275 
42.0, 0.7990265488624573 
43.0, 0.8039156794548035 
44.0, 0.8088048100471497 
45.0, 0.8140258193016052 
46.0, 0.819525957107544 
47.0, 0.8234165906906128 
48.0, 0.827099621295929 
49.0, 0.8307836055755615 
50.0, 0.8342877626419067 
51.0, 0.837664783000946 
52.0, 0.8410427570343018 
53.0, 0.8444197773933411 
54.0, 0.8477977514266968 
55.0, 0.8518523573875427 
56.0, 0.8562954068183899 
57.0, 0.8607384562492371 
58.0, 0.8649628758430481 
59.0, 0.8690125346183777 
60.0, 0.8725911974906921 
61.0, 0.8759493231773376 
62.0, 0.879306435585022 
63.0, 0.8826645612716675 
64.0, 0.886022686958313 
65.0, 0.889173150062561 
66.0, 0.8922352194786072 
67.0, 0.8952982425689697 
68.0, 0.8983612656593323 
69.0, 0.9014233350753784 
70.0, 0.9066323637962341 
71.0, 0.9088360071182251 
72.0, 0.9110386967658997 
73.0, 0.9132423400878906 
74.0, 0.9154449701309204 
75.0, 0.9185835123062134 
76.0, 0.9219575524330139 
77.0, 0.9253315329551697 
78.0, 0.9287055730819702 
79.0, 0.9320785999298096 
80.0, 0.9353254437446594 
81.0, 0.9385484457015991 
82.0, 0.941771388053894 
83.0, 0.9449954032897949 
84.0, 0.9470390677452087 
85.0, 0.9489595890045166 
86.0, 0.9520355463027954 
87.0, 0.9551115036010742 
88.0, 0.958187460899353 
89.0, 0.9612634181976318 
90.0, 0.9637501835823059 
91.0, 0.9661942720413208 
92.0, 0.9686383605003357 
93.0, 0.9710814356803894 
94.0, 0.9735255241394043 
95.0, 0.9769322872161865 
96.0, 0.9803838133811951 
97.0, 0.9838353395462036 
98.0, 0.9872878193855286 
99.0, 0.9888297915458679 
100.0, 0.42508484536214175 
