Time(Seconds), Inputs 
0.0, 0.17460428178310394 
1.0, 0.24481776356697083 
2.0, 0.2883312404155731 
3.0, 0.324250191450119 
4.0, 0.3566828668117523 
5.0, 0.3841220736503601 
6.0, 0.4089343845844269 
7.0, 0.433071106672287 
8.0, 0.4551810324192047 
9.0, 0.4775353670120239 
10.0, 0.4963786005973816 
11.0, 0.5151333808898926 
12.0, 0.5324187874794006 
13.0, 0.5497041344642639 
14.0, 0.5646656155586243 
15.0, 0.5802351832389832 
16.0, 0.595804750919342 
17.0, 0.6098591685295105 
18.0, 0.6229578256607056 
19.0, 0.6350162625312805 
20.0, 0.6462887525558472 
21.0, 0.6566482782363892 
22.0, 0.6670078039169312 
23.0, 0.677466630935669 
24.0, 0.6871306300163269 
25.0, 0.6954712867736816 
26.0, 0.7038129568099976 
27.0, 0.7121436595916748 
28.0, 0.7204495668411255 
29.0, 0.7282854914665222 
30.0, 0.7349441051483154 
31.0, 0.7416027188301086 
32.0, 0.7478877902030945 
33.0, 0.754066526889801 
34.0, 0.760246217250824 
35.0, 0.7664259672164917 
36.0, 0.7717006206512451 
37.0, 0.7767367959022522 
38.0, 0.7817729711532593 
39.0, 0.7868091464042664 
40.0, 0.7918453216552734 
41.0, 0.7971686720848083 
42.0, 0.8025863766670227 
43.0, 0.8080050349235535 
44.0, 0.811793327331543 
45.0, 0.8137933015823364 
46.0, 0.8181519508361816 
47.0, 0.8225114941596985 
48.0, 0.8268710970878601 
49.0, 0.8312307000160217 
50.0, 0.8348789215087891 
51.0, 0.838235080242157 
52.0, 0.8415902256965637 
53.0, 0.8449463248252869 
54.0, 0.8490813970565796 
55.0, 0.8548011183738708 
56.0, 0.8576644659042358 
57.0, 0.8605278134346008 
58.0, 0.8633921146392822 
59.0, 0.8665843605995178 
60.0, 0.8699384927749634 
61.0, 0.8732936382293701 
62.0, 0.8766477704048157 
63.0, 0.8800873756408691 
64.0, 0.8840048313140869 
65.0, 0.8879222869873047 
66.0, 0.8918407559394836 
67.0, 0.8957582116127014 
68.0, 0.8967766165733337 
69.0, 0.9001307487487793 
70.0, 0.9034848809242249 
71.0, 0.9068390130996704 
72.0, 0.9101544618606567 
73.0, 0.9131717681884766 
74.0, 0.9161900877952576 
75.0, 0.9192074537277222 
76.0, 0.9222257733345032 
77.0, 0.925049364566803 
78.0, 0.9277388453483582 
79.0, 0.9304293394088745 
80.0, 0.9331197738647461 
81.0, 0.9386904835700989 
82.0, 0.9410600662231445 
83.0, 0.9434295892715454 
84.0, 0.9457981586456299 
85.0, 0.9481677412986755 
86.0, 0.9508999586105347 
87.0, 0.9539242386817932 
88.0, 0.9569485187530518 
89.0, 0.9599727988243103 
90.0, 0.9629971385002136 
91.0, 0.9660094976425171 
92.0, 0.9690228700637817 
93.0, 0.9720361828804016 
94.0, 0.9750495553016663 
95.0, 0.978482186794281 
96.0, 0.9818035960197449 
97.0, 0.9840826988220215 
98.0, 0.9863608479499817 
99.0, 0.9886390566825867 
100.0, 0.46646425849198814 
