Time(Seconds), Inputs 
0.0, 0.12729951739311218 
1.0, 0.21664930880069733 
2.0, 0.26681244373321533 
3.0, 0.30770301818847656 
4.0, 0.34472575783729553 
5.0, 0.37623047828674316 
6.0, 0.404502272605896 
7.0, 0.43262502551078796 
8.0, 0.4564279019832611 
9.0, 0.4763421416282654 
10.0, 0.49864980578422546 
11.0, 0.5180205702781677 
12.0, 0.5340352058410645 
13.0, 0.5540508031845093 
14.0, 0.568587064743042 
15.0, 0.5831243395805359 
16.0, 0.5940531492233276 
17.0, 0.6053505539894104 
18.0, 0.6166478991508484 
19.0, 0.6287778615951538 
20.0, 0.6414473056793213 
21.0, 0.6496647596359253 
22.0, 0.6578822135925293 
23.0, 0.6661304831504822 
24.0, 0.6743857264518738 
25.0, 0.6821808815002441 
26.0, 0.6891196966171265 
27.0, 0.6957276463508606 
28.0, 0.7023365497589111 
29.0, 0.7086077332496643 
30.0, 0.7144635319709778 
31.0, 0.7200124263763428 
32.0, 0.7238473892211914 
33.0, 0.7290375828742981 
34.0, 0.7342277765274048 
35.0, 0.7394010424613953 
36.0, 0.7441312670707703 
37.0, 0.7488604187965393 
38.0, 0.7535905838012695 
39.0, 0.7607191801071167 
40.0, 0.7647796869277954 
41.0, 0.7681954503059387 
42.0, 0.7724357843399048 
43.0, 0.7771520614624023 
44.0, 0.7818683385848999 
45.0, 0.7863849401473999 
46.0, 0.7906352281570435 
47.0, 0.794885516166687 
48.0, 0.7999982237815857 
49.0, 0.8056643009185791 
50.0, 0.8087541460990906 
51.0, 0.8118658661842346 
52.0, 0.8156383037567139 
53.0, 0.8194107413291931 
54.0, 0.8231831192970276 
55.0, 0.8277384638786316 
56.0, 0.8324607014656067 
57.0, 0.8371819257736206 
58.0, 0.8421684503555298 
59.0, 0.8469154834747314 
60.0, 0.8495314717292786 
61.0, 0.8526372313499451 
62.0, 0.8564116358757019 
63.0, 0.8601850271224976 
64.0, 0.8640657663345337 
65.0, 0.8683210015296936 
66.0, 0.8725773096084595 
67.0, 0.8768643736839294 
68.0, 0.8823496103286743 
69.0, 0.8878348469734192 
70.0, 0.8875696063041687 
71.0, 0.8907846212387085 
72.0, 0.8950290083885193 
73.0, 0.8992743492126465 
74.0, 0.9029354453086853 
75.0, 0.9062369465827942 
76.0, 0.9095374345779419 
77.0, 0.9134281277656555 
78.0, 0.918155312538147 
79.0, 0.9228824973106384 
80.0, 0.9277775883674622 
81.0, 0.9318649768829346 
82.0, 0.9337695837020874 
83.0, 0.9357049465179443 
84.0, 0.9399502873420715 
85.0, 0.9441956281661987 
86.0, 0.9484409689903259 
87.0, 0.9523047804832458 
88.0, 0.9560791850090027 
89.0, 0.9598535895347595 
90.0, 0.9644208550453186 
91.0, 0.9695017337799072 
92.0, 0.9730039238929749 
93.0, 0.9736328125 
94.0, 0.9778801202774048 
95.0, 0.9821274280548096 
96.0, 0.9862784147262573 
97.0, 0.990051805973053 
98.0, 0.9938252568244934 
99.0, 0.9975976347923279 
100.0, 0.65829994166216 
