Time(Seconds), Inputs 
0.0, 0.22107645869255066 
1.0, 0.28729498386383057 
2.0, 0.3236858546733856 
3.0, 0.3529362678527832 
4.0, 0.37942764163017273 
5.0, 0.4041048586368561 
6.0, 0.42646315693855286 
7.0, 0.4460694193840027 
8.0, 0.46545708179473877 
9.0, 0.4837399423122406 
10.0, 0.5001907348632812 
11.0, 0.5166405439376831 
12.0, 0.5315693020820618 
13.0, 0.5464105606079102 
14.0, 0.5615171790122986 
15.0, 0.5752317905426025 
16.0, 0.5888441205024719 
17.0, 0.6024563908576965 
18.0, 0.6146121621131897 
19.0, 0.6264262199401855 
20.0, 0.6383495330810547 
21.0, 0.6498287320137024 
22.0, 0.6597808599472046 
23.0, 0.6697330474853516 
24.0, 0.6796851754188538 
25.0, 0.689637303352356 
26.0, 0.6980634331703186 
27.0, 0.7072734236717224 
28.0, 0.7164834141731262 
29.0, 0.7256943583488464 
30.0, 0.7346540093421936 
31.0, 0.7412112951278687 
32.0, 0.7477685213088989 
33.0, 0.7548831701278687 
34.0, 0.7624568343162537 
35.0, 0.7700304985046387 
36.0, 0.777259349822998 
37.0, 0.7823998928070068 
38.0, 0.7875403761863708 
39.0, 0.7926809191703796 
40.0, 0.7979118227958679 
41.0, 0.8031526803970337 
42.0, 0.8083934783935547 
43.0, 0.8136343359947205 
44.0, 0.8188751935958862 
45.0, 0.8233162760734558 
46.0, 0.8277682662010193 
47.0, 0.8323225975036621 
48.0, 0.8368769288063049 
49.0, 0.8414312601089478 
50.0, 0.8459855318069458 
51.0, 0.8505398631095886 
52.0, 0.8550941944122314 
53.0, 0.8592382073402405 
54.0, 0.8628764748573303 
55.0, 0.8661978840827942 
56.0, 0.8695201873779297 
57.0, 0.8728415369987488 
58.0, 0.876163899898529 
59.0, 0.8794852495193481 
60.0, 0.882910966873169 
61.0, 0.8863445520401001 
62.0, 0.8897792100906372 
63.0, 0.8932128548622131 
64.0, 0.8966464400291443 
65.0, 0.9000810980796814 
66.0, 0.9044903516769409 
67.0, 0.9070287942886353 
68.0, 0.9095682501792908 
69.0, 0.9121066927909851 
70.0, 0.9146461486816406 
71.0, 0.9171846508979797 
72.0, 0.9197241067886353 
73.0, 0.9223877191543579 
74.0, 0.9251298308372498 
75.0, 0.9278729557991028 
76.0, 0.9306160807609558 
77.0, 0.9333582520484924 
78.0, 0.9361013770103455 
79.0, 0.9388434886932373 
80.0, 0.9435299634933472 
81.0, 0.9473957419395447 
82.0, 0.9497901797294617 
83.0, 0.9521835446357727 
84.0, 0.9545779824256897 
85.0, 0.9569723606109619 
86.0, 0.9593319892883301 
87.0, 0.9616101384162903 
88.0, 0.9638893008232117 
89.0, 0.9661674499511719 
90.0, 0.9684466123580933 
91.0, 0.9707257747650146 
92.0, 0.9730039238929749 
93.0, 0.9755910634994507 
94.0, 0.9783490896224976 
95.0, 0.9811081290245056 
96.0, 0.9838671088218689 
97.0, 0.986626148223877 
98.0, 0.9891844987869263 
99.0, 0.9905158281326294 
100.0, 0.31668504805419884 
