Time(Seconds), Inputs 
0.0, 0.3308223485946655 
1.0, 0.38652539253234863 
2.0, 0.41161391139030457 
3.0, 0.4315221905708313 
4.0, 0.44883736968040466 
5.0, 0.4618207812309265 
6.0, 0.47530192136764526 
7.0, 0.4887830913066864 
8.0, 0.502265214920044 
9.0, 0.5126605033874512 
10.0, 0.5229305624961853 
11.0, 0.5332006812095642 
12.0, 0.5434717535972595 
13.0, 0.5531377792358398 
14.0, 0.5626646876335144 
15.0, 0.572191596031189 
16.0, 0.5817185044288635 
17.0, 0.5909523367881775 
18.0, 0.5988518595695496 
19.0, 0.6067513823509216 
20.0, 0.6146509051322937 
21.0, 0.6225504875183105 
22.0, 0.6304500102996826 
23.0, 0.6379004120826721 
24.0, 0.6453866362571716 
25.0, 0.6528728604316711 
26.0, 0.6603581309318542 
27.0, 0.6678443551063538 
28.0, 0.6753305196762085 
29.0, 0.681788444519043 
30.0, 0.6880983710289001 
31.0, 0.6944072246551514 
32.0, 0.7007171511650085 
33.0, 0.7070260047912598 
34.0, 0.7133349180221558 
35.0, 0.7195603251457214 
36.0, 0.7251598834991455 
37.0, 0.7307593822479248 
38.0, 0.7363588809967041 
39.0, 0.7419593930244446 
40.0, 0.7475588917732239 
41.0, 0.7531583905220032 
42.0, 0.7589735388755798 
43.0, 0.765406608581543 
44.0, 0.7707011103630066 
45.0, 0.7759956121444702 
46.0, 0.7812901139259338 
47.0, 0.7865836024284363 
48.0, 0.7918781042098999 
49.0, 0.7971726059913635 
50.0, 0.8024671077728271 
51.0, 0.8073821067810059 
52.0, 0.8121271729469299 
53.0, 0.8168712854385376 
54.0, 0.8216153383255005 
55.0, 0.8263604640960693 
56.0, 0.8311045169830322 
57.0, 0.8358486294746399 
58.0, 0.8405926823616028 
59.0, 0.8453378081321716 
60.0, 0.8486641049385071 
61.0, 0.851456880569458 
62.0, 0.8554568290710449 
63.0, 0.8594567775726318 
64.0, 0.8634577393531799 
65.0, 0.8674576282501221 
66.0, 0.8714585900306702 
67.0, 0.8754585385322571 
68.0, 0.8794584274291992 
69.0, 0.8834593892097473 
70.0, 0.8874593377113342 
71.0, 0.8915466666221619 
72.0, 0.8957115411758423 
73.0, 0.8998754024505615 
74.0, 0.9040402770042419 
75.0, 0.9082041382789612 
76.0, 0.9123690128326416 
77.0, 0.916533887386322 
78.0, 0.9206977486610413 
79.0, 0.9248626232147217 
80.0, 0.9290463328361511 
81.0, 0.933321475982666 
82.0, 0.9367630481719971 
83.0, 0.9402046203613281 
84.0, 0.9436461925506592 
85.0, 0.9470877647399902 
86.0, 0.9505283832550049 
87.0, 0.9539699554443359 
88.0, 0.957411527633667 
89.0, 0.960853099822998 
90.0, 0.9642946720123291 
91.0, 0.967735230922699 
92.0, 0.97117680311203 
93.0, 0.974602460861206 
94.0, 0.9771320223808289 
95.0, 0.9796615242958069 
96.0, 0.9821910262107849 
97.0, 0.9847205877304077 
98.0, 0.9872490763664246 
99.0, 0.9897785782814026 
100.0, 0.1107013741329166 
