Time(Seconds), Inputs 
0.0, 0.16746976971626282 
1.0, 0.24754996597766876 
2.0, 0.292802095413208 
3.0, 0.33010005950927734 
4.0, 0.3606947064399719 
5.0, 0.3884250223636627 
6.0, 0.41493725776672363 
7.0, 0.43937206268310547 
8.0, 0.4629822075366974 
9.0, 0.48363861441612244 
10.0, 0.503352165222168 
11.0, 0.5227209329605103 
12.0, 0.541999340057373 
13.0, 0.5584402084350586 
14.0, 0.5743306875228882 
15.0, 0.590221107006073 
16.0, 0.6039844155311584 
17.0, 0.6167850494384766 
18.0, 0.6292001605033875 
19.0, 0.6405004858970642 
20.0, 0.6508311629295349 
21.0, 0.6621692776679993 
22.0, 0.6746112108230591 
23.0, 0.6832787394523621 
24.0, 0.6908146739006042 
25.0, 0.6984459161758423 
26.0, 0.7062510848045349 
27.0, 0.7140561938285828 
28.0, 0.7214232087135315 
29.0, 0.7273833751678467 
30.0, 0.7332401871681213 
31.0, 0.7390980124473572 
32.0, 0.7449548840522766 
33.0, 0.750900149345398 
34.0, 0.7578349709510803 
35.0, 0.7639610171318054 
36.0, 0.7684457898139954 
37.0, 0.7729296088218689 
38.0, 0.776642382144928 
39.0, 0.780324399471283 
40.0, 0.7840054035186768 
41.0, 0.7876864075660706 
42.0, 0.793054461479187 
43.0, 0.7987483739852905 
44.0, 0.8044422268867493 
45.0, 0.8072718381881714 
46.0, 0.8106100559234619 
47.0, 0.8142871260643005 
48.0, 0.8179631233215332 
49.0, 0.8216401934623718 
50.0, 0.8253122568130493 
51.0, 0.828981339931488 
52.0, 0.8326504230499268 
53.0, 0.8363205194473267 
54.0, 0.8406334519386292 
55.0, 0.845766007900238 
56.0, 0.848772406578064 
57.0, 0.8507117629051208 
58.0, 0.8533157706260681 
59.0, 0.8573445677757263 
60.0, 0.8613733053207397 
61.0, 0.8654020428657532 
62.0, 0.8693056106567383 
63.0, 0.8726071119308472 
64.0, 0.8759095668792725 
65.0, 0.8792120814323425 
66.0, 0.8825950026512146 
67.0, 0.8880733251571655 
68.0, 0.8917831182479858 
69.0, 0.8945481181144714 
70.0, 0.8973121047019958 
71.0, 0.9002360701560974 
72.0, 0.9031758904457092 
73.0, 0.9061157703399658 
74.0, 0.9090566039085388 
75.0, 0.9125786423683167 
76.0, 0.9162685871124268 
77.0, 0.9199575781822205 
78.0, 0.9236475229263306 
79.0, 0.9274974465370178 
80.0, 0.9314287900924683 
81.0, 0.9334874153137207 
82.0, 0.9348604679107666 
83.0, 0.9376274347305298 
84.0, 0.9416730403900146 
85.0, 0.9457187056541443 
86.0, 0.9497643113136292 
87.0, 0.9533737897872925 
88.0, 0.9563117027282715 
89.0, 0.9592485427856445 
90.0, 0.9621863961219788 
91.0, 0.9652623534202576 
92.0, 0.9687317609786987 
93.0, 0.9722001552581787 
94.0, 0.9749830365180969 
95.0, 0.9754857420921326 
96.0, 0.9791548252105713 
97.0, 0.98282390832901 
98.0, 0.9864929914474487 
99.0, 0.9901620745658875 
100.0, 0.5102964158423431 
