Time(Seconds), Inputs 
0.0, 0.2518191337585449 
1.0, 0.3101242184638977 
2.0, 0.3450526297092438 
3.0, 0.37243422865867615 
4.0, 0.3951968848705292 
5.0, 0.41608577966690063 
6.0, 0.4352598488330841 
7.0, 0.45348110795021057 
8.0, 0.47069594264030457 
9.0, 0.4856494963169098 
10.0, 0.5006040930747986 
11.0, 0.5161954760551453 
12.0, 0.5301753878593445 
13.0, 0.5432353019714355 
14.0, 0.5563170313835144 
15.0, 0.5694316029548645 
16.0, 0.582547128200531 
17.0, 0.59526526927948 
18.0, 0.6056883335113525 
19.0, 0.6161113977432251 
20.0, 0.6265345215797424 
21.0, 0.6388929486274719 
22.0, 0.6487358212471008 
23.0, 0.6585786938667297 
24.0, 0.6684225797653198 
25.0, 0.678265392780304 
26.0, 0.6863895058631897 
27.0, 0.6944092512130737 
28.0, 0.7024289965629578 
29.0, 0.7108153104782104 
30.0, 0.7212314605712891 
31.0, 0.7289124131202698 
32.0, 0.7365546226501465 
33.0, 0.744195818901062 
34.0, 0.7518380284309387 
35.0, 0.7594802379608154 
36.0, 0.7658278942108154 
37.0, 0.7703752517700195 
38.0, 0.7759101986885071 
39.0, 0.782853901386261 
40.0, 0.7897976636886597 
41.0, 0.7967414259910583 
42.0, 0.803685188293457 
43.0, 0.8098996877670288 
44.0, 0.8156244158744812 
45.0, 0.8213490843772888 
46.0, 0.8270738124847412 
47.0, 0.832410991191864 
48.0, 0.8375077843666077 
49.0, 0.8426036238670349 
50.0, 0.8476994037628174 
51.0, 0.8522636294364929 
52.0, 0.8566411137580872 
53.0, 0.8610185980796814 
54.0, 0.8653950691223145 
55.0, 0.8697725534439087 
56.0, 0.8737903833389282 
57.0, 0.8777585029602051 
58.0, 0.8817266821861267 
59.0, 0.8856948018074036 
60.0, 0.8896629810333252 
61.0, 0.8935685157775879 
62.0, 0.8970746397972107 
63.0, 0.9005808234214783 
64.0, 0.9040124416351318 
65.0, 0.9067774415016174 
66.0, 0.9095433950424194 
67.0, 0.9123094081878662 
68.0, 0.9150753617286682 
69.0, 0.9178403615951538 
70.0, 0.9206063151359558 
71.0, 0.9233723282814026 
72.0, 0.9261382818222046 
73.0, 0.9290810823440552 
74.0, 0.9324193596839905 
75.0, 0.9357396960258484 
76.0, 0.9385573863983154 
77.0, 0.9413750171661377 
78.0, 0.9441936612129211 
79.0, 0.9470112919807434 
80.0, 0.9498289227485657 
81.0, 0.9526475667953491 
82.0, 0.9551462531089783 
83.0, 0.9573975801467896 
84.0, 0.9596489071846008 
85.0, 0.9619002342224121 
86.0, 0.9641515612602234 
87.0, 0.9664029479026794 
88.0, 0.9686542749404907 
89.0, 0.970905601978302 
90.0, 0.9731569290161133 
91.0, 0.9766044616699219 
92.0, 0.9794687628746033 
93.0, 0.9816744327545166 
94.0, 0.9838800430297852 
95.0, 0.9860856533050537 
96.0, 0.988291323184967 
97.0, 0.9904969334602356 
98.0, 0.9927025437355042 
99.0, 0.9949081540107727 
100.0, 0.2403902247923045 
