Time(Seconds), Inputs 
0.0, 0.2053568959236145 
1.0, 0.27933087944984436 
2.0, 0.3195229768753052 
3.0, 0.3523520827293396 
4.0, 0.38169488310813904 
5.0, 0.4073437452316284 
6.0, 0.43090322613716125 
7.0, 0.4522203207015991 
8.0, 0.4734748303890228 
9.0, 0.49232104420661926 
10.0, 0.5110778212547302 
11.0, 0.5279260277748108 
12.0, 0.5449948310852051 
13.0, 0.5627302527427673 
14.0, 0.5779440999031067 
15.0, 0.5931580066680908 
16.0, 0.6062616109848022 
17.0, 0.6188485622406006 
18.0, 0.6325632333755493 
19.0, 0.6452207565307617 
20.0, 0.656426727771759 
21.0, 0.6676326990127563 
22.0, 0.6788396835327148 
23.0, 0.686696469783783 
24.0, 0.69625324010849 
25.0, 0.7058099508285522 
26.0, 0.7153666615486145 
27.0, 0.7249184250831604 
28.0, 0.733312726020813 
29.0, 0.740882396697998 
30.0, 0.7481421232223511 
31.0, 0.7554017901420593 
32.0, 0.7626605033874512 
33.0, 0.7696032524108887 
34.0, 0.7753567695617676 
35.0, 0.7801286578178406 
36.0, 0.7848995923995972 
37.0, 0.7896714806556702 
38.0, 0.7944434285163879 
39.0, 0.7992153167724609 
40.0, 0.8091843724250793 
41.0, 0.8142523169517517 
42.0, 0.8183754682540894 
43.0, 0.8224995732307434 
44.0, 0.826622724533081 
45.0, 0.8307925462722778 
46.0, 0.8350299596786499 
47.0, 0.8392673134803772 
48.0, 0.8435047268867493 
49.0, 0.8477421402931213 
50.0, 0.8519794940948486 
51.0, 0.8565506935119629 
52.0, 0.8596604466438293 
53.0, 0.8627711534500122 
54.0, 0.8658819198608398 
55.0, 0.8689926266670227 
56.0, 0.8723885416984558 
57.0, 0.8760417103767395 
58.0, 0.8796939253807068 
59.0, 0.8833470940589905 
60.0, 0.887000322341919 
61.0, 0.8906187415122986 
62.0, 0.8937870860099792 
63.0, 0.8968809247016907 
64.0, 0.8995078206062317 
65.0, 0.9021347165107727 
66.0, 0.904761552810669 
67.0, 0.9076845049858093 
68.0, 0.9107783436775208 
69.0, 0.9138712286949158 
70.0, 0.916964054107666 
71.0, 0.9200578927993774 
72.0, 0.9229937791824341 
73.0, 0.9252480864524841 
74.0, 0.9275023937225342 
75.0, 0.9297567009925842 
76.0, 0.9320110082626343 
77.0, 0.9342653155326843 
78.0, 0.940025806427002 
79.0, 0.9425244927406311 
80.0, 0.9450222253799438 
81.0, 0.9475199580192566 
82.0, 0.9500176906585693 
83.0, 0.9527111053466797 
84.0, 0.9557990431785583 
85.0, 0.9588869214057922 
86.0, 0.9619747996330261 
87.0, 0.96506267786026 
88.0, 0.9681505560874939 
89.0, 0.9705131649971008 
90.0, 0.9727674722671509 
91.0, 0.9750227332115173 
92.0, 0.9772780537605286 
93.0, 0.9795323610305786 
94.0, 0.9829759001731873 
95.0, 0.9849947690963745 
96.0, 0.9870126247406006 
97.0, 0.9890314936637878 
98.0, 0.9910503029823303 
99.0, 0.9930681586265564 
100.0, 0.38741648533676265 
