Time(Seconds), Inputs 
0.0, 0.17140214145183563 
1.0, 0.25158068537712097 
2.0, 0.29493123292922974 
3.0, 0.3295406997203827 
4.0, 0.3623638451099396 
5.0, 0.3915039598941803 
6.0, 0.4169054329395294 
7.0, 0.4421519339084625 
8.0, 0.4655912220478058 
9.0, 0.4871874749660492 
10.0, 0.50837641954422 
11.0, 0.527515709400177 
12.0, 0.5450027585029602 
13.0, 0.5617327690124512 
14.0, 0.5771125555038452 
15.0, 0.5924923419952393 
16.0, 0.6069938540458679 
17.0, 0.6200428009033203 
18.0, 0.6330917477607727 
19.0, 0.6460582613945007 
20.0, 0.658102810382843 
21.0, 0.6686997413635254 
22.0, 0.679297685623169 
23.0, 0.6891534924507141 
24.0, 0.6962770819664001 
25.0, 0.7048243880271912 
26.0, 0.7134829163551331 
27.0, 0.7221425175666809 
28.0, 0.7309034466743469 
29.0, 0.7379654049873352 
30.0, 0.7438589930534363 
31.0, 0.7497535943984985 
32.0, 0.7556471824645996 
33.0, 0.7618130445480347 
34.0, 0.7681447863578796 
35.0, 0.7742469906806946 
36.0, 0.7794719338417053 
37.0, 0.7844882607460022 
38.0, 0.7892522215843201 
39.0, 0.7940161824226379 
40.0, 0.7987801432609558 
41.0, 0.8038451671600342 
42.0, 0.8096652030944824 
43.0, 0.8154842853546143 
44.0, 0.8190659880638123 
45.0, 0.8225412964820862 
46.0, 0.8265790343284607 
47.0, 0.8306167125701904 
48.0, 0.8346543908119202 
49.0, 0.8386920690536499 
50.0, 0.8423641324043274 
51.0, 0.8460233211517334 
52.0, 0.8496824502944946 
53.0, 0.8533406257629395 
54.0, 0.8586480617523193 
55.0, 0.8618491888046265 
56.0, 0.8650294542312622 
57.0, 0.868209719657898 
58.0, 0.8712300658226013 
59.0, 0.8741570115089417 
60.0, 0.8770838975906372 
61.0, 0.8800118565559387 
62.0, 0.8831146359443665 
63.0, 0.8864290118217468 
64.0, 0.889743447303772 
65.0, 0.8930568695068359 
66.0, 0.8964467644691467 
67.0, 0.9000045657157898 
68.0, 0.902930498123169 
69.0, 0.9054192900657654 
70.0, 0.9079686999320984 
71.0, 0.9109015464782715 
72.0, 0.9138344526290894 
73.0, 0.9167683124542236 
74.0, 0.9197012186050415 
75.0, 0.9226410984992981 
76.0, 0.9255819320678711 
77.0, 0.9285227656364441 
78.0, 0.9314625859260559 
79.0, 0.934586226940155 
80.0, 0.9377496242523193 
81.0, 0.9409139752388 
82.0, 0.9440783858299255 
83.0, 0.9461369514465332 
84.0, 0.9490718245506287 
85.0, 0.9520077109336853 
86.0, 0.9549435973167419 
87.0, 0.9578784704208374 
88.0, 0.9608123302459717 
89.0, 0.9637462496757507 
90.0, 0.966680109500885 
91.0, 0.9696149826049805 
92.0, 0.9725488424301147 
93.0, 0.975483775138855 
94.0, 0.9784186482429504 
95.0, 0.9814499020576477 
96.0, 0.9849838614463806 
97.0, 0.9883469343185425 
98.0, 0.9914864897727966 
99.0, 0.9946250319480896 
100.0, 0.5063107064840167 
