Time(Seconds), Inputs 
0.0, 0.10825759172439575 
1.0, 0.30224359035491943 
2.0, 0.33527931571006775 
3.0, 0.3627493381500244 
4.0, 0.3863922655582428 
5.0, 0.4073238670825958 
6.0, 0.42625752091407776 
7.0, 0.44316035509109497 
8.0, 0.46006321907043457 
9.0, 0.47483497858047485 
10.0, 0.489462673664093 
11.0, 0.5040814280509949 
12.0, 0.5179420709609985 
13.0, 0.531802773475647 
14.0, 0.5456634759902954 
15.0, 0.5567323565483093 
16.0, 0.5686278343200684 
17.0, 0.5805243253707886 
18.0, 0.5920839905738831 
19.0, 0.6026381850242615 
20.0, 0.6131924390792847 
21.0, 0.6237466931343079 
22.0, 0.6339650750160217 
23.0, 0.642823338508606 
24.0, 0.6519856452941895 
25.0, 0.6618514060974121 
26.0, 0.6717180609703064 
27.0, 0.6805227398872375 
28.0, 0.6888017654418945 
29.0, 0.6970808506011963 
30.0, 0.7053598761558533 
31.0, 0.7136389017105103 
32.0, 0.7210665345191956 
33.0, 0.7276515960693359 
34.0, 0.734807014465332 
35.0, 0.742041826248169 
36.0, 0.7492777109146118 
37.0, 0.7565125823020935 
38.0, 0.763261616230011 
39.0, 0.7694025635719299 
40.0, 0.7755445241928101 
41.0, 0.781686544418335 
42.0, 0.7878285050392151 
43.0, 0.7943808436393738 
44.0, 0.8013941049575806 
45.0, 0.8067800402641296 
46.0, 0.8115589022636414 
47.0, 0.8163377642631531 
48.0, 0.8211156129837036 
49.0, 0.8258944749832153 
50.0, 0.8306723237037659 
51.0, 0.8354511857032776 
52.0, 0.8405867218971252 
53.0, 0.8480928540229797 
54.0, 0.8520539999008179 
55.0, 0.8560152053833008 
56.0, 0.8599764108657837 
57.0, 0.8639375567436218 
58.0, 0.8678987622261047 
59.0, 0.8718599677085876 
60.0, 0.8758211731910706 
61.0, 0.8797823190689087 
62.0, 0.8840177655220032 
63.0, 0.8884081244468689 
64.0, 0.8920742273330688 
65.0, 0.8956589102745056 
66.0, 0.8992445468902588 
67.0, 0.9028291702270508 
68.0, 0.906414806842804 
69.0, 0.909999430179596 
70.0, 0.9135850667953491 
71.0, 0.9171270132064819 
72.0, 0.9205248355865479 
73.0, 0.9239237308502197 
74.0, 0.9273215532302856 
75.0, 0.9307204484939575 
76.0, 0.9339007139205933 
77.0, 0.937003493309021 
78.0, 0.9401062726974487 
79.0, 0.9432090520858765 
80.0, 0.9463118314743042 
81.0, 0.9490042924880981 
82.0, 0.951603353023529 
83.0, 0.9542014002799988 
84.0, 0.9567995071411133 
85.0, 0.9593985676765442 
86.0, 0.9619966149330139 
87.0, 0.9645947217941284 
88.0, 0.9671937823295593 
89.0, 0.969791829586029 
90.0, 0.9732393622398376 
91.0, 0.9759695529937744 
92.0, 0.9780639410018921 
93.0, 0.9801573157310486 
94.0, 0.9822516441345215 
95.0, 0.984345018863678 
96.0, 0.9864393472671509 
97.0, 0.9885327219963074 
98.0, 0.9906270503997803 
99.0, 0.9927204251289368 
100.0, 0.22390872044251595 
