Time(Seconds), Inputs 
0.0, 0.12920112907886505 
1.0, 0.2462911605834961 
2.0, 0.2916416525840759 
3.0, 0.32989439368247986 
4.0, 0.3640637695789337 
5.0, 0.3956499397754669 
6.0, 0.4219585061073303 
7.0, 0.44643205404281616 
8.0, 0.4706035554409027 
9.0, 0.49236375093460083 
10.0, 0.5125134587287903 
11.0, 0.53228759765625 
12.0, 0.5500995516777039 
13.0, 0.567694902420044 
14.0, 0.5833568572998047 
15.0, 0.598706841468811 
16.0, 0.6129768490791321 
17.0, 0.6261351108551025 
18.0, 0.6392923593521118 
19.0, 0.6517611145973206 
20.0, 0.6614847779273987 
21.0, 0.6711726188659668 
22.0, 0.6808615326881409 
23.0, 0.6923009753227234 
24.0, 0.7014235258102417 
25.0, 0.7096936106681824 
26.0, 0.7179627418518066 
27.0, 0.725584089756012 
28.0, 0.7330663204193115 
29.0, 0.7394487261772156 
30.0, 0.7439255714416504 
31.0, 0.7503129839897156 
32.0, 0.7567062973976135 
33.0, 0.7630996704101562 
34.0, 0.7693459391593933 
35.0, 0.7748183012008667 
36.0, 0.7802906036376953 
37.0, 0.7834073305130005 
38.0, 0.7869551777839661 
39.0, 0.7917529344558716 
40.0, 0.7965506911277771 
41.0, 0.8013483881950378 
42.0, 0.806350827217102 
43.0, 0.811556875705719 
44.0, 0.8167619705200195 
45.0, 0.8219670653343201 
46.0, 0.8219531774520874 
47.0, 0.8263534903526306 
48.0, 0.8307538032531738 
49.0, 0.835154116153717 
50.0, 0.8395524621009827 
51.0, 0.8439488410949707 
52.0, 0.8483461737632751 
53.0, 0.8527435064315796 
54.0, 0.8568010926246643 
55.0, 0.8608556389808655 
56.0, 0.8649092316627502 
57.0, 0.8639853000640869 
58.0, 0.8667870163917542 
59.0, 0.8695887327194214 
60.0, 0.8723905086517334 
61.0, 0.8757257461547852 
62.0, 0.8801091909408569 
63.0, 0.8844936490058899 
64.0, 0.8888780474662781 
65.0, 0.8926852345466614 
66.0, 0.8958933353424072 
67.0, 0.8991014361381531 
68.0, 0.9023095369338989 
69.0, 0.9097341895103455 
70.0, 0.9120768904685974 
71.0, 0.9144196510314941 
72.0, 0.9167623519897461 
73.0, 0.9198194742202759 
74.0, 0.9230285286903381 
75.0, 0.9262376427650452 
76.0, 0.9294466972351074 
77.0, 0.9326438903808594 
78.0, 0.9358420372009277 
79.0, 0.9390402436256409 
80.0, 0.9422880411148071 
81.0, 0.9457823038101196 
82.0, 0.9492775201797485 
83.0, 0.9527727365493774 
84.0, 0.9535049796104431 
85.0, 0.9566941857337952 
86.0, 0.9598844051361084 
87.0, 0.9630736112594604 
88.0, 0.9660730957984924 
89.0, 0.9688728451728821 
90.0, 0.9716735482215881 
91.0, 0.9744733572006226 
92.0, 0.9778066277503967 
93.0, 0.9814161062240601 
94.0, 0.9850245714187622 
95.0, 0.9886330962181091 
96.0, 0.9914109706878662 
97.0, 0.9940259456634521 
98.0, 0.9966408610343933 
99.0, 0.9984232783317566 
100.0, 0.5498298834520672 
