Time(Seconds), Inputs 
0.0, 0.16011469066143036 
1.0, 0.23637080192565918 
2.0, 0.28238797187805176 
3.0, 0.3203068673610687 
4.0, 0.3525577485561371 
5.0, 0.38354381918907166 
6.0, 0.4096636176109314 
7.0, 0.43493199348449707 
8.0, 0.45990028977394104 
9.0, 0.48168137669563293 
10.0, 0.5019016265869141 
11.0, 0.5193827152252197 
12.0, 0.5368638038635254 
13.0, 0.5532202124595642 
14.0, 0.5696392059326172 
15.0, 0.5861645340919495 
16.0, 0.599273145198822 
17.0, 0.6123816967010498 
18.0, 0.6268762946128845 
19.0, 0.6383733749389648 
20.0, 0.6495664119720459 
21.0, 0.6607595086097717 
22.0, 0.670839786529541 
23.0, 0.6788803935050964 
24.0, 0.6869200468063354 
25.0, 0.6949606537818909 
26.0, 0.7026714086532593 
27.0, 0.7099748253822327 
28.0, 0.7170308232307434 
29.0, 0.723904013633728 
30.0, 0.7304454445838928 
31.0, 0.7364115715026855 
32.0, 0.7423776388168335 
33.0, 0.7483428120613098 
34.0, 0.7566158771514893 
35.0, 0.7615646719932556 
36.0, 0.766512393951416 
37.0, 0.7714611887931824 
38.0, 0.7763840556144714 
39.0, 0.7812145948410034 
40.0, 0.7860441207885742 
41.0, 0.7908746600151062 
42.0, 0.7958999276161194 
43.0, 0.800337016582489 
44.0, 0.8037189841270447 
45.0, 0.8071009516716003 
46.0, 0.8105027675628662 
47.0, 0.8142215609550476 
48.0, 0.8179402947425842 
49.0, 0.8216590881347656 
50.0, 0.8253788352012634 
51.0, 0.8301636576652527 
52.0, 0.8349802494049072 
53.0, 0.8397969007492065 
54.0, 0.839324951171875 
55.0, 0.8431460857391357 
56.0, 0.8475930690765381 
57.0, 0.8520411252975464 
58.0, 0.8564881086349487 
59.0, 0.8600638508796692 
60.0, 0.8634199500083923 
61.0, 0.8667750954627991 
62.0, 0.8701302409172058 
63.0, 0.873789370059967 
64.0, 0.8775637745857239 
65.0, 0.8813381791114807 
66.0, 0.8832100033760071 
67.0, 0.885374903678894 
68.0, 0.8887161016464233 
69.0, 0.8920573592185974 
70.0, 0.8953976035118103 
71.0, 0.8987438082695007 
72.0, 0.9020919799804688 
73.0, 0.905441164970398 
74.0, 0.908789336681366 
75.0, 0.9126372337341309 
76.0, 0.9170395731925964 
77.0, 0.921441912651062 
78.0, 0.9257448315620422 
79.0, 0.9270682334899902 
80.0, 0.9304183721542358 
81.0, 0.9337695837020874 
82.0, 0.9371207356452942 
83.0, 0.9404729008674622 
84.0, 0.9438289999961853 
85.0, 0.9471861124038696 
86.0, 0.9505422711372375 
87.0, 0.9539947509765625 
88.0, 0.9577512741088867 
89.0, 0.9615077972412109 
90.0, 0.9652643203735352 
91.0, 0.9671003818511963 
92.0, 0.969333827495575 
93.0, 0.9715682864189148 
94.0, 0.9738017320632935 
95.0, 0.9761424660682678 
96.0, 0.9798741340637207 
97.0, 0.9836048483848572 
98.0, 0.9873355031013489 
99.0, 0.9910662174224854 
100.0, 0.5164836334680355 
