Time(Seconds), Inputs 
0.0, 0.22287772595882416 
1.0, 0.2838951349258423 
2.0, 0.32081952691078186 
3.0, 0.35300979018211365 
4.0, 0.37801286578178406 
5.0, 0.4020591676235199 
6.0, 0.42291826009750366 
7.0, 0.44362831115722656 
8.0, 0.4616488814353943 
9.0, 0.4785010814666748 
10.0, 0.49590766429901123 
11.0, 0.5135377645492554 
12.0, 0.5303283929824829 
13.0, 0.5438641905784607 
14.0, 0.5574010014533997 
15.0, 0.5710241794586182 
16.0, 0.5843145847320557 
17.0, 0.5976040363311768 
18.0, 0.6108944416046143 
19.0, 0.6225703358650208 
20.0, 0.6336719989776611 
21.0, 0.6447746753692627 
22.0, 0.6560869216918945 
23.0, 0.6666193008422852 
24.0, 0.6770036220550537 
25.0, 0.6873869895935059 
26.0, 0.697770357131958 
27.0, 0.7069763541221619 
28.0, 0.7159150838851929 
29.0, 0.7248528599739075 
30.0, 0.73262619972229 
31.0, 0.7402952313423157 
32.0, 0.7474088668823242 
33.0, 0.7540406584739685 
34.0, 0.7606714367866516 
35.0, 0.7673022747039795 
36.0, 0.7739340662956238 
37.0, 0.781802773475647 
38.0, 0.788871705532074 
39.0, 0.7942585945129395 
40.0, 0.7996464967727661 
41.0, 0.8050333857536316 
42.0, 0.8104202747344971 
43.0, 0.8158081769943237 
44.0, 0.8215199708938599 
45.0, 0.8275576233863831 
46.0, 0.8324318528175354 
47.0, 0.8368818759918213 
48.0, 0.8413318991661072 
49.0, 0.8457818627357483 
50.0, 0.8502318859100342 
51.0, 0.8548150062561035 
52.0, 0.8597866296768188 
53.0, 0.864757239818573 
54.0, 0.8697288632392883 
55.0, 0.8738201856613159 
56.0, 0.8772706985473633 
57.0, 0.8807212114334106 
58.0, 0.8841478824615479 
59.0, 0.8870907425880432 
60.0, 0.8900325298309326 
61.0, 0.892975389957428 
62.0, 0.8959181904792786 
63.0, 0.8988610506057739 
64.0, 0.9018028378486633 
65.0, 0.9047456979751587 
66.0, 0.9096527099609375 
67.0, 0.9147743582725525 
68.0, 0.9175383448600769 
69.0, 0.9203013181686401 
70.0, 0.9230653047561646 
71.0, 0.925829291343689 
72.0, 0.9285932779312134 
73.0, 0.931338369846344 
74.0, 0.9340716004371643 
75.0, 0.9368037581443787 
76.0, 0.939536988735199 
77.0, 0.9422701597213745 
78.0, 0.94500333070755 
79.0, 0.9477355480194092 
80.0, 0.950711190700531 
81.0, 0.9541398286819458 
82.0, 0.9574045538902283 
83.0, 0.9595416188240051 
84.0, 0.9616796970367432 
85.0, 0.9638177752494812 
86.0, 0.9659558534622192 
87.0, 0.9681773781776428 
88.0, 0.9709165096282959 
89.0, 0.9736546874046326 
90.0, 0.9763928055763245 
91.0, 0.9791309833526611 
92.0, 0.9818701148033142 
93.0, 0.9846082925796509 
94.0, 0.9873464703559875 
95.0, 0.9898531436920166 
96.0, 0.9923369288444519 
97.0, 0.994820773601532 
98.0, 0.9973035454750061 
99.0, 0.9997873902320862 
100.0, 0.2918169469295986 
