Time(Seconds), Inputs 
0.0, 0.1950560212135315 
1.0, 0.26337286829948425 
2.0, 0.3032808303833008 
3.0, 0.3365619480609894 
4.0, 0.3661382496356964 
5.0, 0.39027199149131775 
6.0, 0.4141593277454376 
7.0, 0.43728068470954895 
8.0, 0.4587577283382416 
9.0, 0.47773805260658264 
10.0, 0.4964948296546936 
11.0, 0.513998806476593 
12.0, 0.5315037369728088 
13.0, 0.5472014546394348 
14.0, 0.5621529817581177 
15.0, 0.5786097645759583 
16.0, 0.5927436947822571 
17.0, 0.6066461205482483 
18.0, 0.6205494999885559 
19.0, 0.6328920722007751 
20.0, 0.6450518369674683 
21.0, 0.6585429310798645 
22.0, 0.6702595949172974 
23.0, 0.6800527572631836 
24.0, 0.6898459792137146 
25.0, 0.6996381282806396 
26.0, 0.7060315012931824 
27.0, 0.7146652340888977 
28.0, 0.723298966884613 
29.0, 0.731931746006012 
30.0, 0.7405654788017273 
31.0, 0.7491992115974426 
32.0, 0.7555051445960999 
33.0, 0.761488139629364 
34.0, 0.7674711346626282 
35.0, 0.7734551429748535 
36.0, 0.7794381976127625 
37.0, 0.7854211926460266 
38.0, 0.7942337989807129 
39.0, 0.7992997765541077 
40.0, 0.8043647408485413 
41.0, 0.8094307780265808 
42.0, 0.8144957423210144 
43.0, 0.8194951415061951 
44.0, 0.8241696953773499 
45.0, 0.8288442492485046 
46.0, 0.8335188031196594 
47.0, 0.8376607894897461 
48.0, 0.8414173126220703 
49.0, 0.8456447720527649 
50.0, 0.8502567410469055 
51.0, 0.8548696637153625 
52.0, 0.8594816327095032 
53.0, 0.8640945553779602 
54.0, 0.8687065243721008 
55.0, 0.8722364902496338 
56.0, 0.8756860494613647 
57.0, 0.8788911700248718 
58.0, 0.8814643621444702 
59.0, 0.8840386271476746 
60.0, 0.8869158625602722 
61.0, 0.8904508352279663 
62.0, 0.8939858078956604 
63.0, 0.8975207805633545 
64.0, 0.901056706905365 
65.0, 0.9045916795730591 
66.0, 0.9079636931419373 
67.0, 0.9112691879272461 
68.0, 0.9145746231079102 
69.0, 0.917880117893219 
70.0, 0.9210116863250732 
71.0, 0.9226062893867493 
72.0, 0.9255968332290649 
73.0, 0.928588330745697 
74.0, 0.9315788149833679 
75.0, 0.9345703125 
76.0, 0.9375608563423157 
77.0, 0.9402990341186523 
78.0, 0.942742109298706 
79.0, 0.9451851844787598 
80.0, 0.9476282596588135 
81.0, 0.9500713348388672 
82.0, 0.9525144100189209 
83.0, 0.9555963277816772 
84.0, 0.9587944746017456 
85.0, 0.9619926810264587 
86.0, 0.9645907282829285 
87.0, 0.966606616973877 
88.0, 0.9687883853912354 
89.0, 0.971494734287262 
90.0, 0.9742010831832886 
91.0, 0.9769084453582764 
92.0, 0.9796148538589478 
93.0, 0.9823212027549744 
94.0, 0.9850364923477173 
95.0, 0.9877557754516602 
96.0, 0.9904760718345642 
97.0, 0.9931963086128235 
98.0, 0.9959155917167664 
99.0, 0.9986358880996704 
100.0, 0.3753167063392367 
