Time(Seconds), Inputs 
0.0, 0.24484558403491974 
1.0, 0.33067333698272705 
2.0, 0.3593365550041199 
3.0, 0.3838905692100525 
4.0, 0.40357330441474915 
5.0, 0.4232560694217682 
6.0, 0.4383954107761383 
7.0, 0.45334598422050476 
8.0, 0.46832937002182007 
9.0, 0.4835154116153717 
10.0, 0.49604278802871704 
11.0, 0.50857013463974 
12.0, 0.5212376117706299 
13.0, 0.5339110493659973 
14.0, 0.54658442735672 
15.0, 0.5576672554016113 
16.0, 0.5677058100700378 
17.0, 0.577743411064148 
18.0, 0.5877820253372192 
19.0, 0.5975046753883362 
20.0, 0.6060847640037537 
21.0, 0.6153603196144104 
22.0, 0.624809741973877 
23.0, 0.6342581510543823 
24.0, 0.643107533454895 
25.0, 0.6515325903892517 
26.0, 0.6599577069282532 
27.0, 0.6683838367462158 
28.0, 0.6768088936805725 
29.0, 0.684765100479126 
30.0, 0.6923198699951172 
31.0, 0.6998746395111084 
32.0, 0.7070995569229126 
33.0, 0.7140234112739563 
34.0, 0.7209482789039612 
35.0, 0.727679431438446 
36.0, 0.7343152165412903 
37.0, 0.7409519553184509 
38.0, 0.7475877404212952 
39.0, 0.7542234659194946 
40.0, 0.7608602643013 
41.0, 0.7669405937194824 
42.0, 0.7714840173721313 
43.0, 0.7763145565986633 
44.0, 0.7819637060165405 
45.0, 0.7876139283180237 
46.0, 0.7932640910148621 
47.0, 0.798913300037384 
48.0, 0.8045634627342224 
49.0, 0.8098281621932983 
50.0, 0.8143685460090637 
51.0, 0.8189089894294739 
52.0, 0.823449432849884 
53.0, 0.8279888033866882 
54.0, 0.8325292468070984 
55.0, 0.8376120924949646 
56.0, 0.8426969647407532 
57.0, 0.8477818369865417 
58.0, 0.852411687374115 
59.0, 0.8563887476921082 
60.0, 0.8603648543357849 
61.0, 0.8643419742584229 
62.0, 0.8683180212974548 
63.0, 0.8722951412200928 
64.0, 0.8762711882591248 
65.0, 0.8802483081817627 
66.0, 0.8838826417922974 
67.0, 0.8874176144599915 
68.0, 0.8909515738487244 
69.0, 0.8944080471992493 
70.0, 0.897708535194397 
71.0, 0.9010080099105835 
72.0, 0.9043084979057312 
73.0, 0.9076090455055237 
74.0, 0.9109095335006714 
75.0, 0.9142100214958191 
76.0, 0.9175105094909668 
77.0, 0.9211170077323914 
78.0, 0.9250146150588989 
79.0, 0.9289122223854065 
80.0, 0.9328098297119141 
81.0, 0.9363646507263184 
82.0, 0.9387521147727966 
83.0, 0.9411405324935913 
84.0, 0.943528950214386 
85.0, 0.9459164142608643 
86.0, 0.9483048319816589 
87.0, 0.9506933093070984 
88.0, 0.9531641602516174 
89.0, 0.9559072852134705 
90.0, 0.9586514234542847 
91.0, 0.9613955616950989 
92.0, 0.9641396403312683 
93.0, 0.9668837785720825 
94.0, 0.9696279168128967 
95.0, 0.9723719954490662 
96.0, 0.9751161336898804 
97.0, 0.9778602719306946 
98.0, 0.9797141551971436 
99.0, 0.9813793301582336 
100.0, 0.18727724100341084 
