Time(Seconds), Inputs 
0.0, 0.025501830503344536 
1.0, 0.3242025077342987 
2.0, 0.3544524013996124 
3.0, 0.3753224015235901 
4.0, 0.39598774909973145 
5.0, 0.41356122493743896 
6.0, 0.4308684468269348 
7.0, 0.44670724868774414 
8.0, 0.4608491063117981 
9.0, 0.47498995065689087 
10.0, 0.48808664083480835 
11.0, 0.49993640184402466 
12.0, 0.5117871761322021 
13.0, 0.5236379504203796 
14.0, 0.5325131416320801 
15.0, 0.543213427066803 
16.0, 0.5539137125015259 
17.0, 0.5646139979362488 
18.0, 0.5746078491210938 
19.0, 0.5843096375465393 
20.0, 0.5940114259719849 
21.0, 0.6037142276763916 
22.0, 0.6130334734916687 
23.0, 0.6215599179267883 
24.0, 0.630086362361908 
25.0, 0.6386128067970276 
26.0, 0.6471392512321472 
27.0, 0.6556617021560669 
28.0, 0.6635046005249023 
29.0, 0.6711815595626831 
30.0, 0.6788585782051086 
31.0, 0.6865355372428894 
32.0, 0.6942124962806702 
33.0, 0.7014016509056091 
34.0, 0.7083374857902527 
35.0, 0.7152732610702515 
36.0, 0.722209095954895 
37.0, 0.7291448712348938 
38.0, 0.7360817193984985 
39.0, 0.7424820065498352 
40.0, 0.7484024167060852 
41.0, 0.7542930245399475 
42.0, 0.7600803375244141 
43.0, 0.7658675909042358 
44.0, 0.7716549038887024 
45.0, 0.7774421572685242 
46.0, 0.7831977009773254 
47.0, 0.788844883441925 
48.0, 0.7944920659065247 
49.0, 0.800139307975769 
50.0, 0.8057864904403687 
51.0, 0.8114346861839294 
52.0, 0.817081868648529 
53.0, 0.8227291107177734 
54.0, 0.8273956775665283 
55.0, 0.831903338432312 
56.0, 0.8365669250488281 
57.0, 0.841230571269989 
58.0, 0.8458941578865051 
59.0, 0.8505587577819824 
60.0, 0.8552223443984985 
61.0, 0.8598859906196594 
62.0, 0.8645495772361755 
63.0, 0.8689737915992737 
64.0, 0.8731426000595093 
65.0, 0.8773114681243896 
66.0, 0.8814812898635864 
67.0, 0.885650098323822 
68.0, 0.8898119926452637 
69.0, 0.8936479687690735 
70.0, 0.8974829912185669 
71.0, 0.9013190269470215 
72.0, 0.9051539897918701 
73.0, 0.9089890122413635 
74.0, 0.912463366985321 
75.0, 0.9158850908279419 
76.0, 0.9193058013916016 
77.0, 0.9227265119552612 
78.0, 0.9261482357978821 
79.0, 0.9295689463615417 
80.0, 0.9329906105995178 
81.0, 0.9364113211631775 
82.0, 0.9399532675743103 
83.0, 0.9436501860618591 
84.0, 0.947347104549408 
85.0, 0.9510449767112732 
86.0, 0.9542739391326904 
87.0, 0.9573400020599365 
88.0, 0.9604049921035767 
89.0, 0.9634700417518616 
90.0, 0.9665350317955017 
91.0, 0.9696000814437866 
92.0, 0.9726651310920715 
93.0, 0.9757301211357117 
94.0, 0.9787961840629578 
95.0, 0.9818611741065979 
96.0, 0.9850156307220459 
97.0, 0.9881889820098877 
98.0, 0.9913622736930847 
99.0, 0.9945356249809265 
100.0, 0.15517652519385622 
