Time(Seconds), Inputs 
0.0, 0.20124469697475433 
1.0, 0.2721874415874481 
2.0, 0.3116552531719208 
3.0, 0.3469005823135376 
4.0, 0.3749597668647766 
5.0, 0.4003155529499054 
6.0, 0.4242863357067108 
7.0, 0.44675394892692566 
8.0, 0.46834129095077515 
9.0, 0.48890331387519836 
10.0, 0.5073461532592773 
11.0, 0.5240790843963623 
12.0, 0.540812075138092 
13.0, 0.5567790269851685 
14.0, 0.5735437870025635 
15.0, 0.5888500809669495 
16.0, 0.6017032861709595 
17.0, 0.6145575642585754 
18.0, 0.6277565360069275 
19.0, 0.6405243277549744 
20.0, 0.6517362594604492 
21.0, 0.6629492044448853 
22.0, 0.6728278398513794 
23.0, 0.6815271973609924 
24.0, 0.691290557384491 
25.0, 0.7017255425453186 
26.0, 0.7117531895637512 
27.0, 0.7193506956100464 
28.0, 0.7269471883773804 
29.0, 0.7345437407493591 
30.0, 0.7421411871910095 
31.0, 0.7497376799583435 
32.0, 0.7564281225204468 
33.0, 0.7623922228813171 
34.0, 0.7684319019317627 
35.0, 0.7745391130447388 
36.0, 0.7806463241577148 
37.0, 0.7867544889450073 
38.0, 0.7928617000579834 
39.0, 0.7946798801422119 
40.0, 0.7991994023323059 
41.0, 0.8037199378013611 
42.0, 0.808240532875061 
43.0, 0.812760055065155 
44.0, 0.8175866007804871 
45.0, 0.8227976560592651 
46.0, 0.828007698059082 
47.0, 0.8332187533378601 
48.0, 0.8383662104606628 
49.0, 0.8425817489624023 
50.0, 0.8464981913566589 
51.0, 0.8504157066345215 
52.0, 0.8543321490287781 
53.0, 0.8582486510276794 
54.0, 0.861734926700592 
55.0, 0.8644492626190186 
56.0, 0.8671645522117615 
57.0, 0.8698798418045044 
58.0, 0.8725951910018921 
59.0, 0.8768077492713928 
60.0, 0.8818876147270203 
61.0, 0.8847648501396179 
62.0, 0.8876430988311768 
63.0, 0.8905203938484192 
64.0, 0.8932674527168274 
65.0, 0.8956727981567383 
66.0, 0.8980790972709656 
67.0, 0.9004844427108765 
68.0, 0.9028897881507874 
69.0, 0.9056706428527832 
70.0, 0.9096656441688538 
71.0, 0.9136605858802795 
72.0, 0.9176555275917053 
73.0, 0.9216505289077759 
74.0, 0.9233812689781189 
75.0, 0.9257935285568237 
76.0, 0.9282057881355286 
77.0, 0.9306181073188782 
78.0, 0.933030366897583 
79.0, 0.9354903697967529 
80.0, 0.938194751739502 
81.0, 0.9409000873565674 
82.0, 0.9436054825782776 
83.0, 0.9463098645210266 
84.0, 0.9490509629249573 
85.0, 0.9520613551139832 
86.0, 0.955071747303009 
87.0, 0.9580821394920349 
88.0, 0.9610934853553772 
89.0, 0.9641416668891907 
90.0, 0.9666473269462585 
91.0, 0.9686204791069031 
92.0, 0.970594584941864 
93.0, 0.9725677371025085 
94.0, 0.9745786190032959 
95.0, 0.9775890111923218 
96.0, 0.9805994033813477 
97.0, 0.9836108088493347 
98.0, 0.9866212010383606 
99.0, 0.9896315336227417 
100.0, 0.4182376010798888 
