Time(Seconds), Inputs 
0.0, 0.1889885514974594 
1.0, 0.2605949640274048 
2.0, 0.30422765016555786 
3.0, 0.33845263719558716 
4.0, 0.36776167154312134 
5.0, 0.3957582414150238 
6.0, 0.4219118356704712 
7.0, 0.4472090005874634 
8.0, 0.46827173233032227 
9.0, 0.488800972700119 
10.0, 0.5082810521125793 
11.0, 0.5277312994003296 
12.0, 0.5447950959205627 
13.0, 0.5617367029190063 
14.0, 0.5807607769966125 
15.0, 0.5947068929672241 
16.0, 0.6086530089378357 
17.0, 0.622035801410675 
18.0, 0.6331762075424194 
19.0, 0.6456787586212158 
20.0, 0.658180296421051 
21.0, 0.6689710021018982 
22.0, 0.6783339977264404 
23.0, 0.6884908080101013 
24.0, 0.6986476182937622 
25.0, 0.7082858085632324 
26.0, 0.7152623534202576 
27.0, 0.7231012582778931 
28.0, 0.7314597964286804 
29.0, 0.7398183345794678 
30.0, 0.7481768727302551 
31.0, 0.7536134719848633 
32.0, 0.7593768835067749 
33.0, 0.7651413679122925 
34.0, 0.7709047794342041 
35.0, 0.7766682505607605 
36.0, 0.7832245230674744 
37.0, 0.7904027104377747 
38.0, 0.7956117987632751 
39.0, 0.7997051477432251 
40.0, 0.8038143515586853 
41.0, 0.8088852763175964 
42.0, 0.8139562606811523 
43.0, 0.8190272450447083 
44.0, 0.8240981698036194 
45.0, 0.8289247155189514 
46.0, 0.8334890007972717 
47.0, 0.8379002213478088 
48.0, 0.8421366214752197 
49.0, 0.8463730216026306 
50.0, 0.8494996428489685 
51.0, 0.852547824382782 
52.0, 0.8555959463119507 
53.0, 0.8586440682411194 
54.0, 0.8622565269470215 
55.0, 0.8666926026344299 
56.0, 0.871127724647522 
57.0, 0.8755638003349304 
58.0, 0.8788474202156067 
59.0, 0.8809080123901367 
60.0, 0.8832725882530212 
61.0, 0.8856371641159058 
62.0, 0.8880017995834351 
63.0, 0.8906972408294678 
64.0, 0.8940593004226685 
65.0, 0.8974204063415527 
66.0, 0.900781512260437 
67.0, 0.9041435718536377 
68.0, 0.9078683257102966 
69.0, 0.9117003679275513 
70.0, 0.9155324101448059 
71.0, 0.9193643927574158 
72.0, 0.9194458723068237 
73.0, 0.9224870800971985 
74.0, 0.9255282282829285 
75.0, 0.9285704493522644 
76.0, 0.9316115975379944 
77.0, 0.9344143271446228 
78.0, 0.937119722366333 
79.0, 0.939824104309082 
80.0, 0.9425294995307922 
81.0, 0.9452914595603943 
82.0, 0.9483307003974915 
83.0, 0.9513698816299438 
84.0, 0.9544090628623962 
85.0, 0.9574482440948486 
86.0, 0.9606384634971619 
87.0, 0.9639151096343994 
88.0, 0.9664496183395386 
89.0, 0.9687496423721313 
90.0, 0.9710893630981445 
91.0, 0.9737887978553772 
92.0, 0.9764882326126099 
93.0, 0.9791876077651978 
94.0, 0.9818879961967468 
95.0, 0.9847702383995056 
96.0, 0.9878004789352417 
97.0, 0.9908307194709778 
98.0, 0.9938600063323975 
99.0, 0.9968902468681335 
100.0, 0.46439475555593407 
