Time(Seconds), Inputs 
0.0, 0.09537851065397263 
1.0, 0.2962088882923126 
2.0, 0.33348003029823303 
3.0, 0.3640190660953522 
4.0, 0.38806039094924927 
5.0, 0.4112890362739563 
6.0, 0.4323587417602539 
7.0, 0.45263662934303284 
8.0, 0.4705757200717926 
9.0, 0.48851582407951355 
10.0, 0.5039323568344116 
11.0, 0.5206345319747925 
12.0, 0.5370515584945679 
13.0, 0.5506598949432373 
14.0, 0.5642682313919067 
15.0, 0.5776689052581787 
16.0, 0.5899081826210022 
17.0, 0.6021474003791809 
18.0, 0.6159583926200867 
19.0, 0.6275220513343811 
20.0, 0.6381199955940247 
21.0, 0.6487189531326294 
22.0, 0.659316897392273 
23.0, 0.6688398122787476 
24.0, 0.678165078163147 
25.0, 0.6874902844429016 
26.0, 0.6982830166816711 
27.0, 0.7078784704208374 
28.0, 0.7162370085716248 
29.0, 0.7245965003967285 
30.0, 0.7329550385475159 
31.0, 0.7413145899772644 
32.0, 0.7481798529624939 
33.0, 0.7541568875312805 
34.0, 0.7612864375114441 
35.0, 0.7684159874916077 
36.0, 0.7755455374717712 
37.0, 0.7826750874519348 
38.0, 0.78926020860672 
39.0, 0.7929799556732178 
40.0, 0.7969411611557007 
41.0, 0.8027711510658264 
42.0, 0.8086001873016357 
43.0, 0.8144291639328003 
44.0, 0.8202582001686096 
45.0, 0.8260881900787354 
46.0, 0.8314969539642334 
47.0, 0.8337125182151794 
48.0, 0.8374829888343811 
49.0, 0.8417879343032837 
50.0, 0.8460928797721863 
51.0, 0.8503978252410889 
52.0, 0.8547027707099915 
53.0, 0.8590086698532104 
54.0, 0.8633136749267578 
55.0, 0.8683071136474609 
56.0, 0.874294102191925 
57.0, 0.8777386546134949 
58.0, 0.8811832070350647 
59.0, 0.8846277594566345 
60.0, 0.8880723118782043 
61.0, 0.8915159106254578 
62.0, 0.8949604630470276 
63.0, 0.8984248638153076 
64.0, 0.9018902778625488 
65.0, 0.9053547382354736 
66.0, 0.9088201522827148 
67.0, 0.9122845530509949 
68.0, 0.9157499670982361 
69.0, 0.9183241724967957 
70.0, 0.9209769368171692 
71.0, 0.9238641262054443 
72.0, 0.9267522692680359 
73.0, 0.929639458656311 
74.0, 0.9325276613235474 
75.0, 0.9354148507118225 
76.0, 0.9383029937744141 
77.0, 0.9411752820014954 
78.0, 0.9439700841903687 
79.0, 0.9467658996582031 
80.0, 0.9495616555213928 
81.0, 0.9523564577102661 
82.0, 0.9551522135734558 
83.0, 0.9579480290412903 
84.0, 0.9589495062828064 
85.0, 0.9610587358474731 
86.0, 0.963723361492157 
87.0, 0.9663879871368408 
88.0, 0.9690516591072083 
89.0, 0.9717162847518921 
90.0, 0.9743809103965759 
91.0, 0.9770445823669434 
92.0, 0.9794846773147583 
93.0, 0.9815462231636047 
94.0, 0.9836087822914124 
95.0, 0.9856703877449036 
96.0, 0.98773193359375 
97.0, 0.9897944927215576 
98.0, 0.991856038570404 
99.0, 0.9939185976982117 
100.0, 0.28521455124574707 
