Time(Seconds), Inputs 
0.0, 0.01055224146693945 
1.0, 0.27593302726745605 
2.0, 0.3136383295059204 
3.0, 0.3437670171260834 
4.0, 0.3675202429294586 
5.0, 0.39259088039398193 
6.0, 0.4131211042404175 
7.0, 0.4329260587692261 
8.0, 0.45167091488838196 
9.0, 0.46992993354797363 
10.0, 0.48490238189697266 
11.0, 0.4998758137226105 
12.0, 0.5150320529937744 
13.0, 0.529498815536499 
14.0, 0.5439645051956177 
15.0, 0.5580875277519226 
16.0, 0.5715696811676025 
17.0, 0.5850508213043213 
18.0, 0.5982637405395508 
19.0, 0.6080161929130554 
20.0, 0.6193791031837463 
21.0, 0.630742073059082 
22.0, 0.6418914198875427 
23.0, 0.6519061923027039 
24.0, 0.6619209051132202 
25.0, 0.6719356775283813 
26.0, 0.6819503903388977 
27.0, 0.6897634863853455 
28.0, 0.6980604529380798 
29.0, 0.7063583731651306 
30.0, 0.7146562933921814 
31.0, 0.7229542136192322 
32.0, 0.7305328249931335 
33.0, 0.7377567887306213 
34.0, 0.7448654770851135 
35.0, 0.751885712146759 
36.0, 0.7589049935340881 
37.0, 0.7659252285957336 
38.0, 0.7721834778785706 
39.0, 0.7780313491821289 
40.0, 0.7838792204856873 
41.0, 0.789667546749115 
42.0, 0.7952859401702881 
43.0, 0.8009043335914612 
44.0, 0.8065227270126343 
45.0, 0.8118022680282593 
46.0, 0.8156223893165588 
47.0, 0.8194425106048584 
48.0, 0.823262631893158 
49.0, 0.8278636336326599 
50.0, 0.8324686288833618 
51.0, 0.8370736241340637 
52.0, 0.8416786193847656 
53.0, 0.8462836146354675 
54.0, 0.8508886098861694 
55.0, 0.8554548621177673 
56.0, 0.8591497540473938 
57.0, 0.8624899983406067 
58.0, 0.8658302426338196 
59.0, 0.8691694736480713 
60.0, 0.8725097179412842 
61.0, 0.8758499622344971 
62.0, 0.87919020652771 
63.0, 0.8827499747276306 
64.0, 0.886650562286377 
65.0, 0.8905521631240845 
66.0, 0.894453763961792 
67.0, 0.8975714445114136 
68.0, 0.8998475670814514 
69.0, 0.902123749256134 
70.0, 0.9045152068138123 
71.0, 0.9076497554779053 
72.0, 0.9107833504676819 
73.0, 0.9139178991317749 
74.0, 0.9170525074005127 
75.0, 0.9201870560646057 
76.0, 0.9233216643333435 
77.0, 0.9264562129974365 
78.0, 0.9301640391349792 
79.0, 0.9339841604232788 
80.0, 0.9378042817115784 
81.0, 0.9406010508537292 
82.0, 0.942830502986908 
83.0, 0.9450590014457703 
84.0, 0.947288453578949 
85.0, 0.9497851729393005 
86.0, 0.9525114297866821 
87.0, 0.9552376866340637 
88.0, 0.9579629302024841 
89.0, 0.960689127445221 
90.0, 0.9634153842926025 
91.0, 0.9661416411399841 
92.0, 0.9687556028366089 
93.0, 0.9710635542869568 
94.0, 0.9733704924583435 
95.0, 0.975677490234375 
96.0, 0.9779844284057617 
97.0, 0.9802924394607544 
98.0, 0.9826003909111023 
99.0, 0.9849123358726501 
100.0, 0.2893833647733128 
