Time(Seconds), Inputs 
0.0, 0.21792301535606384 
1.0, 0.28457769751548767 
2.0, 0.32321393489837646 
3.0, 0.35472261905670166 
4.0, 0.38257017731666565 
5.0, 0.406451553106308 
6.0, 0.4279951751232147 
7.0, 0.44727057218551636 
8.0, 0.46607506275177 
9.0, 0.4851010739803314 
10.0, 0.5032994747161865 
11.0, 0.5198009610176086 
12.0, 0.5360481142997742 
13.0, 0.5522952675819397 
14.0, 0.5659979581832886 
15.0, 0.577060878276825 
16.0, 0.5909016728401184 
17.0, 0.6068944931030273 
18.0, 0.6195808053016663 
19.0, 0.6322661638259888 
20.0, 0.6449524760246277 
21.0, 0.6552175879478455 
22.0, 0.6653237342834473 
23.0, 0.6753683090209961 
24.0, 0.6854118704795837 
25.0, 0.694270133972168 
26.0, 0.7027329802513123 
27.0, 0.7111958265304565 
28.0, 0.7202110886573792 
29.0, 0.7297270894050598 
30.0, 0.7371526956558228 
31.0, 0.7444252967834473 
32.0, 0.7516979575157166 
33.0, 0.7589715123176575 
34.0, 0.766616702079773 
35.0, 0.7741098999977112 
36.0, 0.7799915671348572 
37.0, 0.7858732342720032 
38.0, 0.7917549014091492 
39.0, 0.7976366281509399 
40.0, 0.8032301664352417 
41.0, 0.8086121082305908 
42.0, 0.8139950037002563 
43.0, 0.8188513517379761 
44.0, 0.823138415813446 
45.0, 0.8274264931678772 
46.0, 0.8317354321479797 
47.0, 0.8360562324523926 
48.0, 0.8403770923614502 
49.0, 0.8446979522705078 
50.0, 0.8490188121795654 
51.0, 0.8533396124839783 
52.0, 0.8582228422164917 
53.0, 0.8621035218238831 
54.0, 0.8656712770462036 
55.0, 0.8692390322685242 
56.0, 0.8728067874908447 
57.0, 0.8763745427131653 
58.0, 0.8795925974845886 
59.0, 0.8826625943183899 
60.0, 0.8857325911521912 
61.0, 0.8888015747070312 
62.0, 0.8918715715408325 
63.0, 0.8949405550956726 
64.0, 0.8992782831192017 
65.0, 0.9031093120574951 
66.0, 0.9060173630714417 
67.0, 0.9089254140853882 
68.0, 0.9118325114250183 
69.0, 0.9147405624389648 
70.0, 0.9173614978790283 
71.0, 0.9199078679084778 
72.0, 0.922454297542572 
73.0, 0.9250006675720215 
74.0, 0.9275470972061157 
75.0, 0.9300944805145264 
76.0, 0.9332261085510254 
77.0, 0.9364699721336365 
78.0, 0.939714789390564 
79.0, 0.942958652973175 
80.0, 0.9446953535079956 
81.0, 0.9455587267875671 
82.0, 0.947905421257019 
83.0, 0.950458824634552 
84.0, 0.953011155128479 
85.0, 0.955564558506012 
86.0, 0.958116888999939 
87.0, 0.9606702923774719 
88.0, 0.963215708732605 
89.0, 0.9657601118087769 
90.0, 0.9683045148849487 
91.0, 0.9708489775657654 
92.0, 0.9733943343162537 
93.0, 0.9759387969970703 
94.0, 0.9814906120300293 
95.0, 0.9867652654647827 
96.0, 0.9886191487312317 
97.0, 0.9904730916023254 
98.0, 0.9923269748687744 
99.0, 0.9941809177398682 
100.0, 0.35375086761568564 
