Time(Seconds), Inputs 
0.0, 0.18191762268543243 
1.0, 0.27983558177948 
2.0, 0.3180684745311737 
3.0, 0.34532585740089417 
4.0, 0.371064156293869 
5.0, 0.39594700932502747 
6.0, 0.4172760248184204 
7.0, 0.43879184126853943 
8.0, 0.4572962522506714 
9.0, 0.47547778487205505 
10.0, 0.49322912096977234 
11.0, 0.5106903314590454 
12.0, 0.52800452709198 
13.0, 0.5434637665748596 
14.0, 0.5578500628471375 
15.0, 0.5719104409217834 
16.0, 0.5857363343238831 
17.0, 0.5995632410049438 
18.0, 0.6131755709648132 
19.0, 0.6249210238456726 
20.0, 0.6362005472183228 
21.0, 0.6468381881713867 
22.0, 0.6573159098625183 
23.0, 0.6673783659934998 
24.0, 0.67743980884552 
25.0, 0.6875022649765015 
26.0, 0.6942135095596313 
27.0, 0.7031969428062439 
28.0, 0.7121814489364624 
29.0, 0.721164882183075 
30.0, 0.7301493287086487 
31.0, 0.739132821559906 
32.0, 0.7462027668952942 
33.0, 0.7530888915061951 
34.0, 0.759932279586792 
35.0, 0.7667756676673889 
36.0, 0.7736191153526306 
37.0, 0.7804625034332275 
38.0, 0.7844067811965942 
39.0, 0.7880898118019104 
40.0, 0.794171154499054 
41.0, 0.8002535700798035 
42.0, 0.806334912776947 
43.0, 0.8124163150787354 
44.0, 0.8184976577758789 
45.0, 0.8245800137519836 
46.0, 0.82828688621521 
47.0, 0.8325809240341187 
48.0, 0.8368749022483826 
49.0, 0.8411679267883301 
50.0, 0.8454619646072388 
51.0, 0.8497560024261475 
52.0, 0.8540271520614624 
53.0, 0.8582724928855896 
54.0, 0.8625178337097168 
55.0, 0.8667621612548828 
56.0, 0.8701034188270569 
57.0, 0.8733243942260742 
58.0, 0.8765643239021301 
59.0, 0.8801389932632446 
60.0, 0.8837137222290039 
61.0, 0.8872884511947632 
62.0, 0.8908631205558777 
63.0, 0.894437849521637 
64.0, 0.8980125784873962 
65.0, 0.901557445526123 
66.0, 0.9050874710083008 
67.0, 0.9086174368858337 
68.0, 0.9115920662879944 
69.0, 0.9142835140228271 
70.0, 0.9169749617576599 
71.0, 0.9196465611457825 
72.0, 0.922263503074646 
73.0, 0.9248805046081543 
74.0, 0.9274984002113342 
75.0, 0.9301153421401978 
76.0, 0.932732343673706 
77.0, 0.935350239276886 
78.0, 0.9382553100585938 
79.0, 0.9411971569061279 
80.0, 0.9441399574279785 
81.0, 0.9470818042755127 
82.0, 0.9500236511230469 
83.0, 0.9527955651283264 
84.0, 0.9551522135734558 
85.0, 0.957764208316803 
86.0, 0.9603762030601501 
87.0, 0.9629881978034973 
88.0, 0.9656011462211609 
89.0, 0.9682131409645081 
90.0, 0.9707833528518677 
91.0, 0.9729294180870056 
92.0, 0.9750754237174988 
93.0, 0.9772224426269531 
94.0, 0.9793684482574463 
95.0, 0.9815144538879395 
96.0, 0.9836604595184326 
97.0, 0.9870732426643372 
98.0, 0.9909906983375549 
99.0, 0.9949081540107727 
100.0, 0.32973441378987306 
