Time(Seconds), Inputs 
0.0, 0.11233800649642944 
1.0, 0.20946811139583588 
2.0, 0.2607569098472595 
3.0, 0.30508407950401306 
4.0, 0.343491792678833 
5.0, 0.37661099433898926 
6.0, 0.4072304964065552 
7.0, 0.4327114522457123 
8.0, 0.4592783451080322 
9.0, 0.478502094745636 
10.0, 0.5001768469810486 
11.0, 0.5168740749359131 
12.0, 0.5335672497749329 
13.0, 0.5501521825790405 
14.0, 0.5630640983581543 
15.0, 0.576137900352478 
16.0, 0.588801383972168 
17.0, 0.5984614491462708 
18.0, 0.6079347133636475 
19.0, 0.617247998714447 
20.0, 0.6265613436698914 
21.0, 0.6350748538970947 
22.0, 0.6430866718292236 
23.0, 0.6506583094596863 
24.0, 0.657070517539978 
25.0, 0.6634827256202698 
26.0, 0.6719396710395813 
27.0, 0.6765525937080383 
28.0, 0.6811854243278503 
29.0, 0.6870084404945374 
30.0, 0.6928315162658691 
31.0, 0.6986605525016785 
32.0, 0.7044975161552429 
33.0, 0.7103344798088074 
34.0, 0.7177918553352356 
35.0, 0.722740650177002 
36.0, 0.7275105118751526 
37.0, 0.7310107350349426 
38.0, 0.7345108985900879 
39.0, 0.738585352897644 
40.0, 0.7432430386543274 
41.0, 0.7479016780853271 
42.0, 0.7570778727531433 
43.0, 0.7585820555686951 
44.0, 0.7606446146965027 
45.0, 0.7664687037467957 
46.0, 0.772293746471405 
47.0, 0.7767159342765808 
48.0, 0.7802190780639648 
49.0, 0.7837212681770325 
50.0, 0.7889193892478943 
51.0, 0.7941582798957825 
52.0, 0.7994825839996338 
53.0, 0.8047294020652771 
54.0, 0.8099116086959839 
55.0, 0.8134773969650269 
56.0, 0.8163953423500061 
57.0, 0.8195140361785889 
58.0, 0.8247509002685547 
59.0, 0.8299878239631653 
60.0, 0.8351630568504333 
61.0, 0.8402618765830994 
62.0, 0.8425737619400024 
63.0, 0.8463661074638367 
64.0, 0.8516079187393188 
65.0, 0.8565179109573364 
66.0, 0.8600190877914429 
67.0, 0.8635203242301941 
68.0, 0.8670175075531006 
69.0, 0.8705127239227295 
70.0, 0.874006986618042 
71.0, 0.8788474202156067 
72.0, 0.8837882280349731 
73.0, 0.8846873641014099 
74.0, 0.8887668251991272 
75.0, 0.8928471803665161 
76.0, 0.8969256281852722 
77.0, 0.9010040760040283 
78.0, 0.9050824642181396 
79.0, 0.9091638922691345 
80.0, 0.9132462739944458 
81.0, 0.9173277020454407 
82.0, 0.921410083770752 
83.0, 0.9254915118217468 
84.0, 0.9314228296279907 
85.0, 0.9344938397407532 
86.0, 0.9378052353858948 
87.0, 0.9424688816070557 
88.0, 0.9471324682235718 
89.0, 0.9514920711517334 
90.0, 0.9555714726448059 
91.0, 0.9596509337425232 
92.0, 0.9650378227233887 
93.0, 0.9705856442451477 
94.0, 0.9748081564903259 
95.0, 0.9783053398132324 
96.0, 0.9818025827407837 
97.0, 0.9864025712013245 
98.0, 0.991646409034729 
99.0, 0.9968902468681335 
100.0, 0.801389462567972 
