Time(Seconds), Inputs 
0.0, 0.1287301927804947 
1.0, 0.2138088196516037 
2.0, 0.2654900550842285 
3.0, 0.3067571818828583 
4.0, 0.3422648012638092 
5.0, 0.37312769889831543 
6.0, 0.40112924575805664 
7.0, 0.42629823088645935 
8.0, 0.45147618651390076 
9.0, 0.4752989411354065 
10.0, 0.4937388002872467 
11.0, 0.514735996723175 
12.0, 0.5326055288314819 
13.0, 0.5492491126060486 
14.0, 0.564754068851471 
15.0, 0.5782491564750671 
16.0, 0.5917441844940186 
17.0, 0.6058323979377747 
18.0, 0.6153066754341125 
19.0, 0.6247819066047668 
20.0, 0.6342561841011047 
21.0, 0.6452604532241821 
22.0, 0.6539091467857361 
23.0, 0.6615920662879944 
24.0, 0.6698899865150452 
25.0, 0.6787075400352478 
26.0, 0.6875250935554504 
27.0, 0.692787766456604 
28.0, 0.6993311643600464 
29.0, 0.7058735489845276 
30.0, 0.7124168872833252 
31.0, 0.7180432081222534 
32.0, 0.7236407399177551 
33.0, 0.7292382717132568 
34.0, 0.7353216409683228 
35.0, 0.7389549612998962 
36.0, 0.7425892949104309 
37.0, 0.7471783757209778 
38.0, 0.7532538175582886 
39.0, 0.7593302130699158 
40.0, 0.7653221487998962 
41.0, 0.7706504464149475 
42.0, 0.7759796977043152 
43.0, 0.7782489061355591 
44.0, 0.7827724814414978 
45.0, 0.7879109978675842 
46.0, 0.7930495142936707 
47.0, 0.7974160313606262 
48.0, 0.8011447191238403 
49.0, 0.8048734664916992 
50.0, 0.8087462186813354 
51.0, 0.8130313158035278 
52.0, 0.817315399646759 
53.0, 0.819894552230835 
54.0, 0.8240286111831665 
55.0, 0.8282322287559509 
56.0, 0.8324368596076965 
57.0, 0.8362987041473389 
58.0, 0.8400164246559143 
59.0, 0.8437342047691345 
60.0, 0.8476477265357971 
61.0, 0.8518503308296204 
62.0, 0.8560519814491272 
63.0, 0.8603161573410034 
64.0, 0.8644552230834961 
65.0, 0.8679613471031189 
66.0, 0.8714675307273865 
67.0, 0.8747690320014954 
68.0, 0.8780337572097778 
69.0, 0.8812984824180603 
70.0, 0.8845641613006592 
71.0, 0.887830913066864 
72.0, 0.8910986185073853 
73.0, 0.8949137330055237 
74.0, 0.9001486301422119 
75.0, 0.905382513999939 
76.0, 0.9057153463363647 
77.0, 0.9094052910804749 
78.0, 0.9131469130516052 
79.0, 0.9168885350227356 
80.0, 0.9206271767616272 
81.0, 0.9243648648262024 
82.0, 0.9281014800071716 
83.0, 0.9316354393959045 
84.0, 0.9348981976509094 
85.0, 0.9381609559059143 
86.0, 0.9418876767158508 
87.0, 0.9484429359436035 
88.0, 0.9514314532279968 
89.0, 0.9543176889419556 
90.0, 0.95871901512146 
91.0, 0.9633915424346924 
92.0, 0.968065083026886 
93.0, 0.9716705679893494 
94.0, 0.9744653701782227 
95.0, 0.9772611856460571 
96.0, 0.9806878566741943 
97.0, 0.9857399463653564 
98.0, 0.990792989730835 
99.0, 0.9915361404418945 
100.0, 0.6418631487955578 
