Time(Seconds), Inputs 
0.0, 0.21847739815711975 
1.0, 0.28631240129470825 
2.0, 0.3236411511898041 
3.0, 0.3540937304496765 
4.0, 0.38079771399497986 
5.0, 0.40518084168434143 
6.0, 0.4283886253833771 
7.0, 0.4465274214744568 
8.0, 0.46630457043647766 
9.0, 0.48528191447257996 
10.0, 0.5026258826255798 
11.0, 0.5197582840919495 
12.0, 0.5343888998031616 
13.0, 0.5490186214447021 
14.0, 0.5646815299987793 
15.0, 0.5789744257926941 
16.0, 0.5932682752609253 
17.0, 0.6066421270370483 
18.0, 0.6176891326904297 
19.0, 0.6287371516227722 
20.0, 0.6399053931236267 
21.0, 0.6508699059486389 
22.0, 0.6613943576812744 
23.0, 0.6719177961349487 
24.0, 0.682441234588623 
25.0, 0.692412257194519 
26.0, 0.7014155983924866 
27.0, 0.709808886051178 
28.0, 0.7182031869888306 
29.0, 0.726596474647522 
30.0, 0.7340996265411377 
31.0, 0.7406896948814392 
32.0, 0.7473701238632202 
33.0, 0.7544281482696533 
34.0, 0.7614861726760864 
35.0, 0.7685441374778748 
36.0, 0.7752723097801208 
37.0, 0.7813228964805603 
38.0, 0.7873337268829346 
39.0, 0.7928458452224731 
40.0, 0.7983589172363281 
41.0, 0.8038719892501831 
42.0, 0.8093840479850769 
43.0, 0.8148971199989319 
44.0, 0.8172190189361572 
45.0, 0.8218557834625244 
46.0, 0.8265472054481506 
47.0, 0.8312386274337769 
48.0, 0.8359301090240479 
49.0, 0.8406215310096741 
50.0, 0.8453129529953003 
51.0, 0.8506143689155579 
52.0, 0.8560301065444946 
53.0, 0.8600797057151794 
54.0, 0.8632301688194275 
55.0, 0.8663796782493591 
56.0, 0.869529128074646 
57.0, 0.8731088042259216 
58.0, 0.8768295645713806 
59.0, 0.8805493116378784 
60.0, 0.8842700719833374 
61.0, 0.88798987865448 
62.0, 0.891710638999939 
63.0, 0.8954482674598694 
64.0, 0.8991958498954773 
65.0, 0.9024625420570374 
66.0, 0.9054312109947205 
67.0, 0.90840083360672 
68.0, 0.9113695025444031 
69.0, 0.9142149686813354 
70.0, 0.9169521331787109 
71.0, 0.9196892976760864 
72.0, 0.9224264621734619 
73.0, 0.9251636266708374 
74.0, 0.9279007911682129 
75.0, 0.9307303428649902 
76.0, 0.9336751699447632 
77.0, 0.9366199970245361 
78.0, 0.9395648241043091 
79.0, 0.9425095915794373 
80.0, 0.9447202086448669 
81.0, 0.9469009637832642 
82.0, 0.9493818283081055 
83.0, 0.9518616795539856 
84.0, 0.9543424844741821 
85.0, 0.9568233489990234 
86.0, 0.9593032002449036 
87.0, 0.961837649345398 
88.0, 0.9645748138427734 
89.0, 0.9673110246658325 
90.0, 0.9700471758842468 
91.0, 0.9727843403816223 
92.0, 0.9755204916000366 
93.0, 0.9784842133522034 
94.0, 0.9831597208976746 
95.0, 0.9861840009689331 
96.0, 0.9875332117080688 
97.0, 0.9888814687728882 
98.0, 0.9902306795120239 
99.0, 0.9915788769721985 
100.0, 0.3451875540263755 
