Time(Seconds), Inputs 
0.0, 0.2154451608657837 
1.0, 0.28746089339256287 
2.0, 0.3270370364189148 
3.0, 0.35495612025260925 
4.0, 0.3835776150226593 
5.0, 0.40773719549179077 
6.0, 0.4309757649898529 
7.0, 0.4508204460144043 
8.0, 0.4706651568412781 
9.0, 0.4888913929462433 
10.0, 0.507414698600769 
11.0, 0.5243980288505554 
12.0, 0.5396913886070251 
13.0, 0.5549837350845337 
14.0, 0.5685036182403564 
15.0, 0.5823543667793274 
16.0, 0.5968350172042847 
17.0, 0.6099585294723511 
18.0, 0.6223288774490356 
19.0, 0.6347002983093262 
20.0, 0.6470418572425842 
21.0, 0.6578176617622375 
22.0, 0.6677002906799316 
23.0, 0.6775838732719421 
24.0, 0.6874674558639526 
25.0, 0.6971255540847778 
26.0, 0.7067597508430481 
27.0, 0.7161744236946106 
28.0, 0.7254062294960022 
29.0, 0.7337161302566528 
30.0, 0.7407035827636719 
31.0, 0.7476900219917297 
32.0, 0.7546765208244324 
33.0, 0.7623167634010315 
34.0, 0.7705947756767273 
35.0, 0.776674211025238 
36.0, 0.7816914916038513 
37.0, 0.7867088317871094 
38.0, 0.7917261123657227 
39.0, 0.7972849011421204 
40.0, 0.8035212755203247 
41.0, 0.8097575902938843 
42.0, 0.8159502744674683 
43.0, 0.8211215734481812 
44.0, 0.826292872428894 
45.0, 0.8310012221336365 
46.0, 0.8350239992141724 
47.0, 0.8390467762947083 
48.0, 0.8430695533752441 
49.0, 0.84709233045578 
50.0, 0.8511151075363159 
51.0, 0.8553237318992615 
52.0, 0.859616756439209 
53.0, 0.8635252714157104 
54.0, 0.8674337863922119 
55.0, 0.871341347694397 
56.0, 0.8752498626708984 
57.0, 0.8790282607078552 
58.0, 0.882538378238678 
59.0, 0.8860484957695007 
60.0, 0.8895586133003235 
61.0, 0.893068790435791 
62.0, 0.8965789079666138 
63.0, 0.9006910920143127 
64.0, 0.9035683274269104 
65.0, 0.9064456224441528 
66.0, 0.9093218445777893 
67.0, 0.9121991395950317 
68.0, 0.9150763750076294 
69.0, 0.9179257750511169 
70.0, 0.920680820941925 
71.0, 0.9234358668327332 
72.0, 0.9261909127235413 
73.0, 0.9289459586143494 
74.0, 0.9317000508308411 
75.0, 0.9348147511482239 
76.0, 0.9396293759346008 
77.0, 0.9436959028244019 
78.0, 0.9458885788917542 
79.0, 0.9480813145637512 
80.0, 0.9502739906311035 
81.0, 0.9525442123413086 
82.0, 0.9552992582321167 
83.0, 0.9580533504486084 
84.0, 0.9608083963394165 
85.0, 0.9635634422302246 
86.0, 0.9663174748420715 
87.0, 0.9690516591072083 
88.0, 0.9715583324432373 
89.0, 0.9740639925003052 
90.0, 0.9765706658363342 
91.0, 0.9790773391723633 
92.0, 0.9815840125083923 
93.0, 0.9841741323471069 
94.0, 0.9868546724319458 
95.0, 0.9887085556983948 
96.0, 0.9905635118484497 
97.0, 0.9924173951148987 
98.0, 0.9942723512649536 
99.0, 0.9961262345314026 
100.0, 0.3486665332419232 
