Time(Seconds), Inputs 
0.0, 0.3018511235713959 
1.0, 0.35551050305366516 
2.0, 0.38102325797080994 
3.0, 0.402418851852417 
4.0, 0.4221840500831604 
5.0, 0.43921804428100586 
6.0, 0.45343640446662903 
7.0, 0.4676547646522522 
8.0, 0.48102959990501404 
9.0, 0.49358677864074707 
10.0, 0.5061429738998413 
11.0, 0.518347442150116 
12.0, 0.5281237363815308 
13.0, 0.5379000306129456 
14.0, 0.5476763248443604 
15.0, 0.5574536323547363 
16.0, 0.5675786733627319 
17.0, 0.5770350694656372 
18.0, 0.5864914059638977 
19.0, 0.595947802066803 
20.0, 0.605116069316864 
21.0, 0.6131328344345093 
22.0, 0.6211495995521545 
23.0, 0.6291663646697998 
24.0, 0.6371831297874451 
25.0, 0.6451998949050903 
26.0, 0.6525022983551025 
27.0, 0.6597291827201843 
28.0, 0.6669570803642273 
29.0, 0.674185037612915 
30.0, 0.681412935256958 
31.0, 0.6878350377082825 
32.0, 0.6928802132606506 
33.0, 0.6992258429527283 
34.0, 0.7055724859237671 
35.0, 0.7119181156158447 
36.0, 0.7182638049125671 
37.0, 0.7246094346046448 
38.0, 0.7309451699256897 
39.0, 0.7367404103279114 
40.0, 0.7425356507301331 
41.0, 0.7483308911323547 
42.0, 0.7541261315345764 
43.0, 0.7599213719367981 
44.0, 0.7657166123390198 
45.0, 0.7715118527412415 
46.0, 0.7761595249176025 
47.0, 0.7803005576133728 
48.0, 0.7856497168540955 
49.0, 0.7911925911903381 
50.0, 0.7967354655265808 
51.0, 0.8022783398628235 
52.0, 0.8078212141990662 
53.0, 0.8133641481399536 
54.0, 0.8183625340461731 
55.0, 0.8229526281356812 
56.0, 0.8275427222251892 
57.0, 0.8321338295936584 
58.0, 0.8367239236831665 
59.0, 0.8413140177726746 
60.0, 0.845905065536499 
61.0, 0.8504951596260071 
62.0, 0.8550852537155151 
63.0, 0.8581811189651489 
64.0, 0.861568033695221 
65.0, 0.865851104259491 
66.0, 0.8701332211494446 
67.0, 0.8744153380393982 
68.0, 0.8786984086036682 
69.0, 0.8829805254936218 
70.0, 0.8872635960578918 
71.0, 0.8915457129478455 
72.0, 0.8958277702331543 
73.0, 0.9001109004020691 
74.0, 0.903881311416626 
75.0, 0.9075822234153748 
76.0, 0.9112830758094788 
77.0, 0.9149839878082275 
78.0, 0.9186848402023315 
79.0, 0.9223857522010803 
80.0, 0.9258362650871277 
81.0, 0.9291963577270508 
82.0, 0.9325574636459351 
83.0, 0.9359175562858582 
84.0, 0.9392776489257812 
85.0, 0.9426378011703491 
86.0, 0.9456620812416077 
87.0, 0.9486367106437683 
88.0, 0.9516112804412842 
89.0, 0.9545859098434448 
90.0, 0.9575605392456055 
91.0, 0.9605351686477661 
92.0, 0.9635097980499268 
93.0, 0.9664843678474426 
94.0, 0.9694589972496033 
95.0, 0.9724336266517639 
96.0, 0.9756268262863159 
97.0, 0.9789223670959473 
98.0, 0.982218861579895 
99.0, 0.9855153560638428 
100.0, 0.1312601399256512 
