Time(Seconds), Inputs 
0.0, 0.14340457320213318 
1.0, 0.22396166622638702 
2.0, 0.27250635623931885 
3.0, 0.3126159906387329 
4.0, 0.3477957546710968 
5.0, 0.3782721757888794 
6.0, 0.4059250056743622 
7.0, 0.43141093850135803 
8.0, 0.45553770661354065 
9.0, 0.4783768951892853 
10.0, 0.49817389249801636 
11.0, 0.5173380374908447 
12.0, 0.5355344414710999 
13.0, 0.5525813698768616 
14.0, 0.570283055305481 
15.0, 0.5842907428741455 
16.0, 0.5982984900474548 
17.0, 0.6123062372207642 
18.0, 0.6237496733665466 
19.0, 0.6350967288017273 
20.0, 0.6464447379112244 
21.0, 0.658082902431488 
22.0, 0.666983962059021 
23.0, 0.6758859157562256 
24.0, 0.6847869157791138 
25.0, 0.6923089027404785 
26.0, 0.6993599534034729 
27.0, 0.7066265940666199 
28.0, 0.7137859463691711 
29.0, 0.7201038002967834 
30.0, 0.7264226078987122 
31.0, 0.7327404618263245 
32.0, 0.7392420768737793 
33.0, 0.7446727156639099 
34.0, 0.7498360872268677 
35.0, 0.7550004124641418 
36.0, 0.7600594758987427 
37.0, 0.7651055455207825 
38.0, 0.770151674747467 
39.0, 0.7750835418701172 
40.0, 0.7797084450721741 
41.0, 0.7846055030822754 
42.0, 0.7901394367218018 
43.0, 0.7942655682563782 
44.0, 0.7976415753364563 
45.0, 0.8010175824165344 
46.0, 0.8044571280479431 
47.0, 0.8090631365776062 
48.0, 0.8136681318283081 
49.0, 0.8182741403579712 
50.0, 0.8230519890785217 
51.0, 0.8272188305854797 
52.0, 0.8305878639221191 
53.0, 0.8339579105377197 
54.0, 0.8373299837112427 
55.0, 0.8407029509544373 
56.0, 0.8440759778022766 
57.0, 0.8476179242134094 
58.0, 0.851806640625 
59.0, 0.8559943437576294 
60.0, 0.8601820468902588 
61.0, 0.8654000759124756 
62.0, 0.8703170418739319 
63.0, 0.8744162917137146 
64.0, 0.8785156011581421 
65.0, 0.8810908198356628 
66.0, 0.8836133480072021 
67.0, 0.8861369490623474 
68.0, 0.8891035914421082 
69.0, 0.8928839564323425 
70.0, 0.8966643214225769 
71.0, 0.9004446864128113 
72.0, 0.9057928323745728 
73.0, 0.9111241102218628 
74.0, 0.9140629768371582 
75.0, 0.9170008301734924 
76.0, 0.9199367165565491 
77.0, 0.9228725433349609 
78.0, 0.9258074164390564 
79.0, 0.928533673286438 
80.0, 0.9310532808303833 
81.0, 0.933573842048645 
82.0, 0.9360933899879456 
83.0, 0.9397317171096802 
84.0, 0.9435130953788757 
85.0, 0.9472934603691101 
86.0, 0.9519342184066772 
87.0, 0.9550817012786865 
88.0, 0.9574720859527588 
89.0, 0.9598625302314758 
90.0, 0.9628947973251343 
91.0, 0.9662638306617737 
92.0, 0.9696318507194519 
93.0, 0.9729989171028137 
94.0, 0.9763540625572205 
95.0, 0.979708194732666 
96.0, 0.9830633401870728 
97.0, 0.9868556261062622 
98.0, 0.9912400841712952 
99.0, 0.9956235289573669 
100.0, 0.5830973560609609 
