Time(Seconds), Inputs 
0.0, 0.21542330086231232 
1.0, 0.27924445271492004 
2.0, 0.31617680191993713 
3.0, 0.3471430242061615 
4.0, 0.3718569874763489 
5.0, 0.39540553092956543 
6.0, 0.41766151785850525 
7.0, 0.43846893310546875 
8.0, 0.45793113112449646 
9.0, 0.4761851727962494 
10.0, 0.49256443977355957 
11.0, 0.5096143484115601 
12.0, 0.5259340405464172 
13.0, 0.5420351028442383 
14.0, 0.5579851865768433 
15.0, 0.5688334703445435 
16.0, 0.5798894166946411 
17.0, 0.5938752889633179 
18.0, 0.6067901849746704 
19.0, 0.6188029050827026 
20.0, 0.6308146119117737 
21.0, 0.6428273320198059 
22.0, 0.6520929336547852 
23.0, 0.6620789170265198 
24.0, 0.6724026203155518 
25.0, 0.6827263832092285 
26.0, 0.6919403076171875 
27.0, 0.7007578611373901 
28.0, 0.7095754146575928 
29.0, 0.718313455581665 
30.0, 0.7268538475036621 
31.0, 0.73465496301651 
32.0, 0.7423379421234131 
33.0, 0.7500198483467102 
34.0, 0.7577028274536133 
35.0, 0.7653847336769104 
36.0, 0.7724834680557251 
37.0, 0.7782608270645142 
38.0, 0.7840391993522644 
39.0, 0.7898165583610535 
40.0, 0.7955939173698425 
41.0, 0.801372230052948 
42.0, 0.8071724772453308 
43.0, 0.812992513179779 
44.0, 0.8177545070648193 
45.0, 0.8224727511405945 
46.0, 0.8271909952163696 
47.0, 0.831910252571106 
48.0, 0.8366762399673462 
49.0, 0.841776967048645 
50.0, 0.8468767404556274 
51.0, 0.8519765138626099 
52.0, 0.8567185997962952 
53.0, 0.8603737950325012 
54.0, 0.8640289902687073 
55.0, 0.8677895069122314 
56.0, 0.8715847730636597 
57.0, 0.8753800392150879 
58.0, 0.8791753053665161 
59.0, 0.8829705715179443 
60.0, 0.8867658376693726 
61.0, 0.890503466129303 
62.0, 0.8941268920898438 
63.0, 0.8977502584457397 
64.0, 0.9006742238998413 
65.0, 0.9034441709518433 
66.0, 0.9062141180038452 
67.0, 0.9089840650558472 
68.0, 0.9120659828186035 
69.0, 0.915155827999115 
70.0, 0.9182457327842712 
71.0, 0.9213355779647827 
72.0, 0.9244254231452942 
73.0, 0.9275153279304504 
74.0, 0.9308098554611206 
75.0, 0.9342544078826904 
76.0, 0.9376989603042603 
77.0, 0.9410640001296997 
78.0, 0.9426596164703369 
79.0, 0.9442562460899353 
80.0, 0.9460843205451965 
81.0, 0.9489347338676453 
82.0, 0.951785147190094 
83.0, 0.9546356201171875 
84.0, 0.9574860334396362 
85.0, 0.960336446762085 
86.0, 0.9631868600845337 
87.0, 0.9658574461936951 
88.0, 0.9684774279594421 
89.0, 0.9710973501205444 
90.0, 0.9737172722816467 
91.0, 0.976337194442749 
92.0, 0.9789581298828125 
93.0, 0.9837191104888916 
94.0, 0.9857250452041626 
95.0, 0.9877309203147888 
96.0, 0.9897368550300598 
97.0, 0.9917427897453308 
98.0, 0.9937487244606018 
99.0, 0.9957546591758728 
100.0, 0.3298877103036548 
