Time(Seconds), Inputs 
0.0, 0.15935762226581573 
1.0, 0.24365533888339996 
2.0, 0.2907474935054779 
3.0, 0.32858890295028687 
4.0, 0.36242246627807617 
5.0, 0.39312639832496643 
6.0, 0.4224940240383148 
7.0, 0.44726163148880005 
8.0, 0.46919772028923035 
9.0, 0.49132055044174194 
10.0, 0.5111662149429321 
11.0, 0.5298206806182861 
12.0, 0.5485337376594543 
13.0, 0.5646169781684875 
14.0, 0.580700159072876 
15.0, 0.5936447978019714 
16.0, 0.6071885824203491 
17.0, 0.6207333207130432 
18.0, 0.632770836353302 
19.0, 0.6435526013374329 
20.0, 0.6542677879333496 
21.0, 0.6649819612503052 
22.0, 0.672081708908081 
23.0, 0.6794377565383911 
24.0, 0.6867948174476624 
25.0, 0.6941509246826172 
26.0, 0.702953577041626 
27.0, 0.7122350931167603 
28.0, 0.717719316482544 
29.0, 0.723302960395813 
30.0, 0.7297747731208801 
31.0, 0.7362456321716309 
32.0, 0.7427164316177368 
33.0, 0.7485335469245911 
34.0, 0.754105269908905 
35.0, 0.7589695453643799 
36.0, 0.7636888027191162 
37.0, 0.768436849117279 
38.0, 0.7731849551200867 
39.0, 0.7779319882392883 
40.0, 0.7823790311813354 
41.0, 0.7866978645324707 
42.0, 0.7910157442092896 
43.0, 0.79662024974823 
44.0, 0.8009768128395081 
45.0, 0.8047214150428772 
46.0, 0.8084650635719299 
47.0, 0.8120109438896179 
48.0, 0.8154614567756653 
49.0, 0.8189129829406738 
50.0, 0.8225045800209045 
51.0, 0.8268214464187622 
52.0, 0.8311372995376587 
53.0, 0.8354532122612 
54.0, 0.8414570689201355 
55.0, 0.8451867699623108 
56.0, 0.8489164710044861 
57.0, 0.8524842262268066 
58.0, 0.8550733327865601 
59.0, 0.8576624989509583 
60.0, 0.8602505922317505 
61.0, 0.8633852005004883 
62.0, 0.866840660572052 
63.0, 0.8702971339225769 
64.0, 0.8741490244865417 
65.0, 0.8809149861335754 
66.0, 0.8840584754943848 
67.0, 0.8861528038978577 
68.0, 0.8888075351715088 
69.0, 0.8918298482894897 
70.0, 0.8948521614074707 
71.0, 0.8979151844978333 
72.0, 0.9013667106628418 
73.0, 0.9048181772232056 
74.0, 0.9082697033882141 
75.0, 0.9123222827911377 
76.0, 0.9168120622634888 
77.0, 0.9213027954101562 
78.0, 0.9235660433769226 
79.0, 0.9265843629837036 
80.0, 0.9296026825904846 
81.0, 0.9326210618019104 
82.0, 0.9361172318458557 
83.0, 0.9400019645690918 
84.0, 0.9438856244087219 
85.0, 0.9477713108062744 
86.0, 0.9516708850860596 
87.0, 0.9555705189704895 
88.0, 0.9594690799713135 
89.0, 0.9628848433494568 
90.0, 0.965888261795044 
91.0, 0.9683830142021179 
92.0, 0.9704713821411133 
93.0, 0.974785327911377 
94.0, 0.9790992140769958 
95.0, 0.9834131002426147 
96.0, 0.987285852432251 
97.0, 0.9907383322715759 
98.0, 0.9941898584365845 
99.0, 0.9976423382759094 
100.0, 0.6002218541213342 
