Time(Seconds), Inputs 
0.0, 0.05784806236624718 
1.0, 0.2126394361257553 
2.0, 0.26301419734954834 
3.0, 0.30701351165771484 
4.0, 0.3417024612426758 
5.0, 0.3743944466114044 
6.0, 0.40394091606140137 
7.0, 0.43146058917045593 
8.0, 0.45541948080062866 
9.0, 0.4797459840774536 
10.0, 0.5001490116119385 
11.0, 0.5205968022346497 
12.0, 0.5394976139068604 
13.0, 0.5559474229812622 
14.0, 0.5708493590354919 
15.0, 0.5853230357170105 
16.0, 0.5975891351699829 
17.0, 0.6098541617393494 
18.0, 0.6221192479133606 
19.0, 0.6331682801246643 
20.0, 0.6438099145889282 
21.0, 0.6535335779190063 
22.0, 0.6617828011512756 
23.0, 0.6693345904350281 
24.0, 0.6768863797187805 
25.0, 0.6851535439491272 
26.0, 0.6924360990524292 
27.0, 0.69971764087677 
28.0, 0.7066773176193237 
29.0, 0.7123493552207947 
30.0, 0.7180213928222656 
31.0, 0.723694384098053 
32.0, 0.7291627526283264 
33.0, 0.7335581183433533 
34.0, 0.7379534840583801 
35.0, 0.7436245679855347 
36.0, 0.749767541885376 
37.0, 0.7559114694595337 
38.0, 0.7608930468559265 
39.0, 0.7646982073783875 
40.0, 0.768502414226532 
41.0, 0.7724357843399048 
42.0, 0.7771550416946411 
43.0, 0.7818753123283386 
44.0, 0.7865756750106812 
45.0, 0.7903540730476379 
46.0, 0.79413241147995 
47.0, 0.7979118227958679 
48.0, 0.802718460559845 
49.0, 0.8078053593635559 
50.0, 0.8122235536575317 
51.0, 0.8135668039321899 
52.0, 0.8182651996612549 
53.0, 0.8229645490646362 
54.0, 0.8275278210639954 
55.0, 0.8317860960960388 
56.0, 0.8360443115234375 
57.0, 0.8402270674705505 
58.0, 0.8435295820236206 
59.0, 0.8468320369720459 
60.0, 0.850134551525116 
61.0, 0.8569341897964478 
62.0, 0.8606936931610107 
63.0, 0.8644522428512573 
64.0, 0.8679365515708923 
65.0, 0.8712409734725952 
66.0, 0.874546468257904 
67.0, 0.8780248165130615 
68.0, 0.881797194480896 
69.0, 0.8855696320533752 
70.0, 0.8895715475082397 
71.0, 0.8950886130332947 
72.0, 0.8998346924781799 
73.0, 0.9037134051322937 
74.0, 0.9066562056541443 
75.0, 0.9094897508621216 
76.0, 0.9123232960700989 
77.0, 0.9160867929458618 
78.0, 0.9203301072120667 
79.0, 0.9245734810829163 
80.0, 0.9284223914146423 
81.0, 0.9317278861999512 
82.0, 0.9350343346595764 
83.0, 0.9409696459770203 
84.0, 0.9444032907485962 
85.0, 0.9478378891944885 
86.0, 0.9512724876403809 
87.0, 0.9541348814964294 
88.0, 0.956961452960968 
89.0, 0.9597880244255066 
90.0, 0.9629553556442261 
91.0, 0.9662697911262512 
92.0, 0.9695832133293152 
93.0, 0.9733337759971619 
94.0, 0.9775731563568115 
95.0, 0.9818115234375 
96.0, 0.9842098951339722 
97.0, 0.9870464205741882 
98.0, 0.9898838996887207 
99.0, 0.9927204251289368 
100.0, 0.6511418461158496 
