Time(Seconds), Inputs 
0.0, 0.021498912945389748 
1.0, 0.2518509328365326 
2.0, 0.2978571653366089 
3.0, 0.33412981033325195 
4.0, 0.36555105447769165 
5.0, 0.394042432308197 
6.0, 0.4192362427711487 
7.0, 0.44459500908851624 
8.0, 0.46712520718574524 
9.0, 0.48855358362197876 
10.0, 0.5089924335479736 
11.0, 0.5275415182113647 
12.0, 0.5457409620285034 
13.0, 0.5637327432632446 
14.0, 0.5789356827735901 
15.0, 0.5940591096878052 
16.0, 0.6081214547157288 
17.0, 0.6201292276382446 
18.0, 0.6321380138397217 
19.0, 0.644146740436554 
20.0, 0.6566522717475891 
21.0, 0.6673495769500732 
22.0, 0.6780478358268738 
23.0, 0.6887451410293579 
24.0, 0.6951066851615906 
25.0, 0.7037732005119324 
26.0, 0.7124387621879578 
27.0, 0.7211052775382996 
28.0, 0.7295214533805847 
29.0, 0.7366122603416443 
30.0, 0.7430761456489563 
31.0, 0.7495390176773071 
32.0, 0.755742609500885 
33.0, 0.7614821791648865 
34.0, 0.7672218084335327 
35.0, 0.7729613780975342 
36.0, 0.7770377993583679 
37.0, 0.7817272543907166 
38.0, 0.7864167094230652 
39.0, 0.7911061644554138 
40.0, 0.7957956194877625 
41.0, 0.8001482486724854 
42.0, 0.8044760227203369 
43.0, 0.8088038563728333 
44.0, 0.8131316304206848 
45.0, 0.8177187442779541 
46.0, 0.8210778832435608 
47.0, 0.8244369626045227 
48.0, 0.8277961015701294 
49.0, 0.8314592242240906 
50.0, 0.8354234099388123 
51.0, 0.8393885493278503 
52.0, 0.8433536887168884 
53.0, 0.8473427295684814 
54.0, 0.8513883352279663 
55.0, 0.855434000492096 
56.0, 0.8594796061515808 
57.0, 0.860117495059967 
58.0, 0.863724946975708 
59.0, 0.8673334717750549 
60.0, 0.8709409236907959 
61.0, 0.8745494484901428 
62.0, 0.8781569004058838 
63.0, 0.8817654252052307 
64.0, 0.8853729367256165 
65.0, 0.8889803886413574 
66.0, 0.8924458026885986 
67.0, 0.8958466649055481 
68.0, 0.8992475271224976 
69.0, 0.902791440486908 
70.0, 0.9065867066383362 
71.0, 0.909471869468689 
72.0, 0.9123560786247253 
73.0, 0.9152413010597229 
74.0, 0.9182178974151611 
75.0, 0.9214637279510498 
76.0, 0.9247086048126221 
77.0, 0.9279544353485107 
78.0, 0.9312072396278381 
79.0, 0.93460613489151 
80.0, 0.9380039572715759 
81.0, 0.941402792930603 
82.0, 0.9446784853935242 
83.0, 0.9471166133880615 
84.0, 0.9500008225440979 
85.0, 0.9528840184211731 
86.0, 0.9557682275772095 
87.0, 0.9586514234542847 
88.0, 0.9615336656570435 
89.0, 0.9644168615341187 
90.0, 0.9672991037368774 
91.0, 0.9703372716903687 
92.0, 0.973578155040741 
93.0, 0.9768200516700745 
94.0, 0.9800609350204468 
95.0, 0.983658492565155 
96.0, 0.9877766370773315 
97.0, 0.9900856018066406 
98.0, 0.9923935532569885 
99.0, 0.9947025179862976 
100.0, 0.5007962902243664 
