Time(Seconds), Inputs 
0.0, 0.17738813161849976 
1.0, 0.2558628022670746 
2.0, 0.29743292927742004 
3.0, 0.3305421769618988 
4.0, 0.3604135513305664 
5.0, 0.38838130235671997 
6.0, 0.40980273485183716 
7.0, 0.4336085915565491 
8.0, 0.45542147755622864 
9.0, 0.47703662514686584 
10.0, 0.4929797351360321 
11.0, 0.5106377005577087 
12.0, 0.5284227728843689 
13.0, 0.5449808835983276 
14.0, 0.56153804063797 
15.0, 0.5751930475234985 
16.0, 0.5885112881660461 
17.0, 0.601790726184845 
18.0, 0.6145188212394714 
19.0, 0.6270183324813843 
20.0, 0.6395168900489807 
21.0, 0.6492087841033936 
22.0, 0.6592652201652527 
23.0, 0.6693207025527954 
24.0, 0.6793761849403381 
25.0, 0.6894316673278809 
26.0, 0.6988810896873474 
27.0, 0.7073111534118652 
28.0, 0.7156309485435486 
29.0, 0.7239507436752319 
30.0, 0.7322705388069153 
31.0, 0.7388268113136292 
32.0, 0.7450164556503296 
33.0, 0.7511475086212158 
34.0, 0.757278561592102 
35.0, 0.7634096145629883 
36.0, 0.7695406675338745 
37.0, 0.7765340805053711 
38.0, 0.7812076807022095 
39.0, 0.7858812212944031 
40.0, 0.7905547618865967 
41.0, 0.7952283024787903 
42.0, 0.79988694190979 
43.0, 0.8045048713684082 
44.0, 0.8091227412223816 
45.0, 0.8137406706809998 
46.0, 0.8183516263961792 
47.0, 0.8201498985290527 
48.0, 0.8248224854469299 
49.0, 0.8294950127601624 
50.0, 0.8341675400733948 
51.0, 0.838840126991272 
52.0, 0.843511700630188 
53.0, 0.8472165465354919 
54.0, 0.8507634401321411 
55.0, 0.8543103337287903 
56.0, 0.8578562140464783 
57.0, 0.861331582069397 
58.0, 0.8646767735481262 
59.0, 0.8681749701499939 
60.0, 0.8716722130775452 
61.0, 0.8751704096794128 
62.0, 0.8786675930023193 
63.0, 0.8821687698364258 
64.0, 0.8856759071350098 
65.0, 0.8891820907592773 
66.0, 0.8926882147789001 
67.0, 0.8961943984031677 
68.0, 0.899726390838623 
69.0, 0.9033358693122864 
70.0, 0.9060402512550354 
71.0, 0.9087277054786682 
72.0, 0.9114152193069458 
73.0, 0.9141146540641785 
74.0, 0.9173346757888794 
75.0, 0.9205536842346191 
76.0, 0.9237726926803589 
77.0, 0.9269927144050598 
78.0, 0.9302117228507996 
79.0, 0.9333651661872864 
80.0, 0.9365047216415405 
81.0, 0.9396442770957947 
82.0, 0.9427847862243652 
83.0, 0.9459243416786194 
84.0, 0.9462541937828064 
85.0, 0.9491592645645142 
86.0, 0.9520643353462219 
87.0, 0.9549694061279297 
88.0, 0.9578744769096375 
89.0, 0.9607895016670227 
90.0, 0.9637184143066406 
91.0, 0.9666473269462585 
92.0, 0.9695762395858765 
93.0, 0.9725051522254944 
94.0, 0.9755304455757141 
95.0, 0.9788955450057983 
96.0, 0.982261598110199 
97.0, 0.9856276512145996 
98.0, 0.9888755083084106 
99.0, 0.9914973974227905 
100.0, 0.4048944170261328 
