Time(Seconds), Inputs 
0.0, 0.05468268692493439 
1.0, 0.24006474018096924 
2.0, 0.28540629148483276 
3.0, 0.3243882954120636 
4.0, 0.357515424489975 
5.0, 0.3881855905056 
6.0, 0.4166938364505768 
7.0, 0.44317427277565 
8.0, 0.46551868319511414 
9.0, 0.4879385828971863 
10.0, 0.5087141990661621 
11.0, 0.5294520854949951 
12.0, 0.5471060276031494 
13.0, 0.5648603439331055 
14.0, 0.5814641714096069 
15.0, 0.5970078706741333 
16.0, 0.6126430034637451 
17.0, 0.6250312924385071 
18.0, 0.6365860104560852 
19.0, 0.6485182642936707 
20.0, 0.6611728072166443 
21.0, 0.6710861921310425 
22.0, 0.6809995770454407 
23.0, 0.6904907822608948 
24.0, 0.6993023753166199 
25.0, 0.7069564461708069 
26.0, 0.7143791317939758 
27.0, 0.7220282554626465 
28.0, 0.7298364043235779 
29.0, 0.7376455068588257 
30.0, 0.7450224161148071 
31.0, 0.7501132488250732 
32.0, 0.7549090385437012 
33.0, 0.7597037553787231 
34.0, 0.7645134329795837 
35.0, 0.7712634205818176 
36.0, 0.7780134677886963 
37.0, 0.7847634553909302 
38.0, 0.7896277904510498 
39.0, 0.7936297059059143 
40.0, 0.79763263463974 
41.0, 0.8016345500946045 
42.0, 0.80581134557724 
43.0, 0.8102156519889832 
44.0, 0.8146209120750427 
45.0, 0.8190252184867859 
46.0, 0.8240762948989868 
47.0, 0.8294811248779297 
48.0, 0.8324458003044128 
49.0, 0.8353160619735718 
50.0, 0.8384734988212585 
51.0, 0.8416805863380432 
52.0, 0.8448886871337891 
53.0, 0.8481226563453674 
54.0, 0.851725161075592 
55.0, 0.8553267121315002 
56.0, 0.8589282035827637 
57.0, 0.8628069758415222 
58.0, 0.8674030303955078 
59.0, 0.8720000386238098 
60.0, 0.8751117587089539 
61.0, 0.8780506253242493 
62.0, 0.8808553218841553 
63.0, 0.883660078048706 
64.0, 0.8864647746086121 
65.0, 0.8895477056503296 
66.0, 0.8927518129348755 
67.0, 0.8959559798240662 
68.0, 0.8991600871086121 
69.0, 0.9023592472076416 
70.0, 0.90555739402771 
71.0, 0.9087555408477783 
72.0, 0.9120729565620422 
73.0, 0.9157916903495789 
74.0, 0.9187524318695068 
75.0, 0.9217141270637512 
76.0, 0.9247522950172424 
77.0, 0.9279524683952332 
78.0, 0.9311516284942627 
79.0, 0.9343517422676086 
80.0, 0.9375559091567993 
81.0, 0.9407640099525452 
82.0, 0.9439720511436462 
83.0, 0.9471811652183533 
84.0, 0.9508552551269531 
85.0, 0.9546842575073242 
86.0, 0.9578824639320374 
87.0, 0.9600274562835693 
88.0, 0.96280437707901 
89.0, 0.9656060934066772 
90.0, 0.9684088230133057 
91.0, 0.9713487029075623 
92.0, 0.9749472141265869 
93.0, 0.9785457849502563 
94.0, 0.9821443557739258 
95.0, 0.9855929017066956 
96.0, 0.9887979626655579 
97.0, 0.9920021295547485 
98.0, 0.9952072501182556 
99.0, 0.9995429515838623 
100.0, 0.5562598205579141 
