Time(Seconds), Inputs 
0.0, 0.12297668308019638 
1.0, 0.2853615880012512 
2.0, 0.32243600487709045 
3.0, 0.3538046181201935 
4.0, 0.3798677921295166 
5.0, 0.4035594165325165 
6.0, 0.42491525411605835 
7.0, 0.44379425048828125 
8.0, 0.46315905451774597 
9.0, 0.48198041319847107 
10.0, 0.49916544556617737 
11.0, 0.5163494944572449 
12.0, 0.5314351916313171 
13.0, 0.5459257364273071 
14.0, 0.5605862140655518 
15.0, 0.5738587379455566 
16.0, 0.5869057178497314 
17.0, 0.5999537110328674 
18.0, 0.6119068264961243 
19.0, 0.6231654286384583 
20.0, 0.6347072720527649 
21.0, 0.6474819779396057 
22.0, 0.6573367714881897 
23.0, 0.6671915650367737 
24.0, 0.6770463585853577 
25.0, 0.6869011521339417 
26.0, 0.6956382393836975 
27.0, 0.7040583491325378 
28.0, 0.7126007080078125 
29.0, 0.7211440205574036 
30.0, 0.7296863794326782 
31.0, 0.737786591053009 
32.0, 0.7456851005554199 
33.0, 0.7535826563835144 
34.0, 0.760851263999939 
35.0, 0.7681199312210083 
36.0, 0.7752663493156433 
37.0, 0.7810218334197998 
38.0, 0.7867773771286011 
39.0, 0.7925328612327576 
40.0, 0.7983837127685547 
41.0, 0.8043806552886963 
42.0, 0.8103775978088379 
43.0, 0.8163735270500183 
44.0, 0.8210570216178894 
45.0, 0.8255149722099304 
46.0, 0.8299729228019714 
47.0, 0.8347219228744507 
48.0, 0.8395465016365051 
49.0, 0.8443720936775208 
50.0, 0.8491966128349304 
51.0, 0.854022204875946 
52.0, 0.8588467836380005 
53.0, 0.8605148792266846 
54.0, 0.8646548986434937 
55.0, 0.8687939643859863 
56.0, 0.8729339838027954 
57.0, 0.8770729899406433 
58.0, 0.8812130093574524 
59.0, 0.8853530287742615 
60.0, 0.8893817663192749 
61.0, 0.8933389782905579 
62.0, 0.8972961902618408 
63.0, 0.9012534618377686 
64.0, 0.903842568397522 
65.0, 0.9060352444648743 
66.0, 0.9082369208335876 
67.0, 0.9112115502357483 
68.0, 0.9141861796379089 
69.0, 0.9171608090400696 
70.0, 0.9201353788375854 
71.0, 0.9231100082397461 
72.0, 0.9260846376419067 
73.0, 0.9292241930961609 
74.0, 0.9326289892196655 
75.0, 0.9360328316688538 
76.0, 0.9394376277923584 
77.0, 0.9428414702415466 
78.0, 0.9450202584266663 
79.0, 0.9459104537963867 
80.0, 0.947905421257019 
81.0, 0.9502034783363342 
82.0, 0.9525014758110046 
83.0, 0.9547985196113586 
84.0, 0.9570965766906738 
85.0, 0.9593945741653442 
86.0, 0.9618217945098877 
87.0, 0.9648132920265198 
88.0, 0.9678047895431519 
89.0, 0.9707962870597839 
90.0, 0.973787784576416 
91.0, 0.9767792820930481 
92.0, 0.979770839214325 
93.0, 0.9821870923042297 
94.0, 0.9842178225517273 
95.0, 0.9862496256828308 
96.0, 0.9883211255073547 
97.0, 0.9904174208641052 
98.0, 0.9925137758255005 
99.0, 0.9946110844612122 
100.0, 0.31942948147454214 
