Time(Seconds), Inputs 
0.0, 0.28833022713661194 
1.0, 0.33996081352233887 
2.0, 0.3667701184749603 
3.0, 0.3898388147354126 
4.0, 0.4107167720794678 
5.0, 0.42777860164642334 
6.0, 0.4436144232749939 
7.0, 0.45926544070243835 
8.0, 0.47260352969169617 
9.0, 0.485941618680954 
10.0, 0.4992797076702118 
11.0, 0.510773777961731 
12.0, 0.5220364332199097 
13.0, 0.5332990288734436 
14.0, 0.5443530082702637 
15.0, 0.5538203120231628 
16.0, 0.5632965564727783 
17.0, 0.5730132460594177 
18.0, 0.582728922367096 
19.0, 0.5918435454368591 
20.0, 0.6004335880279541 
21.0, 0.6090226173400879 
22.0, 0.6176126599311829 
23.0, 0.6262016892433167 
24.0, 0.6344677805900574 
25.0, 0.6425074338912964 
26.0, 0.6505460143089294 
27.0, 0.6585856676101685 
28.0, 0.6666252613067627 
29.0, 0.6747424006462097 
30.0, 0.6830422878265381 
31.0, 0.690025806427002 
32.0, 0.697009265422821 
33.0, 0.7039927840232849 
34.0, 0.7109763026237488 
35.0, 0.7177441716194153 
36.0, 0.7238563299179077 
37.0, 0.7299675345420837 
38.0, 0.7360796928405762 
39.0, 0.7421908974647522 
40.0, 0.7483030557632446 
41.0, 0.7544142603874207 
42.0, 0.7604101896286011 
43.0, 0.7640891671180725 
44.0, 0.7687667012214661 
45.0, 0.7749623656272888 
46.0, 0.7811579704284668 
47.0, 0.7873535752296448 
48.0, 0.7935492396354675 
49.0, 0.7997448444366455 
50.0, 0.8053891062736511 
51.0, 0.8105236291885376 
52.0, 0.8156581521034241 
53.0, 0.8207927346229553 
54.0, 0.8259272575378418 
55.0, 0.8310617804527283 
56.0, 0.8361963629722595 
57.0, 0.8413298726081848 
58.0, 0.8444883227348328 
59.0, 0.8472363948822021 
60.0, 0.8512005805969238 
61.0, 0.8551637530326843 
62.0, 0.859127938747406 
63.0, 0.8630911111831665 
64.0, 0.8670552968978882 
65.0, 0.8710184693336487 
66.0, 0.8749825954437256 
67.0, 0.8789457678794861 
68.0, 0.8829099535942078 
69.0, 0.8868731260299683 
70.0, 0.8905362486839294 
71.0, 0.8941209316253662 
72.0, 0.8978426456451416 
73.0, 0.9016289710998535 
74.0, 0.9054152965545654 
75.0, 0.9092026352882385 
76.0, 0.9129889607429504 
77.0, 0.9167762994766235 
78.0, 0.9205626249313354 
79.0, 0.9243489503860474 
80.0, 0.9281362891197205 
81.0, 0.9318480491638184 
82.0, 0.9343547224998474 
83.0, 0.9368624091148376 
84.0, 0.9393700361251831 
85.0, 0.9418777227401733 
86.0, 0.9448215365409851 
87.0, 0.9478597640991211 
88.0, 0.9508979320526123 
89.0, 0.9539361596107483 
90.0, 0.9569743275642395 
91.0, 0.9600125551223755 
92.0, 0.9630507826805115 
93.0, 0.9660889506340027 
94.0, 0.9691271781921387 
95.0, 0.9721653461456299 
96.0, 0.9752035737037659 
97.0, 0.97749263048172 
98.0, 0.9796327352523804 
99.0, 0.9817737340927124 
100.0, 0.15226176231375538 
