Time(Seconds), Inputs 
0.0, 0.0404951348900795 
1.0, 0.26259690523147583 
2.0, 0.30188095569610596 
3.0, 0.33501702547073364 
4.0, 0.36441248655319214 
5.0, 0.38895756006240845 
6.0, 0.4127465486526489 
7.0, 0.4345117211341858 
8.0, 0.4566206634044647 
9.0, 0.47540923953056335 
10.0, 0.49416401982307434 
11.0, 0.5114116668701172 
12.0, 0.5286592841148376 
13.0, 0.5438681840896606 
14.0, 0.5600904226303101 
15.0, 0.5763117671012878 
16.0, 0.5904029607772827 
17.0, 0.6040768623352051 
18.0, 0.6175897717475891 
19.0, 0.6288643479347229 
20.0, 0.6404389142990112 
21.0, 0.6520144939422607 
22.0, 0.6635900735855103 
23.0, 0.6730186343193054 
24.0, 0.6830869913101196 
25.0, 0.6935657262802124 
26.0, 0.7040444612503052 
27.0, 0.7126106023788452 
28.0, 0.7205131649971008 
29.0, 0.7285984754562378 
30.0, 0.7372639775276184 
31.0, 0.7459285259246826 
32.0, 0.7533292770385742 
33.0, 0.7599104046821594 
34.0, 0.7664915323257446 
35.0, 0.7730379104614258 
36.0, 0.7795772552490234 
37.0, 0.7861166596412659 
38.0, 0.7924364805221558 
39.0, 0.7970086932182312 
40.0, 0.8019226789474487 
41.0, 0.8072559237480164 
42.0, 0.812589168548584 
43.0, 0.8179224133491516 
44.0, 0.8232556581497192 
45.0, 0.8285551071166992 
46.0, 0.8327518105506897 
47.0, 0.8367418050765991 
48.0, 0.8405837416648865 
49.0, 0.8444247245788574 
50.0, 0.8482657074928284 
51.0, 0.852179229259491 
52.0, 0.8561364412307739 
53.0, 0.8600936532020569 
54.0, 0.8640508651733398 
55.0, 0.8680080771446228 
56.0, 0.8720924258232117 
57.0, 0.8765811920166016 
58.0, 0.8797515630722046 
59.0, 0.8827460408210754 
60.0, 0.8857405185699463 
61.0, 0.8887349963188171 
62.0, 0.8920563459396362 
63.0, 0.8954512476921082 
64.0, 0.8988451361656189 
65.0, 0.9022390246391296 
66.0, 0.9056329131126404 
67.0, 0.9089463353157043 
68.0, 0.9121573567390442 
69.0, 0.9153684377670288 
70.0, 0.9185795187950134 
71.0, 0.9215223789215088 
72.0, 0.9243102073669434 
73.0, 0.9265615344047546 
74.0, 0.9288128614425659 
75.0, 0.931063175201416 
76.0, 0.9333145022392273 
77.0, 0.9355658292770386 
78.0, 0.9385126233100891 
79.0, 0.9418936371803284 
80.0, 0.945275604724884 
81.0, 0.9486575722694397 
82.0, 0.9520395398139954 
83.0, 0.955428421497345 
84.0, 0.9588421583175659 
85.0, 0.9622559547424316 
86.0, 0.9637124538421631 
87.0, 0.9651500582695007 
88.0, 0.966586709022522 
89.0, 0.9693785309791565 
90.0, 0.9724793434143066 
91.0, 0.9755791425704956 
92.0, 0.978679895401001 
93.0, 0.9817796945571899 
94.0, 0.9846410751342773 
95.0, 0.9871675968170166 
96.0, 0.989695131778717 
97.0, 0.9922217130661011 
98.0, 0.9947491884231567 
99.0, 0.9972757697105408 
100.0, 0.3901694352300938 
